2.883652648925781250e+02
2.887322998046875000e+02
2.885765380859375000e+02
2.887329406738281250e+02
2.885759887695312500e+02
2.881547546386718750e+02
2.884703979492187500e+02
2.885222778320312500e+02
2.882591857910156250e+02
2.886787719726562500e+02
2.884697875976562500e+02
2.881535644531250000e+02
2.886806945800781250e+02
2.882070007324218750e+02
2.883658752441406250e+02
2.887838745117187500e+02
2.887316589355468750e+02
2.883112792968750000e+02
2.885746765136718750e+02
2.884172058105468750e+02
2.884172058105468750e+02
2.874073181152343750e+02
2.884172058105468750e+02
2.874078979492187500e+02
2.883125305175781250e+02
2.882070007324218750e+02
2.885753479003906250e+02
2.885759887695312500e+02
2.879958496093750000e+02
2.884710388183593750e+02
2.885759887695312500e+02
2.886813049316406250e+02
2.885765380859375000e+02
2.882604064941406250e+02
2.882064208984375000e+02
2.879421691894531250e+02
2.880488586425781250e+02
2.882031555175781250e+02
2.876727600097656250e+02
2.870275573730468750e+02
2.876205444335937500e+02
2.871362915039062500e+02
2.876193847656250000e+02
2.872429809570312500e+02
2.878858947753906250e+02
2.876193847656250000e+02
2.871896667480468750e+02
2.875122680664062500e+02
2.870827941894531250e+02
2.880457458496093750e+02
2.871368713378906250e+02
2.878333435058593750e+02
2.879927368164062500e+02
2.876727600097656250e+02
2.880993652343750000e+02
2.882057800292968750e+02
2.879409790039062500e+02
2.880470581054687500e+02
2.880476684570312500e+02
2.874604797363281250e+02
2.871368713378906250e+02
2.880457458496093750e+02
2.880993652343750000e+02
2.883619995117187500e+02
2.880457458496093750e+02
2.882044677734375000e+02
2.882057800292968750e+02
2.881529541015625000e+02
2.882057800292968750e+02
2.881529541015625000e+02
2.881529541015625000e+02
2.882051696777343750e+02
2.880470581054687500e+02
2.880987243652343750e+02
2.880457458496093750e+02
2.879402770996093750e+02
2.879396362304687500e+02
2.882051696777343750e+02
2.884159240722656250e+02
2.882579650878906250e+02
2.878884277343750000e+02
2.880476684570312500e+02
2.885734252929687500e+02
2.882044677734375000e+02
2.880464172363281250e+02
2.882057800292968750e+02
2.883633117675781250e+02
2.877279968261718750e+02
2.883633117675781250e+02
2.879421691894531250e+02
2.880476684570312500e+02
2.884172058105468750e+02
2.883112792968750000e+02
2.881012573242187500e+02
2.881535644531250000e+02
2.883125305175781250e+02
2.884691162109375000e+02
2.879402770996093750e+02
2.883106384277343750e+02
2.883652648925781250e+02
2.882064208984375000e+02
2.885222778320312500e+02
2.885222778320312500e+02
2.884697875976562500e+02
2.885228881835937500e+02
2.884697875976562500e+02
2.878346557617187500e+02
2.884697875976562500e+02
2.883652648925781250e+02
2.886270751953125000e+02
2.883640136718750000e+02
2.884703979492187500e+02
2.883664245605468750e+02
2.886800842285156250e+02
2.884166259765625000e+02
2.886800842285156250e+02
2.882076416015625000e+02
2.884703979492187500e+02
2.879952697753906250e+02
2.886800842285156250e+02
2.885746765136718750e+02
2.885746765136718750e+02
2.886270751953125000e+02
2.880476684570312500e+02
2.883112792968750000e+02
2.884166259765625000e+02
2.884697875976562500e+02
2.882057800292968750e+02
2.876211547851562500e+02
2.884172058105468750e+02
2.884697875976562500e+02
2.884697875976562500e+02
2.886794433593750000e+02
2.886800842285156250e+02
2.886813049316406250e+02
2.883131713867187500e+02
2.885228881835937500e+02
2.884184265136718750e+02
2.886283569335937500e+02
2.879433593750000000e+02
2.885765380859375000e+02
2.882070007324218750e+02
2.879952697753906250e+02
2.885746765136718750e+02
2.877825622558593750e+02
2.874073181152343750e+02
2.886800842285156250e+02
2.883125305175781250e+02
2.876774291992187500e+02
2.877836608886718750e+02
2.884710388183593750e+02
2.884710388183593750e+02
2.885241394042968750e+02
2.880494689941406250e+02
2.885759887695312500e+02
2.885753479003906250e+02
2.888366394042968750e+02
2.887329406738281250e+02
2.885228881835937500e+02
2.886264343261718750e+02
2.886277160644531250e+02
2.883645935058593750e+02
2.885209655761718750e+02
2.887322998046875000e+02
2.886270751953125000e+02
2.886794433593750000e+02
2.884697875976562500e+02
2.884691162109375000e+02
2.884172058105468750e+02
2.885753479003906250e+02
2.878889770507812500e+02
2.885746765136718750e+02
2.876217956542968750e+02
2.876752014160156250e+02
2.877819213867187500e+02
2.885228881835937500e+02
2.881012573242187500e+02
2.876223144531250000e+02
2.877291870117187500e+02
2.883652648925781250e+02
2.878351440429687500e+02
2.887844848632812500e+02
2.886800842285156250e+02
2.889414367675781250e+02
2.887335815429687500e+02
2.884710388183593750e+02
2.887844848632812500e+02
2.885759887695312500e+02
2.889927368164062500e+02
2.885241394042968750e+02
2.886813049316406250e+02
2.886289672851562500e+02
2.885759887695312500e+02
2.889420776367187500e+02
2.880488586425781250e+02
2.880476684570312500e+02
2.883125305175781250e+02
2.885228881835937500e+02
2.876223144531250000e+02
2.884190673828125000e+02
2.881024475097656250e+02
2.875152587890625000e+02
2.883131713867187500e+02
2.883119201660156250e+02
2.884172058105468750e+02
2.887844848632812500e+02
2.888373107910156250e+02
2.886270751953125000e+02
2.884184265136718750e+02
2.884697875976562500e+02
2.879940185546875000e+02
2.875682373046875000e+02
2.871919860839843750e+02
2.874067382812500000e+02
2.875140991210937500e+02
2.881541748046875000e+02
2.884172058105468750e+02
2.884159240722656250e+02
2.883106384277343750e+02
2.881516418457031250e+02
2.883099975585937500e+02
2.880470581054687500e+02
2.883645935058593750e+02
2.877825622558593750e+02
2.883112792968750000e+02
2.884152526855468750e+02
2.871368713378906250e+02
2.874061889648437500e+02
2.876745910644531250e+02
2.878346557617187500e+02
2.877807006835937500e+02
2.871374511718750000e+02
2.868665771484375000e+02
2.875134887695312500e+02
2.867578125000000000e+02
2.872453308105468750e+02
2.869745178222656250e+02
2.867032775878906250e+02
2.872986450195312500e+02
2.870286560058593750e+02
2.878877868652343750e+02
2.877819213867187500e+02
2.873530273437500000e+02
2.869208679199218750e+02
2.870834045410156250e+02
2.875128784179687500e+02
2.882038269042968750e+02
2.872441711425781250e+02
2.871362915039062500e+02
2.874055480957031250e+02
2.874061889648437500e+02
2.879927368164062500e+02
2.882057800292968750e+02
2.882057800292968750e+02
2.881006469726562500e+02
2.880482788085937500e+02
2.884166259765625000e+02
2.882064208984375000e+02
2.880476684570312500e+02
2.878872070312500000e+02
2.877807006835937500e+02
2.876217956542968750e+02
2.871374511718750000e+02
2.879409790039062500e+02
2.881529541015625000e+02
2.881529541015625000e+02
2.882057800292968750e+02
2.884684753417968750e+02
2.879415283203125000e+02
2.882051696777343750e+02
2.881541748046875000e+02
2.882051696777343750e+02
2.882051696777343750e+02
2.882572631835937500e+02
2.883086547851562500e+02
2.882057800292968750e+02
2.884684753417968750e+02
2.882057800292968750e+02
2.881535644531250000e+02
2.883645935058593750e+02
2.882579650878906250e+02
2.882064208984375000e+02
2.883119201660156250e+02
2.885235290527343750e+02
2.885235290527343750e+02
2.884716186523437500e+02
2.882604064941406250e+02
2.885753479003906250e+02
2.885759887695312500e+02
2.884703979492187500e+02
2.885235290527343750e+02
2.884172058105468750e+02
2.874067382812500000e+02
2.885222778320312500e+02
2.883106384277343750e+02
2.883099975585937500e+02
2.883627014160156250e+02
2.883633117675781250e+02
2.884166259765625000e+02
2.884678649902343750e+02
2.885727539062500000e+02
2.883099975585937500e+02
2.885209655761718750e+02
2.882579650878906250e+02
2.885734252929687500e+02
2.885209655761718750e+02
2.884691162109375000e+02
2.883633117675781250e+02
2.885202941894531250e+02
2.884691162109375000e+02
2.885216369628906250e+02
2.884172058105468750e+02
2.881535644531250000e+02
2.882076416015625000e+02
2.871390686035156250e+02
2.876217956542968750e+02
2.883640136718750000e+02
2.883112792968750000e+02
2.881529541015625000e+02
2.885209655761718750e+02
2.883633117675781250e+02
2.884691162109375000e+02
2.884691162109375000e+02
2.882579650878906250e+02
2.882051696777343750e+02
2.884166259765625000e+02
2.878872070312500000e+02
2.880993652343750000e+02
2.884159240722656250e+02
2.882057800292968750e+02
2.882591857910156250e+02
2.884172058105468750e+02
2.882064208984375000e+02
2.882591857910156250e+02
2.875140991210937500e+02
2.876745910644531250e+02
2.880476684570312500e+02
2.883119201660156250e+02
2.882057800292968750e+02
2.880987243652343750e+02
2.885734252929687500e+02
2.883627014160156250e+02
2.882044677734375000e+02
2.883633117675781250e+02
2.883112792968750000e+02
2.882591857910156250e+02
2.885228881835937500e+02
2.884703979492187500e+02
2.876757812500000000e+02
2.884697875976562500e+02
2.884691162109375000e+02
2.886787719726562500e+02
2.885740661621093750e+02
2.884691162109375000e+02
2.883125305175781250e+02
2.884178771972656250e+02
2.882586059570312500e+02
2.885222778320312500e+02
2.887316589355468750e+02
2.882064208984375000e+02
2.882057800292968750e+02
2.884166259765625000e+02
2.886257934570312500e+02
2.882051696777343750e+02
2.885740661621093750e+02
2.885222778320312500e+02
2.884172058105468750e+02
2.882591857910156250e+02
2.880482788085937500e+02
2.885216369628906250e+02
2.886257934570312500e+02
2.885734252929687500e+02
2.884684753417968750e+02
2.886767272949218750e+02
2.882051696777343750e+02
2.879940185546875000e+02
2.873536071777343750e+02
2.885740661621093750e+02
2.880470581054687500e+02
2.882057800292968750e+02
2.884691162109375000e+02
2.883125305175781250e+02
2.880476684570312500e+02
2.884684753417968750e+02
2.883112792968750000e+02
2.883125305175781250e+02
2.884703979492187500e+02
2.882076416015625000e+02
2.887316589355468750e+02
2.885222778320312500e+02
2.882586059570312500e+02
2.887310485839843750e+02
2.883125305175781250e+02
2.884691162109375000e+02
2.872453308105468750e+02
2.884697875976562500e+02
2.884691162109375000e+02
2.876745910644531250e+02
2.885222778320312500e+02
2.884703979492187500e+02
2.883125305175781250e+02
2.871374511718750000e+02
2.882586059570312500e+02
2.877286376953125000e+02
2.876757812500000000e+02
2.872447814941406250e+02
2.869739990234375000e+02
2.875128784179687500e+02
2.881000366210937500e+02
2.884697875976562500e+02
2.877819213867187500e+02
2.884684753417968750e+02
2.884166259765625000e+02
2.870827941894531250e+02
2.875676879882812500e+02
2.878884277343750000e+02
2.877286376953125000e+02
2.883633117675781250e+02
2.882051696777343750e+02
2.881535644531250000e+02
2.882057800292968750e+02
2.886270751953125000e+02
2.883645935058593750e+02
2.884691162109375000e+02
2.885727539062500000e+02
2.884691162109375000e+02
2.882057800292968750e+02
2.886781005859375000e+02
2.882572631835937500e+02
2.883633117675781250e+02
2.884159240722656250e+02
2.884159240722656250e+02
2.879409790039062500e+02
2.884152526855468750e+02
2.871902465820312500e+02
2.883112792968750000e+02
2.884684753417968750e+02
2.878333435058593750e+02
2.885202941894531250e+02
2.883627014160156250e+02
2.876739807128906250e+02
2.876205444335937500e+02
2.879934082031250000e+02
2.882044677734375000e+02
2.870281372070312500e+02
2.876734008789062500e+02
2.876727600097656250e+02
2.880457458496093750e+02
2.879402770996093750e+02
2.879402770996093750e+02
2.876739807128906250e+02
2.870286560058593750e+02
2.872447814941406250e+02
2.868660278320312500e+02
2.869203186035156250e+02
2.878872070312500000e+02
2.872974548339843750e+02
2.871356811523437500e+02
2.872435607910156250e+02
2.874043273925781250e+02
2.879390258789062500e+02
2.880987243652343750e+02
2.874049377441406250e+02
2.879383850097656250e+02
2.878858947753906250e+02
2.882038269042968750e+02
2.871902465820312500e+02
2.873518066406250000e+02
2.876199645996093750e+02
2.872435607910156250e+02
2.871356811523437500e+02
2.874586486816406250e+02
2.876199645996093750e+02
2.874586486816406250e+02
2.879390258789062500e+02
2.873512268066406250e+02
2.879396362304687500e+02
2.879934082031250000e+02
2.881522827148437500e+02
2.876734008789062500e+02
2.880444946289062500e+02
2.877781372070312500e+02
2.876721496582031250e+02
2.877788085937500000e+02
2.871356811523437500e+02
2.872429809570312500e+02
2.869191894531250000e+02
2.874586486816406250e+02
2.871351013183593750e+02
2.879390258789062500e+02
2.875128784179687500e+02
2.876199645996093750e+02
2.874604797363281250e+02
2.878872070312500000e+02
2.882038269042968750e+02
2.882044677734375000e+02
2.879402770996093750e+02
2.882572631835937500e+02
2.882044677734375000e+02
2.880987243652343750e+02
2.880993652343750000e+02
2.879396362304687500e+02
2.882044677734375000e+02
2.882038269042968750e+02
2.882038269042968750e+02
2.880981140136718750e+02
2.883093566894531250e+02
2.884132080078125000e+02
2.881496582031250000e+02
2.879390258789062500e+02
2.881510009765625000e+02
2.883106384277343750e+02
2.883106384277343750e+02
2.879934082031250000e+02
2.876734008789062500e+02
2.879402770996093750e+02
2.886257934570312500e+02
2.884678649902343750e+02
2.884678649902343750e+02
2.883640136718750000e+02
2.884691162109375000e+02
2.884166259765625000e+02
2.882591857910156250e+02
2.880476684570312500e+02
2.885216369628906250e+02
2.884159240722656250e+02
2.884691162109375000e+02
2.881510009765625000e+02
2.883099975585937500e+02
2.876205444335937500e+02
2.886251220703125000e+02
2.884146118164062500e+02
2.885209655761718750e+02
2.882070007324218750e+02
2.882598266601562500e+02
2.886787719726562500e+02
2.884684753417968750e+02
2.885209655761718750e+02
2.885727539062500000e+02
2.876739807128906250e+02
2.877279968261718750e+02
2.876739807128906250e+02
2.876199645996093750e+02
2.885209655761718750e+02
2.887832031250000000e+02
2.885740661621093750e+02
2.877286376953125000e+02
2.877813110351562500e+02
2.877279968261718750e+02
2.885209655761718750e+02
2.877813110351562500e+02
2.885734252929687500e+02
2.871914062500000000e+02
2.875140991210937500e+02
2.879402770996093750e+02
2.874067382812500000e+02
2.882070007324218750e+02
2.874621582031250000e+02
2.884178771972656250e+02
2.883645935058593750e+02
2.875152587890625000e+02
2.879415283203125000e+02
2.875152587890625000e+02
2.874615783691406250e+02
2.881535644531250000e+02
2.876217956542968750e+02
2.881535644531250000e+02
2.876223144531250000e+02
2.883119201660156250e+02
2.875146484375000000e+02
2.884697875976562500e+02
2.881535644531250000e+02
2.876757812500000000e+02
2.883125305175781250e+02
2.876229248046875000e+02
2.875146484375000000e+02
2.882064208984375000e+02
2.876217956542968750e+02
2.881535644531250000e+02
2.876757812500000000e+02
2.882064208984375000e+02
2.871368713378906250e+02
2.883099975585937500e+02
2.878340148925781250e+02
2.884684753417968750e+02
2.885734252929687500e+02
2.877813110351562500e+02
2.882579650878906250e+02
2.878872070312500000e+02
2.878340148925781250e+02
2.884691162109375000e+02
2.878884277343750000e+02
2.877813110351562500e+02
2.876223144531250000e+02
2.871379699707031250e+02
2.876752014160156250e+02
2.882057800292968750e+02
2.879409790039062500e+02
2.871374511718750000e+02
2.872992248535156250e+02
2.871914062500000000e+02
2.884159240722656250e+02
2.878877868652343750e+02
2.884166259765625000e+02
2.879409790039062500e+02
2.885740661621093750e+02
2.879946594238281250e+02
2.879415283203125000e+02
2.871374511718750000e+02
2.877813110351562500e+02
2.884159240722656250e+02
2.877813110351562500e+02
2.881529541015625000e+02
2.879946594238281250e+02
2.883640136718750000e+02
2.880470581054687500e+02
2.878877868652343750e+02
2.878346557617187500e+02
2.870286560058593750e+02
2.877807006835937500e+02
2.885209655761718750e+02
2.881522827148437500e+02
2.876745910644531250e+02
2.886787719726562500e+02
2.879415283203125000e+02
2.885222778320312500e+02
2.879946594238281250e+02
2.887832031250000000e+02
2.880476684570312500e+02
2.886264343261718750e+02
2.879421691894531250e+02
2.884172058105468750e+02
2.879421691894531250e+02
2.886264343261718750e+02
2.888346862792968750e+02
2.879934082031250000e+02
2.887303466796875000e+02
2.881535644531250000e+02
2.889914245605468750e+02
2.879415283203125000e+02
2.885222778320312500e+02
2.879952697753906250e+02
2.882591857910156250e+02
2.877819213867187500e+02
2.885222778320312500e+02
2.879946594238281250e+02
2.880476684570312500e+02
2.879421691894531250e+02
2.879415283203125000e+02
2.879415283203125000e+02
2.871379699707031250e+02
2.875146484375000000e+02
2.869745178222656250e+02
2.877279968261718750e+02
2.872447814941406250e+02
2.873523864746093750e+02
2.878346557617187500e+02
2.878872070312500000e+02
2.877819213867187500e+02
2.877807006835937500e+02
2.871914062500000000e+02
2.875670471191406250e+02
2.879402770996093750e+02
2.883106384277343750e+02
2.871914062500000000e+02
2.886264343261718750e+02
2.877819213867187500e+02
2.885222778320312500e+02
2.877819213867187500e+02
2.884697875976562500e+02
2.879421691894531250e+02
2.876217956542968750e+02
2.871925659179687500e+02
2.885228881835937500e+02
2.879427490234375000e+02
2.886794433593750000e+02
2.878889770507812500e+02
2.885746765136718750e+02
2.880482788085937500e+02
2.883119201660156250e+02
2.881535644531250000e+02
2.869197692871093750e+02
2.879415283203125000e+02
2.883645935058593750e+02
2.878351440429687500e+02
2.880476684570312500e+02
2.876757812500000000e+02
2.885740661621093750e+02
2.869750976562500000e+02
2.879946594238281250e+02
2.879421691894531250e+02
2.879946594238281250e+02
2.874078979492187500e+02
2.871374511718750000e+02
2.879421691894531250e+02
2.879415283203125000e+02
2.875140991210937500e+02
2.879409790039062500e+02
2.880482788085937500e+02
2.878889770507812500e+02
2.886794433593750000e+02
2.884172058105468750e+02
2.881541748046875000e+02
2.871374511718750000e+02
2.883112792968750000e+02
2.879409790039062500e+02
2.877819213867187500e+02
2.882057800292968750e+02
2.878357543945312500e+02
2.871919860839843750e+02
2.878351440429687500e+02
2.876757812500000000e+02
2.881547546386718750e+02
2.878363647460937500e+02
2.881012573242187500e+02
2.871374511718750000e+02
2.882064208984375000e+02
2.883645935058593750e+02
2.883106384277343750e+02
2.877813110351562500e+02
2.885222778320312500e+02
2.884697875976562500e+02
2.886787719726562500e+02
2.885734252929687500e+02
2.870827941894531250e+02
2.878346557617187500e+02
2.882051696777343750e+02
2.882051696777343750e+02
2.880457458496093750e+02
2.885727539062500000e+02
2.884159240722656250e+02
2.879402770996093750e+02
2.877807006835937500e+02
2.877807006835937500e+02
2.880470581054687500e+02
2.880476684570312500e+02
2.884172058105468750e+02
2.884684753417968750e+02
2.879409790039062500e+02
2.883112792968750000e+02
2.882057800292968750e+02
2.886270751953125000e+02
2.887310485839843750e+02
2.879940185546875000e+02
2.885209655761718750e+02
2.875670471191406250e+02
2.872992248535156250e+02
2.878346557617187500e+02
2.879934082031250000e+02
2.874586486816406250e+02
2.882044677734375000e+02
2.878872070312500000e+02
2.880464172363281250e+02
2.871368713378906250e+02
2.875140991210937500e+02
2.874067382812500000e+02
2.876734008789062500e+02
2.880993652343750000e+02
2.882051696777343750e+02
2.873523864746093750e+02
2.876727600097656250e+02
2.868105163574218750e+02
2.876727600097656250e+02
2.871902465820312500e+02
2.877794494628906250e+02
2.876193847656250000e+02
2.881510009765625000e+02
2.879383850097656250e+02
2.883079528808593750e+02
2.870804138183593750e+02
2.869721374511718750e+02
2.875116271972656250e+02
2.878320617675781250e+02
2.872974548339843750e+02
2.879376831054687500e+02
2.874049377441406250e+02
2.879921569824218750e+02
2.877261657714843750e+02
2.877794494628906250e+02
2.879921569824218750e+02
2.869727478027343750e+02
2.871344299316406250e+02
2.877788085937500000e+02
2.876193847656250000e+02
2.879390258789062500e+02
2.882038269042968750e+02
2.882031555175781250e+02
2.878852539062500000e+02
2.876721496582031250e+02
2.875670471191406250e+02
2.878327026367187500e+02
2.877794494628906250e+02
2.876734008789062500e+02
2.871896667480468750e+02
2.880451354980468750e+02
2.879921569824218750e+02
2.876721496582031250e+02
2.880444946289062500e+02
2.882552490234375000e+02
2.880444946289062500e+02
2.876186828613281250e+02
2.870269165039062500e+02
2.870275573730468750e+02
2.880980834960937500e+02
2.869191589355468750e+02
2.879383850097656250e+02
2.879383850097656250e+02
2.869733581542968750e+02
2.874055786132812500e+02
2.874049682617187500e+02
2.881510009765625000e+02
2.873512573242187500e+02
2.875135192871093750e+02
2.878339843750000000e+02
2.872447204589843750e+02
2.880987548828125000e+02
