2.903654285569995182e+02
2.901220098836943180e+02
2.903269063999433683e+02
2.902006402486795764e+02
2.903974012904815254e+02
2.900544142717038767e+02
2.903724039234259635e+02
2.903857414457293658e+02
2.903417643452759762e+02
2.904729271452766852e+02
2.904081729773806160e+02
2.902142104256313928e+02
2.902802404841286830e+02
2.902139934930008280e+02
2.903988127975692350e+02
2.901098674423667489e+02
2.901805860904746055e+02
2.905745684863398992e+02
2.903499402428456051e+02
2.904157674653640129e+02
2.904157674653640129e+02
2.887104991389336419e+02
2.904157674653640129e+02
2.883512823033955215e+02
2.903335767579269486e+02
2.902139934930008280e+02
2.903104335666465090e+02
2.903974012904815254e+02
2.896341875753687987e+02
2.904415387403194018e+02
2.903974012904815254e+02
2.902391853083644264e+02
2.903269063999433683e+02
2.902664557616266734e+02
2.902851329815865711e+02
2.896719001739768373e+02
2.897834962584792606e+02
2.892760400412232116e+02
2.890884103816861739e+02
2.879030295088822982e+02
2.894282864465253624e+02
2.884647108206575012e+02
2.890286009707909329e+02
2.880359523387737113e+02
2.893339611871792840e+02
2.890286009707909329e+02
2.883415632734261180e+02
2.889022044969306648e+02
2.882563547838316822e+02
2.899818824581535637e+02
2.884224133241470440e+02
2.896266918762080991e+02
2.898915730417942882e+02
2.890884103816861739e+02
2.903373713662460887e+02
2.904620160571085421e+02
2.899879685289043323e+02
2.901989427102873265e+02
2.900373235747256899e+02
2.890572625566297802e+02
2.884224133241470440e+02
2.899818824581535637e+02
2.903373713662460887e+02
2.898372273130127041e+02
2.899818824581535637e+02
2.902296719767018089e+02
2.904620160571085421e+02
2.903848214513978974e+02
2.904620160571085421e+02
2.903848214513978974e+02
2.903848214513978974e+02
2.905162667809014465e+02
2.901989427102873265e+02
2.900699052984508057e+02
2.899818824581535637e+02
2.900220111008811728e+02
2.898011309229361814e+02
2.905162667809014465e+02
2.907140428602369866e+02
2.905885773823600857e+02
2.897206483472006653e+02
2.900373235747256899e+02
2.906859013484325942e+02
2.902296719767018089e+02
2.902358415426682541e+02
2.904620160571085421e+02
2.906887856396289180e+02
2.895621185170840590e+02
2.906887856396289180e+02
2.896719001739768373e+02
2.900373235747256899e+02
2.904157674653640129e+02
2.905745684863398992e+02
2.900291911972191770e+02
2.902142104256313928e+02
2.903335767579269486e+02
2.906227067474297314e+02
2.900220111008811728e+02
2.906466114866850603e+02
2.903654285569995182e+02
2.902851329815865711e+02
2.903857414457293658e+02
2.903857414457293658e+02
2.904081729773806160e+02
2.903492492352667114e+02
2.904081729773806160e+02
2.897713416241305140e+02
2.904081729773806160e+02
2.903654285569995182e+02
2.903025296533870119e+02
2.906072114118627496e+02
2.903724039234259635e+02
2.902385508937644545e+02
2.901944395945607198e+02
2.906232345977529121e+02
2.901944395945607198e+02
2.901693026188576141e+02
2.903724039234259635e+02
2.897979204586093829e+02
2.901944395945607198e+02
2.903499402428456051e+02
2.903499402428456051e+02
2.903025296533870119e+02
2.900373235747256899e+02
2.905745684863398992e+02
2.906232345977529121e+02
2.904081729773806160e+02
2.904620160571085421e+02
2.893624949564463691e+02
2.904157674653640129e+02
2.904081729773806160e+02
2.904081729773806160e+02
2.902454286652877045e+02
2.901944395945607198e+02
2.902391853083644264e+02
2.903435110107248533e+02
2.903492492352667114e+02
2.904315009662561238e+02
2.903467537863999155e+02
2.891953117312152131e+02
2.903269063999433683e+02
2.902139934930008280e+02
2.897979204586093829e+02
2.903499402428456051e+02
2.892820120038308005e+02
2.887104991389336419e+02
2.901944395945607198e+02
2.903335767579269486e+02
2.883780908473594877e+02
2.887389127985044297e+02
2.904415387403194018e+02
2.904415387403194018e+02
2.903395857129020783e+02
2.895101597886545051e+02
2.903974012904815254e+02
2.903104335666465090e+02
2.899599705871476090e+02
2.902006402486795764e+02
2.903492492352667114e+02
2.905298374181541021e+02
2.902580529236425946e+02
2.904074776077790148e+02
2.907123196077031366e+02
2.901220098836943180e+02
2.903025296533870119e+02
2.902454286652877045e+02
2.904081729773806160e+02
2.906227067474297314e+02
2.904157674653640129e+02
2.903104335666465090e+02
2.895425508812532485e+02
2.903499402428456051e+02
2.891786386638118529e+02
2.892857630334915484e+02
2.895012368681020689e+02
2.903492492352667114e+02
2.900291911972191770e+02
2.888980580347724754e+02
2.891531683006145954e+02
2.903654285569995182e+02
2.896106764788062264e+02
2.900431243801332357e+02
2.901944395945607198e+02
2.898079872451496044e+02
2.901686990994942903e+02
2.904415387403194018e+02
2.900431243801332357e+02
2.903974012904815254e+02
2.897025482071533133e+02
2.903395857129020783e+02
2.902391853083644264e+02
2.902927615691751271e+02
2.903974012904815254e+02
2.897763772336714396e+02
2.897834962584792606e+02
2.900373235747256899e+02
2.903335767579269486e+02
2.903492492352667114e+02
2.888980580347724754e+02
2.902956656617594149e+02
2.896627655006871009e+02
2.886369144741688046e+02
2.903435110107248533e+02
2.903827830616171468e+02
2.904157674653640129e+02
2.900431243801332357e+02
2.900137221520544699e+02
2.903025296533870119e+02
2.904315009662561238e+02
2.904081729773806160e+02
2.900952961804013057e+02
2.890699394624722913e+02
2.880674848010846176e+02
2.889444864443220240e+02
2.891627583039501133e+02
2.901287339387228599e+02
2.904157674653640129e+02
2.907140428602369866e+02
2.906466114866850603e+02
2.901532978997134933e+02
2.903524155915036999e+02
2.901989427102873265e+02
2.904074776077790148e+02
2.892820120038308005e+02
2.905745684863398992e+02
2.904230600914937668e+02
2.884224133241470440e+02
2.890633885786601240e+02
2.894614514453256788e+02
2.897713416241305140e+02
2.897082626257356424e+02
2.882016251675449894e+02
2.872080440067650215e+02
2.892516312383865511e+02
2.868386064807093589e+02
2.885393222572555487e+02
2.878939771011858966e+02
2.866805986651251033e+02
2.888433393796823907e+02
2.880793738319459862e+02
2.898793306048590921e+02
2.895012368681020689e+02
2.888218851962484450e+02
2.874089630324444897e+02
2.880138685599106907e+02
2.891797904615766583e+02
2.897123951083142401e+02
2.887262564471320729e+02
2.884647108206575012e+02
2.890245624883682467e+02
2.890633885786601240e+02
2.898915730417942882e+02
2.904620160571085421e+02
2.904620160571085421e+02
2.901308527861027642e+02
2.899179712238907314e+02
2.906232345977529121e+02
2.902851329815865711e+02
2.900373235747256899e+02
2.899146460660189746e+02
2.897082626257356424e+02
2.891786386638118529e+02
2.882016251675449894e+02
2.899879685289043323e+02
2.903848214513978974e+02
2.903848214513978974e+02
2.904620160571085421e+02
2.907218766723228214e+02
2.898297810547558697e+02
2.905162667809014465e+02
2.901287339387228599e+02
2.905162667809014465e+02
2.905162667809014465e+02
2.902967348360179471e+02
2.893295475915309112e+02
2.904620160571085421e+02
2.907218766723228214e+02
2.904620160571085421e+02
2.902142104256313928e+02
2.904074776077790148e+02
2.905885773823600857e+02
2.902851329815865711e+02
2.903827830616171468e+02
2.904296826372901137e+02
2.904296826372901137e+02
2.903293937160560745e+02
2.902664557616266734e+02
2.903104335666465090e+02
2.903974012904815254e+02
2.903724039234259635e+02
2.904296826372901137e+02
2.904157674653640129e+02
2.889444864443220240e+02
2.903857414457293658e+02
2.906466114866850603e+02
2.903524155915036999e+02
2.903949701652004478e+02
2.906887856396289180e+02
2.906232345977529121e+02
2.904358025415928637e+02
2.904140906794100374e+02
2.903524155915036999e+02
2.907123196077031366e+02
2.905885773823600857e+02
2.906859013484325942e+02
2.907123196077031366e+02
2.906227067474297314e+02
2.906887856396289180e+02
2.904327913222575717e+02
2.906227067474297314e+02
2.906062187782545720e+02
2.904157674653640129e+02
2.902142104256313928e+02
2.901693026188576141e+02
2.870238105096198638e+02
2.891786386638118529e+02
2.906072114118627496e+02
2.905745684863398992e+02
2.903848214513978974e+02
2.907123196077031366e+02
2.906887856396289180e+02
2.906227067474297314e+02
2.906227067474297314e+02
2.905885773823600857e+02
2.905162667809014465e+02
2.906232345977529121e+02
2.899146460660189746e+02
2.903373713662460887e+02
2.907140428602369866e+02
2.904620160571085421e+02
2.903417643452759762e+02
2.904157674653640129e+02
2.902851329815865711e+02
2.903417643452759762e+02
2.891627583039501133e+02
2.894614514453256788e+02
2.900373235747256899e+02
2.903827830616171468e+02
2.904620160571085421e+02
2.900699052984508057e+02
2.906859013484325942e+02
2.903949701652004478e+02
2.902296719767018089e+02
2.906887856396289180e+02
2.905745684863398992e+02
2.903417643452759762e+02
2.903492492352667114e+02
2.903724039234259635e+02
2.890254802784384083e+02
2.904081729773806160e+02
2.906227067474297314e+02
2.904729271452766852e+02
2.905748038998612515e+02
2.906227067474297314e+02
2.903335767579269486e+02
2.903781903362996673e+02
2.905258086121981478e+02
2.903857414457293658e+02
2.901805860904746055e+02
2.902851329815865711e+02
2.904620160571085421e+02
2.906232345977529121e+02
2.906435834214675538e+02
2.905162667809014465e+02
2.905748038998612515e+02
2.903857414457293658e+02
2.904157674653640129e+02
2.903417643452759762e+02
2.899179712238907314e+02
2.906062187782545720e+02
2.906435834214675538e+02
2.906859013484325942e+02
2.907218766723228214e+02
2.897994475714265263e+02
2.905162667809014465e+02
2.900952961804013057e+02
2.885709409035754334e+02
2.905748038998612515e+02
2.901989427102873265e+02
2.904620160571085421e+02
2.906227067474297314e+02
2.903335767579269486e+02
2.900373235747256899e+02
2.907218766723228214e+02
2.905745684863398992e+02
2.903335767579269486e+02
2.903724039234259635e+02
2.901693026188576141e+02
2.901805860904746055e+02
2.903857414457293658e+02
2.905258086121981478e+02
2.904058046982192991e+02
2.903335767579269486e+02
2.906227067474297314e+02
2.885393222572555487e+02
2.904081729773806160e+02
2.906227067474297314e+02
2.894614514453256788e+02
2.903857414457293658e+02
2.903724039234259635e+02
2.903335767579269486e+02
2.882016251675449894e+02
2.905258086121981478e+02
2.893929808400833963e+02
2.890254802784384083e+02
2.887161568347997331e+02
2.879765002990112635e+02
2.891797904615766583e+02
2.902963196007329998e+02
2.904081729773806160e+02
2.895012368681020689e+02
2.907218766723228214e+02
2.906232345977529121e+02
2.882563547838316822e+02
2.892636537135221033e+02
2.897206483472006653e+02
2.893929808400833963e+02
2.906887856396289180e+02
2.905162667809014465e+02
2.902142104256313928e+02
2.904620160571085421e+02
2.903025296533870119e+02
2.904074776077790148e+02
2.906227067474297314e+02
2.904140906794100374e+02
2.906227067474297314e+02
2.904620160571085421e+02
2.905866782576460992e+02
2.902967348360179471e+02
2.906887856396289180e+02
2.907140428602369866e+02
2.907140428602369866e+02
2.899879685289043323e+02
2.904230600914937668e+02
2.886022934680308367e+02
2.905745684863398992e+02
2.907218766723228214e+02
2.896266918762080991e+02
2.904327913222575717e+02
2.903949701652004478e+02
2.895180967232773810e+02
2.894282864465253624e+02
2.901298517283891556e+02
2.902296719767018089e+02
2.881504376829326475e+02
2.893930995205757313e+02
2.890884103816861739e+02
2.899818824581535637e+02
2.900220111008811728e+02
2.900220111008811728e+02
2.895180967232773810e+02
2.880793738319459862e+02
2.887161568347997331e+02
2.875116038515610057e+02
2.877034322633746228e+02
2.899146460660189746e+02
2.885714616754247572e+02
2.882075362773978782e+02
2.884627905539153971e+02
2.883657702680622492e+02
2.893990954118615377e+02
2.900699052984508057e+02
2.887546821670048871e+02
2.890554079024767020e+02
2.893339611871792840e+02
2.897123951083142401e+02
2.886022934680308367e+02
2.889359526119706061e+02
2.893216467508263463e+02
2.884627905539153971e+02
2.882075362773978782e+02
2.888320320246015740e+02
2.893216467508263463e+02
2.888320320246015740e+02
2.893990954118615377e+02
2.886683503794047851e+02
2.898011309229361814e+02
2.901298517283891556e+02
2.904317274065954280e+02
2.893930995205757313e+02
2.891550045757568910e+02
2.887441150667769989e+02
2.887616672844420691e+02
2.888869513528904918e+02
2.882075362773978782e+02
2.880359523387737113e+02
2.875590550658436655e+02
2.888320320246015740e+02
2.877693189789337680e+02
2.893990954118615377e+02
2.891797904615766583e+02
2.893216467508263463e+02
2.890572625566297802e+02
2.899146460660189746e+02
2.897123951083142401e+02
2.902296719767018089e+02
2.900220111008811728e+02
2.902967348360179471e+02
2.902296719767018089e+02
2.900699052984508057e+02
2.903373713662460887e+02
2.898011309229361814e+02
2.902296719767018089e+02
2.897123951083142401e+02
2.897123951083142401e+02
2.895949559588667626e+02
2.898044418901274071e+02
2.890853408759008403e+02
2.890598225434155779e+02
2.893990954118615377e+02
2.896560412455127107e+02
2.906466114866850603e+02
2.906466114866850603e+02
2.901298517283891556e+02
2.893930995205757313e+02
2.900220111008811728e+02
2.906435834214675538e+02
2.904358025415928637e+02
2.904358025415928637e+02
2.906072114118627496e+02
2.906227067474297314e+02
2.906232345977529121e+02
2.903417643452759762e+02
2.900373235747256899e+02
2.906062187782545720e+02
2.907140428602369866e+02
2.906227067474297314e+02
2.896560412455127107e+02
2.903524155915036999e+02
2.894282864465253624e+02
2.903802054050565857e+02
2.898596227884754057e+02
2.907123196077031366e+02
2.902139934930008280e+02
2.902828009563278329e+02
2.904729271452766852e+02
2.907218766723228214e+02
2.907123196077031366e+02
2.904140906794100374e+02
2.895180967232773810e+02
2.895621185170840590e+02
2.895180967232773810e+02
2.893216467508263463e+02
2.907123196077031366e+02
2.903302264535417976e+02
2.905748038998612515e+02
2.893929808400833963e+02
2.896653803254746435e+02
2.895621185170840590e+02
2.907123196077031366e+02
2.896653803254746435e+02
2.906859013484325942e+02
2.883772829642857687e+02
2.891627583039501133e+02
2.900220111008811728e+02
2.889444864443220240e+02
2.902139934930008280e+02
2.881310052829503547e+02
2.903781903362996673e+02
2.904074776077790148e+02
2.886369144741688046e+02
2.898297810547558697e+02
2.886369144741688046e+02
2.884984501456061707e+02
2.902142104256313928e+02
2.891786386638118529e+02
2.902142104256313928e+02
2.888980580347724754e+02
2.903827830616171468e+02
2.889574257821417973e+02
2.904081729773806160e+02
2.902142104256313928e+02
2.890254802784384083e+02
2.903335767579269486e+02
2.885737647552191447e+02
2.889574257821417973e+02
2.902851329815865711e+02
2.891786386638118529e+02
2.902142104256313928e+02
2.890254802784384083e+02
2.902851329815865711e+02
2.884224133241470440e+02
2.903524155915036999e+02
2.898096338855612544e+02
2.907218766723228214e+02
2.906859013484325942e+02
2.896653803254746435e+02
2.905885773823600857e+02
2.899146460660189746e+02
2.898096338855612544e+02
2.906227067474297314e+02
2.897206483472006653e+02
2.896653803254746435e+02
2.888980580347724754e+02
2.878709796388661744e+02
2.892857630334915484e+02
2.904620160571085421e+02
2.899879685289043323e+02
2.882016251675449894e+02
2.886873221987115130e+02
2.883772829642857687e+02
2.907140428602369866e+02
2.898793306048590921e+02
2.906232345977529121e+02
2.899879685289043323e+02
2.905748038998612515e+02
2.899361221976478760e+02
2.898297810547558697e+02
2.882016251675449894e+02
2.896653803254746435e+02
2.907140428602369866e+02
2.896653803254746435e+02
2.903848214513978974e+02
2.899361221976478760e+02
2.906072114118627496e+02
2.901989427102873265e+02
2.898793306048590921e+02
2.897713416241305140e+02
2.880793738319459862e+02
2.897082626257356424e+02
2.907123196077031366e+02
2.904317274065954280e+02
2.894614514453256788e+02
2.904729271452766852e+02
2.898297810547558697e+02
2.903857414457293658e+02
2.899361221976478760e+02
2.903302264535417976e+02
2.900373235747256899e+02
2.905298374181541021e+02
2.896719001739768373e+02
2.904157674653640129e+02
2.896719001739768373e+02
2.905298374181541021e+02
2.903449673129163671e+02
2.901298517283891556e+02
2.905167605028731828e+02
2.902142104256313928e+02
2.899752936554411349e+02
2.898297810547558697e+02
2.903857414457293658e+02
2.897979204586093829e+02
2.903417643452759762e+02
2.895012368681020689e+02
2.903857414457293658e+02
2.899361221976478760e+02
2.900373235747256899e+02
2.896719001739768373e+02
2.898297810547558697e+02
2.898297810547558697e+02
2.878709796388661744e+02
2.889574257821417973e+02
2.878939771011858966e+02
2.895621185170840590e+02
2.887161568347997331e+02
2.889585038235468915e+02
2.897713416241305140e+02
2.899146460660189746e+02
2.895012368681020689e+02
2.897082626257356424e+02
2.883772829642857687e+02
2.893401592580691499e+02
2.900220111008811728e+02
2.906466114866850603e+02
2.883772829642857687e+02
2.905298374181541021e+02
2.895012368681020689e+02
2.903857414457293658e+02
2.895012368681020689e+02
2.904081729773806160e+02
2.896719001739768373e+02
2.891786386638118529e+02
2.876385403507267711e+02
2.903492492352667114e+02
2.894801095703651299e+02
2.902454286652877045e+02
2.895425508812532485e+02
2.903499402428456051e+02
2.899179712238907314e+02
2.903827830616171468e+02
2.902142104256313928e+02
2.877943584417479883e+02
2.898297810547558697e+02
2.904074776077790148e+02
2.896106764788062264e+02
2.900373235747256899e+02
2.890254802784384083e+02
2.905748038998612515e+02
2.876135069302274587e+02
2.899361221976478760e+02
2.896719001739768373e+02
2.899361221976478760e+02
2.883512823033955215e+02
2.882016251675449894e+02
2.896719001739768373e+02
2.898297810547558697e+02
2.891627583039501133e+02
2.899879685289043323e+02
2.899179712238907314e+02
2.895425508812532485e+02
2.902454286652877045e+02
2.904157674653640129e+02
2.901287339387228599e+02
2.882016251675449894e+02
2.905745684863398992e+02
2.899879685289043323e+02
2.895012368681020689e+02
2.904620160571085421e+02
2.894120682167552445e+02
2.880674848010846176e+02
2.896106764788062264e+02
2.890254802784384083e+02
2.900544142717038767e+02
2.891689471398383375e+02
2.900291911972191770e+02
2.882016251675449894e+02
2.902851329815865711e+02
2.904074776077790148e+02
2.906466114866850603e+02
2.896653803254746435e+02
2.903857414457293658e+02
2.904081729773806160e+02
2.904729271452766852e+02
2.906859013484325942e+02
2.882563547838316822e+02
2.897713416241305140e+02
2.905162667809014465e+02
2.905162667809014465e+02
2.899818824581535637e+02
2.904140906794100374e+02
2.907140428602369866e+02
2.900220111008811728e+02
2.897082626257356424e+02
2.897082626257356424e+02
2.901989427102873265e+02
2.900373235747256899e+02
2.904157674653640129e+02
2.907218766723228214e+02
2.899879685289043323e+02
2.905745684863398992e+02
2.904620160571085421e+02
2.903025296533870119e+02
2.904058046982192991e+02
2.900952961804013057e+02
2.907123196077031366e+02
2.893401592580691499e+02
2.886873221987115130e+02
2.897713416241305140e+02
2.901298517283891556e+02
2.888320320246015740e+02
2.902296719767018089e+02
2.899146460660189746e+02
2.902358415426682541e+02
2.884224133241470440e+02
2.891627583039501133e+02
2.889444864443220240e+02
2.893930995205757313e+02
2.903373713662460887e+02
2.905162667809014465e+02
2.889585038235468915e+02
2.890884103816861739e+02
2.871939082178544140e+02
2.890884103816861739e+02
2.886022934680308367e+02
2.892083886858688970e+02
2.890286009707909329e+02
2.896560412455127107e+02
2.890554079024767020e+02
2.890947099905199593e+02
2.873483959497897331e+02
2.870680974001746222e+02
2.885429116110415180e+02
2.889454464573261134e+02
2.885714616754247572e+02
2.889186490132316294e+02
2.887546821670048871e+02
2.894650476070424361e+02
2.891479771365839611e+02
2.892083886858688970e+02
2.894650476070424361e+02
2.873100407013881750e+02
2.874866980494658719e+02
2.888869513528904918e+02
2.890286009707909329e+02
2.893990954118615377e+02
2.897123951083142401e+02
2.892760400412232116e+02
2.890015929221741544e+02
2.887616672844420691e+02
2.893401592580691499e+02
2.892703120478729488e+02
2.892083886858688970e+02
2.893930995205757313e+02
2.883415632734261180e+02
2.895307790654663336e+02
2.894650476070424361e+02
2.887616672844420691e+02
2.891550045757568910e+02
2.890897978805399475e+02
2.891550045757568910e+02
2.886937028617593342e+02
2.874693808887724913e+02
2.879030295088822982e+02
2.895949559588667626e+02
2.875590550658436655e+02
2.890554079024767020e+02
2.890554079024767020e+02
2.877350095070446514e+02
2.890245624883682467e+02
2.887546821670048871e+02
2.896560412455127107e+02
2.886683503794047851e+02
2.892516312383865511e+02
2.898096338855612544e+02
2.887161568347997331e+02
2.900699052984508057e+02
