2.898168325043698701e+02
2.905293483696269732e+02
2.901577266636644481e+02
2.901051650784598905e+02
2.897081161253964297e+02
2.895573866710314519e+02
2.898358472413464710e+02
2.907425527741596625e+02
2.899196462001364694e+02
2.886657239039346905e+02
2.904843522770896698e+02
2.897171388309506028e+02
2.894398898513205722e+02
2.899764008103069273e+02
2.899718282610476194e+02
2.903075974010733376e+02
2.899943649542736921e+02
2.904197051473188935e+02
2.897372241606859689e+02
2.903612987959214138e+02
2.903612987959214138e+02
2.885170147230330713e+02
2.903612987959214138e+02
2.886499826072907240e+02
2.897820711810757075e+02
2.899764008103069273e+02
2.896969862444894943e+02
2.897081161253964297e+02
2.896395107679632588e+02
2.897874521136517956e+02
2.897081161253964297e+02
2.901973295019828925e+02
2.901577266636644481e+02
2.899953845036285998e+02
2.894428352304435634e+02
2.893599837733704589e+02
2.896077970706330689e+02
2.896576857229365487e+02
2.879654148565346645e+02
2.867396757096564670e+02
2.887700608972537566e+02
2.878732156845300096e+02
2.893850655437815931e+02
2.879333346347953011e+02
2.894914691718325912e+02
2.893850655437815931e+02
2.873174004078093162e+02
2.887832437213307912e+02
2.882643071648342925e+02
2.899032341816579219e+02
2.881297065164773699e+02
2.896391306463097521e+02
2.894820352776396817e+02
2.879654148565346645e+02
2.903161329112510884e+02
2.898463857336539036e+02
2.891136915288057594e+02
2.902680620206236313e+02
2.901677329321243519e+02
2.887898217111431336e+02
2.881297065164773699e+02
2.899032341816579219e+02
2.903161329112510884e+02
2.904452812161908923e+02
2.899032341816579219e+02
2.888319083876221498e+02
2.898463857336539036e+02
2.896599540385963678e+02
2.898463857336539036e+02
2.896599540385963678e+02
2.896599540385963678e+02
2.903264666984887299e+02
2.902680620206236313e+02
2.896795109727177078e+02
2.899032341816579219e+02
2.900218119799424130e+02
2.901953480709545374e+02
2.903264666984887299e+02
2.923597350521674230e+02
2.900723153115561104e+02
2.890043663172100423e+02
2.901677329321243519e+02
2.920203671886711163e+02
2.888319083876221498e+02
2.902467024821013979e+02
2.898463857336539036e+02
2.917679214130907326e+02
2.893944280241817637e+02
2.917679214130907326e+02
2.893599837733704589e+02
2.901677329321243519e+02
2.903612987959214138e+02
2.904197051473188935e+02
2.900266450175425348e+02
2.897171388309506028e+02
2.897820711810757075e+02
2.908265216716841337e+02
2.900218119799424130e+02
2.901098228351563648e+02
2.898168325043698701e+02
2.894428352304435634e+02
2.907425527741596625e+02
2.907425527741596625e+02
2.904843522770896698e+02
2.899434485988876986e+02
2.904843522770896698e+02
2.895079200997806765e+02
2.904843522770896698e+02
2.898168325043698701e+02
2.898874128988082930e+02
2.906160802755685495e+02
2.898358472413464710e+02
2.900567367461165418e+02
2.902959486770670310e+02
2.905578542158265236e+02
2.902959486770670310e+02
2.892556875844408637e+02
2.898358472413464710e+02
2.893210710532521261e+02
2.902959486770670310e+02
2.897372241606859689e+02
2.897372241606859689e+02
2.898874128988082930e+02
2.901677329321243519e+02
2.904197051473188935e+02
2.905578542158265236e+02
2.904843522770896698e+02
2.898463857336539036e+02
2.890733452234335346e+02
2.903612987959214138e+02
2.904843522770896698e+02
2.904843522770896698e+02
2.895523052634543433e+02
2.902959486770670310e+02
2.901973295019828925e+02
2.902592684386934820e+02
2.899434485988876986e+02
2.900201184078632650e+02
2.894848531643532397e+02
2.887111643209058798e+02
2.901577266636644481e+02
2.899764008103069273e+02
2.893210710532521261e+02
2.897372241606859689e+02
2.889825988059162114e+02
2.885170147230330713e+02
2.902959486770670310e+02
2.897820711810757075e+02
2.888284033285963233e+02
2.875799228229371352e+02
2.897874521136517956e+02
2.897874521136517956e+02
2.903027325577684792e+02
2.900759213989190926e+02
2.897081161253964297e+02
2.896969862444894943e+02
2.913462964705640275e+02
2.901051650784598905e+02
2.899434485988876986e+02
2.898572541171578223e+02
2.900519117514658092e+02
2.903860030667283922e+02
2.920573470050639457e+02
2.905293483696269732e+02
2.898874128988082930e+02
2.895523052634543433e+02
2.904843522770896698e+02
2.908265216716841337e+02
2.903612987959214138e+02
2.896969862444894943e+02
2.891497858248356465e+02
2.897372241606859689e+02
2.888204385432540562e+02
2.889777837997524443e+02
2.897974475158364385e+02
2.899434485988876986e+02
2.900266450175425348e+02
2.884003892439006336e+02
2.888000161922082611e+02
2.898168325043698701e+02
2.887779017279603977e+02
2.907931104341653850e+02
2.902959486770670310e+02
2.908086765787747368e+02
2.906314750126627473e+02
2.897874521136517956e+02
2.907931104341653850e+02
2.897081161253964297e+02
2.913462964705640275e+02
2.903027325577684792e+02
2.901973295019828925e+02
2.903028097525770477e+02
2.897081161253964297e+02
2.909642692568326652e+02
2.896077970706330689e+02
2.901677329321243519e+02
2.897820711810757075e+02
2.899434485988876986e+02
2.884003892439006336e+02
2.902459163024331588e+02
2.899838203089212811e+02
2.876480684365363345e+02
2.902592684386934820e+02
2.902548588587882819e+02
2.903612987959214138e+02
2.907931104341653850e+02
2.908086765787747368e+02
2.898874128988082930e+02
2.900201184078632650e+02
2.904843522770896698e+02
2.897562933724670984e+02
2.889978724028367765e+02
2.867165788651939806e+02
2.889939322880767349e+02
2.886926650177227884e+02
2.897445531626939328e+02
2.903612987959214138e+02
2.923597350521674230e+02
2.901098228351563648e+02
2.883973895054222680e+02
2.891026840978420296e+02
2.902680620206236313e+02
2.903860030667283922e+02
2.889825988059162114e+02
2.904197051473188935e+02
2.903194804709067967e+02
2.881297065164773699e+02
2.887401538293623275e+02
2.894775042051881542e+02
2.895079200997806765e+02
2.898390771243117001e+02
2.878780227840729822e+02
2.865044079954653853e+02
2.884719887909779459e+02
2.862849118768170911e+02
2.880985245784170843e+02
2.873569363415714406e+02
2.862910557233533382e+02
2.888178337782339895e+02
2.869703361226573293e+02
2.898641300231981859e+02
2.897974475158364385e+02
2.887764076990958415e+02
2.869549172539159372e+02
2.879531369933966971e+02
2.888616936643090867e+02
2.896257262244844242e+02
2.879490854677081870e+02
2.878732156845300096e+02
2.885854741681586120e+02
2.887401538293623275e+02
2.894820352776396817e+02
2.898463857336539036e+02
2.898463857336539036e+02
2.896041837211485017e+02
2.897699578278199510e+02
2.905578542158265236e+02
2.894428352304435634e+02
2.901677329321243519e+02
2.897015905396120843e+02
2.898390771243117001e+02
2.888204385432540562e+02
2.878780227840729822e+02
2.891136915288057594e+02
2.896599540385963678e+02
2.896599540385963678e+02
2.898463857336539036e+02
2.921513487629159158e+02
2.893224955086805608e+02
2.903264666984887299e+02
2.897445531626939328e+02
2.903264666984887299e+02
2.903264666984887299e+02
2.891143246170302632e+02
2.897172972802493973e+02
2.898463857336539036e+02
2.921513487629159158e+02
2.898463857336539036e+02
2.897171388309506028e+02
2.903860030667283922e+02
2.900723153115561104e+02
2.894428352304435634e+02
2.902548588587882819e+02
2.898987232047895759e+02
2.898987232047895759e+02
2.902555827233435366e+02
2.899953845036285998e+02
2.896969862444894943e+02
2.897081161253964297e+02
2.898358472413464710e+02
2.898987232047895759e+02
2.903612987959214138e+02
2.889939322880767349e+02
2.907425527741596625e+02
2.901098228351563648e+02
2.891026840978420296e+02
2.899484913051922490e+02
2.917679214130907326e+02
2.905578542158265236e+02
2.905803230857531503e+02
2.905414139792056858e+02
2.891026840978420296e+02
2.920573470050639457e+02
2.900723153115561104e+02
2.920203671886711163e+02
2.920573470050639457e+02
2.908265216716841337e+02
2.917679214130907326e+02
2.905489989977628511e+02
2.908265216716841337e+02
2.908181153534156920e+02
2.903612987959214138e+02
2.897171388309506028e+02
2.892556875844408637e+02
2.861769262027256104e+02
2.888204385432540562e+02
2.906160802755685495e+02
2.904197051473188935e+02
2.896599540385963678e+02
2.920573470050639457e+02
2.917679214130907326e+02
2.908265216716841337e+02
2.908265216716841337e+02
2.900723153115561104e+02
2.903264666984887299e+02
2.905578542158265236e+02
2.897015905396120843e+02
2.903161329112510884e+02
2.923597350521674230e+02
2.898463857336539036e+02
2.899196462001364694e+02
2.903612987959214138e+02
2.894428352304435634e+02
2.899196462001364694e+02
2.886926650177227884e+02
2.894775042051881542e+02
2.901677329321243519e+02
2.902548588587882819e+02
2.898463857336539036e+02
2.896795109727177078e+02
2.920203671886711163e+02
2.899484913051922490e+02
2.888319083876221498e+02
2.917679214130907326e+02
2.904197051473188935e+02
2.899196462001364694e+02
2.899434485988876986e+02
2.898358472413464710e+02
2.885868663640139289e+02
2.904843522770896698e+02
2.908265216716841337e+02
2.886657239039346905e+02
2.909236883224427856e+02
2.908265216716841337e+02
2.897820711810757075e+02
2.897628001372044082e+02
2.902552230407447951e+02
2.907425527741596625e+02
2.899943649542736921e+02
2.894428352304435634e+02
2.898463857336539036e+02
2.905578542158265236e+02
2.910825500915411794e+02
2.903264666984887299e+02
2.909236883224427856e+02
2.907425527741596625e+02
2.903612987959214138e+02
2.899196462001364694e+02
2.897699578278199510e+02
2.908181153534156920e+02
2.910825500915411794e+02
2.920203671886711163e+02
2.921513487629159158e+02
2.893068822664148456e+02
2.903264666984887299e+02
2.897562933724670984e+02
2.884330604662012547e+02
2.909236883224427856e+02
2.902680620206236313e+02
2.898463857336539036e+02
2.908265216716841337e+02
2.897820711810757075e+02
2.901677329321243519e+02
2.921513487629159158e+02
2.904197051473188935e+02
2.897820711810757075e+02
2.898358472413464710e+02
2.892556875844408637e+02
2.899943649542736921e+02
2.907425527741596625e+02
2.902552230407447951e+02
2.891814118827929860e+02
2.897820711810757075e+02
2.908265216716841337e+02
2.880985245784170843e+02
2.904843522770896698e+02
2.908265216716841337e+02
2.894775042051881542e+02
2.907425527741596625e+02
2.898358472413464710e+02
2.897820711810757075e+02
2.878780227840729822e+02
2.902552230407447951e+02
2.891188080103073048e+02
2.885868663640139289e+02
2.877644173905194975e+02
2.881323608004607877e+02
2.888616936643090867e+02
2.901124532814558279e+02
2.904843522770896698e+02
2.897974475158364385e+02
2.921513487629159158e+02
2.905578542158265236e+02
2.882643071648342925e+02
2.889068912498353257e+02
2.890043663172100423e+02
2.891188080103073048e+02
2.917679214130907326e+02
2.903264666984887299e+02
2.897171388309506028e+02
2.898463857336539036e+02
2.898874128988082930e+02
2.903860030667283922e+02
2.908265216716841337e+02
2.905414139792056858e+02
2.908265216716841337e+02
2.898463857336539036e+02
2.900691494911212658e+02
2.891143246170302632e+02
2.917679214130907326e+02
2.923597350521674230e+02
2.923597350521674230e+02
2.891136915288057594e+02
2.903194804709067967e+02
2.879606303141507055e+02
2.904197051473188935e+02
2.921513487629159158e+02
2.896391306463097521e+02
2.905489989977628511e+02
2.899484913051922490e+02
2.894186078103849695e+02
2.887700608972537566e+02
2.896721427776540168e+02
2.888319083876221498e+02
2.877967860159401425e+02
2.891397850881988916e+02
2.879654148565346645e+02
2.899032341816579219e+02
2.900218119799424130e+02
2.900218119799424130e+02
2.894186078103849695e+02
2.869703361226573293e+02
2.877644173905194975e+02
2.872441538871003104e+02
2.877483804207536764e+02
2.897015905396120843e+02
2.879980997979606059e+02
2.875457443459059732e+02
2.880101587061922714e+02
2.874933576143943128e+02
2.901215771464149498e+02
2.896795109727177078e+02
2.887626585171067859e+02
2.898552738880370043e+02
2.894914691718325912e+02
2.896257262244844242e+02
2.879606303141507055e+02
2.885818660853879578e+02
2.893029775448974874e+02
2.880101587061922714e+02
2.875457443459059732e+02
2.888342614706840550e+02
2.893029775448974874e+02
2.888342614706840550e+02
2.901215771464149498e+02
2.884740469730625136e+02
2.901953480709545374e+02
2.896721427776540168e+02
2.897993852770246690e+02
2.891397850881988916e+02
2.901547338366182203e+02
2.897575281047426188e+02
2.883236999592936627e+02
2.898487229196805970e+02
2.875457443459059732e+02
2.879333346347953011e+02
2.863528943225197736e+02
2.888342614706840550e+02
2.877786227615171697e+02
2.901215771464149498e+02
2.888616936643090867e+02
2.893029775448974874e+02
2.887898217111431336e+02
2.897015905396120843e+02
2.896257262244844242e+02
2.888319083876221498e+02
2.900218119799424130e+02
2.891143246170302632e+02
2.888319083876221498e+02
2.896795109727177078e+02
2.903161329112510884e+02
2.901953480709545374e+02
2.888319083876221498e+02
2.896257262244844242e+02
2.896257262244844242e+02
2.900109232983339211e+02
2.897089110031097903e+02
2.907486533639687423e+02
2.893010548171013170e+02
2.901215771464149498e+02
2.892966630948085935e+02
2.901098228351563648e+02
2.901098228351563648e+02
2.896721427776540168e+02
2.891397850881988916e+02
2.900218119799424130e+02
2.910825500915411794e+02
2.905803230857531503e+02
2.905803230857531503e+02
2.906160802755685495e+02
2.908265216716841337e+02
2.905578542158265236e+02
2.899196462001364694e+02
2.901677329321243519e+02
2.908181153534156920e+02
2.923597350521674230e+02
2.908265216716841337e+02
2.892966630948085935e+02
2.891026840978420296e+02
2.887700608972537566e+02
2.897949135230609841e+02
2.907690457831555477e+02
2.920573470050639457e+02
2.899764008103069273e+02
2.898648050459029832e+02
2.886657239039346905e+02
2.921513487629159158e+02
2.920573470050639457e+02
2.905414139792056858e+02
2.894186078103849695e+02
2.893944280241817637e+02
2.894186078103849695e+02
2.893029775448974874e+02
2.920573470050639457e+02
2.894816947140937486e+02
2.909236883224427856e+02
2.891188080103073048e+02
2.887696406367981012e+02
2.893944280241817637e+02
2.920573470050639457e+02
2.887696406367981012e+02
2.920203671886711163e+02
2.876342214844244722e+02
2.886926650177227884e+02
2.900218119799424130e+02
2.889939322880767349e+02
2.899764008103069273e+02
2.882985945192266968e+02
2.897628001372044082e+02
2.903860030667283922e+02
2.876480684365363345e+02
2.893224955086805608e+02
2.876480684365363345e+02
2.878682876557010104e+02
2.897171388309506028e+02
2.888204385432540562e+02
2.897171388309506028e+02
2.884003892439006336e+02
2.902548588587882819e+02
2.886175503669770706e+02
2.904843522770896698e+02
2.897171388309506028e+02
2.885868663640139289e+02
2.897820711810757075e+02
2.881662366047682440e+02
2.886175503669770706e+02
2.894428352304435634e+02
2.888204385432540562e+02
2.897171388309506028e+02
2.885868663640139289e+02
2.894428352304435634e+02
2.881297065164773699e+02
2.891026840978420296e+02
2.898944037021885265e+02
2.921513487629159158e+02
2.920203671886711163e+02
2.887696406367981012e+02
2.900723153115561104e+02
2.897015905396120843e+02
2.898944037021885265e+02
2.908265216716841337e+02
2.890043663172100423e+02
2.887696406367981012e+02
2.884003892439006336e+02
2.868012048685121727e+02
2.889777837997524443e+02
2.898463857336539036e+02
2.891136915288057594e+02
2.878780227840729822e+02
2.888548757990051286e+02
2.876342214844244722e+02
2.923597350521674230e+02
2.898641300231981859e+02
2.905578542158265236e+02
2.891136915288057594e+02
2.909236883224427856e+02
2.893345584136894786e+02
2.893224955086805608e+02
2.878780227840729822e+02
2.887696406367981012e+02
2.923597350521674230e+02
2.887696406367981012e+02
2.896599540385963678e+02
2.893345584136894786e+02
2.906160802755685495e+02
2.902680620206236313e+02
2.898641300231981859e+02
2.895079200997806765e+02
2.869703361226573293e+02
2.898390771243117001e+02
2.920573470050639457e+02
2.897993852770246690e+02
2.894775042051881542e+02
2.886657239039346905e+02
2.893224955086805608e+02
2.907425527741596625e+02
2.893345584136894786e+02
2.894816947140937486e+02
2.901677329321243519e+02
2.898572541171578223e+02
2.893599837733704589e+02
2.903612987959214138e+02
2.893599837733704589e+02
2.898572541171578223e+02
2.907802892497558105e+02
2.896721427776540168e+02
2.903811794948493343e+02
2.897171388309506028e+02
2.899016945875279703e+02
2.893224955086805608e+02
2.907425527741596625e+02
2.893210710532521261e+02
2.899196462001364694e+02
2.897974475158364385e+02
2.907425527741596625e+02
2.893345584136894786e+02
2.901677329321243519e+02
2.893599837733704589e+02
2.893224955086805608e+02
2.893224955086805608e+02
2.868012048685121727e+02
2.886175503669770706e+02
2.873569363415714406e+02
2.893944280241817637e+02
2.877644173905194975e+02
2.884287786646765994e+02
2.895079200997806765e+02
2.897015905396120843e+02
2.897974475158364385e+02
2.898390771243117001e+02
2.876342214844244722e+02
2.887114787486250407e+02
2.900218119799424130e+02
2.901098228351563648e+02
2.876342214844244722e+02
2.898572541171578223e+02
2.897974475158364385e+02
2.907425527741596625e+02
2.897974475158364385e+02
2.904843522770896698e+02
2.893599837733704589e+02
2.888204385432540562e+02
2.881735727832296448e+02
2.899434485988876986e+02
2.896596483267127269e+02
2.895523052634543433e+02
2.891497858248356465e+02
2.897372241606859689e+02
2.897699578278199510e+02
2.902548588587882819e+02
2.897171388309506028e+02
2.884326539091500763e+02
2.893224955086805608e+02
2.903860030667283922e+02
2.887779017279603977e+02
2.901677329321243519e+02
2.885868663640139289e+02
2.909236883224427856e+02
2.876602344931487210e+02
2.893345584136894786e+02
2.893599837733704589e+02
2.893345584136894786e+02
2.886499826072907240e+02
2.878780227840729822e+02
2.893599837733704589e+02
2.893224955086805608e+02
2.886926650177227884e+02
2.891136915288057594e+02
2.897699578278199510e+02
2.891497858248356465e+02
2.895523052634543433e+02
2.903612987959214138e+02
2.897445531626939328e+02
2.878780227840729822e+02
2.904197051473188935e+02
2.891136915288057594e+02
2.897974475158364385e+02
2.898463857336539036e+02
2.893059538900619714e+02
2.867165788651939806e+02
2.887779017279603977e+02
2.885868663640139289e+02
2.895573866710314519e+02
2.890269440622101342e+02
2.900266450175425348e+02
2.878780227840729822e+02
2.894428352304435634e+02
2.903860030667283922e+02
2.901098228351563648e+02
2.887696406367981012e+02
2.907425527741596625e+02
2.904843522770896698e+02
2.886657239039346905e+02
2.920203671886711163e+02
2.882643071648342925e+02
2.895079200997806765e+02
2.903264666984887299e+02
2.903264666984887299e+02
2.899032341816579219e+02
2.905414139792056858e+02
2.923597350521674230e+02
2.900218119799424130e+02
2.898390771243117001e+02
2.898390771243117001e+02
2.902680620206236313e+02
2.901677329321243519e+02
2.903612987959214138e+02
2.921513487629159158e+02
2.891136915288057594e+02
2.904197051473188935e+02
2.898463857336539036e+02
2.898874128988082930e+02
2.891814118827929860e+02
2.897562933724670984e+02
2.920573470050639457e+02
2.887114787486250407e+02
2.888548757990051286e+02
2.895079200997806765e+02
2.896721427776540168e+02
2.888342614706840550e+02
2.888319083876221498e+02
2.897015905396120843e+02
2.902467024821013979e+02
2.881297065164773699e+02
2.886926650177227884e+02
2.889939322880767349e+02
2.891397850881988916e+02
2.903161329112510884e+02
2.903264666984887299e+02
2.884287786646765994e+02
2.879654148565346645e+02
2.872938374180772030e+02
2.879654148565346645e+02
2.879606303141507055e+02
2.879886949842314721e+02
2.893850655437815931e+02
2.892966630948085935e+02
2.898552738880370043e+02
2.896863899602491870e+02
2.869656008514856467e+02
2.862382956289119420e+02
2.872716927148459831e+02
2.897610978368184647e+02
2.879980997979606059e+02
2.898704230844958829e+02
2.887626585171067859e+02
2.897413151166872467e+02
2.880851440614316630e+02
2.879886949842314721e+02
2.897413151166872467e+02
2.866630815138811954e+02
2.863813507399123637e+02
2.898487229196805970e+02
2.893850655437815931e+02
2.901215771464149498e+02
2.896257262244844242e+02
2.896576857229365487e+02
2.898878895703063563e+02
2.883236999592936627e+02
2.887114787486250407e+02
2.886386330366810284e+02
2.879886949842314721e+02
2.891397850881988916e+02
2.873174004078093162e+02
2.900810950382855822e+02
2.897413151166872467e+02
2.883236999592936627e+02
2.901547338366182203e+02
2.897193474543329330e+02
2.901547338366182203e+02
2.874699616565225142e+02
2.868419424720665347e+02
2.867396757096564670e+02
2.900109232983339211e+02
2.863528943225197736e+02
2.898552738880370043e+02
2.898552738880370043e+02
2.868465124884506849e+02
2.885854741681586120e+02
2.887626585171067859e+02
2.892966630948085935e+02
2.884740469730625136e+02
2.884719887909779459e+02
2.898944037021885265e+02
2.877644173905194975e+02
2.896795109727177078e+02
