291.0495
289.9078
289.7718
288.6579
291.826
287.3789
286.7538
286.8705
286.1571
287.8592
287.1891
287.1319
287.7363
286.9539
291.0315
286.0217
286.3422
288.1902
290.3709
288.2929
288.6342
287.8634
285.1172
285.3141
285.7041
287.427
286.7391
286.4677
290.4479
290.4348
290.3961
289.8601
289.9168
287.517
289.2773
290.7319
289.3758
290.1998
289.7595
289.7679
286.9405
289.3218
289.6529
286.6219
283.4565
284.0052
287.601
288.7269
284.8602
286.1161
288.7443
288.8577
288.4321
286.692
285.8999
288.9938
289.2119
289.9292
287.6886
288.9841
286.5843
287.9934
285.4422
288.638
287.0523
288.6876
288.5424
287.1106
288.2995
288.101
288.0088
288.4088
287.0957
286.2475
288.8793
289.1831
284.6764
287.4697
287.0303
289.5262
287.5012
287.4941
287.3679
286.3701
288.3514
287.1169
288.1941
287.5702
288.0259
286.5946
290.778
290.1331
287.8478
289.8646
289.5795
288.2878
287.334
288.2961
286.9797
289.4522
288.5812
287.8874
289.6579
287.3572
288.7225
288.3271
288.8083
289.4412
287.8966
289.1453
288.8853
287.17
288.2758
284.7263
285.0569
287.2537
289.3387
288.4867
288.3278
284.9625
285.7012
285.4521
288.6667
285.1416
287.4905
289.264
289.7876
289.4777
287.5315
288.0009
285.9627
287.5204
286.3416
286.8131
287.4159
288.3663
288.4099
286.8847
289.5251
288.26
286.0833
288.3314
289.1573
290.0536
290.8123
288.6913
287.5053
288.4798
288.0535
288.1906
287.1895
289.8206
289.2302
285.5308
289.3433
288.3436
288.8567
288.0746
288.2151
290.3246
289.3817
289.3415
288.0735
287.9818
287.0216
290.459
290.6356
289.3069
288.559
288.5591
289.4492
288.1204
287.4673
289.1892
287.9483
288.048
288.6634
288.3416
287.9991
287.6495
286.1758
285.7546
284.3433
286.5777
286.2263
289.5572
290.779
290.3023
289.585
287.9324
287.3658
289.3521
288.4364
289.8112
287.8993
287.9731
289.6537
289.2439
287.9083
288.106
290.4058
291.0848
288.3606
289.2032
285.7675
288.9007
288.0276
290.8083
288.9407
287.0601
285.4926
286.9257
288.5453
287.6334
285.3613
285.4652
286.108
286.7687
286.3722
286.176
286.3715
289.1681
285.2737
290.1309
285.1697
287.5187
288.5798
288.7182
288.6826
287.8542
286.5359
288.4096
288.8019
289.0269
284.3747
285.7375
291.8382
288.9439
284.6497
285.134
289.4352
287.6414
284.597
285.3912
286.8792
284.6809
285.9572
287.5607
286.994
288.2917
285.9092
288.4323
288.0401
287.8625
291.4972
287.1656
287.3543
290.332
285.4012
285.5142
287.7344
284.7569
286.9921
286.6693
286.9765
285.6092
287.9877
288.5387
288.7499
288.3603
288.2023
286.4455
285.6841
290.4371
285.9652
286.437
286.2273
284.5407
286.918
284.7784
285.2634
283.9522
283.1994
285.9149
290.2503
286.186
286.6702
289.2528
288.8971
287.4672
288.0398
287.2366
286.7651
285.8215
287.959
284.7865
287.9171
286.3983
285.3387
287.7047
287.0236
286.1102
288.2648
285.5983
286.5716
286.5641
289.143
286.309
286.2315
287.0526
287.8766
286.3611
287.1189
287.6523
287.9115
289.7131
287.5146
287.3982
289.3354
287.9866
287.8045
287.2324
286.9164
290.8004
288.5099
289.7946
287.3831
287.7009
287.2061
288.2726
287.7455
286.8441
288.2236
288.5772
287.8095
288.653
290.7346
287.3265
287.1138
287.6414
285.5793
288.5873
288.2257
288.1386
287.1729
287.6364
287.3789
285.2829
288.5587
287.2047
286.3657
287.996
287.8668
286.7247
286.632
288.081
288.6121
289.1002
289.1028
287.8388
289.0113
288.0693
288.179
287.4723
289.2157
291.7356
288.9482
289.3733
286.6429
288.2692
289.9441
288.7582
289.1775
287.9207
285.8437
286.5724
286.6236
285.9166
288.2265
287.4219
289.6263
289.8928
288.5922
288.0617
287.8041
286.7515
289.7922
291.4748
289.7816
291.4219
287.9601
288.101
289.6936
289.6841
290.0457
288.6487
287.8841
288.9679
288.701
288.7491
287.5927
287.9267
286.9773
284.2843
284.8835
286.9774
290.3732
289.4106
291.2607
286.9101
290.2665
288.3355
287.5384
287.4884
289.219
287.9963
288.2064
289.0647
284.7629
288.6267
293.5012
285.1264
287.0873
288.7504
288.0622
288.3436
289.2904
290.7114
288.2491
290.5762
289.6671
290.4426
287.914
287.8914
288.3049
286.6342
286.8477
289.7109
289.8038
287.5915
286.409
285.2202
291.1933
290.6968
284.6569
288.3611
290.2411
283.0352
284.8437
289.4343
284.855
285.9644
287.572
290.6284
285.9883
285.6336
285.9209
281.9923
284.2792
288.8735
287.1739
287.2455
291.1321
289.0258
291.7081
286.657
289.2076
289.0436
290.8583
287.9722
291.2809
289.3469
288.2446
287.6038
286.3285
289.6877
289.8452
290.4472
290.0128
288.8104
289.351
288.6159
288.6298
290.4399
288.8219
288.5535
289.1922
288.3547
290.2379
290.4049
288.9679
289.4789
288.5093
285.9076
289.0168
286.6306
288.6788
286.0997
289.9147
289.0836
289.334
289.4845
289.861
289.5193
290.0143
287.5579
289.2324
288.1848
289.9438
289.7382
284.9224
287.87
287.8728
287.8313
287.1268
287.0732
287.414
286.7077
287.4063
282.4613
287.436
287.3562
289.0623
285.2605
289.1036
288.9849
288.9106
291.3011
286.4665
288.4383
288.9286
286.0058
287.0115
290.4878
290.4952
289.8928
289.5861
289.4255
290.9359
291.6448
290.353
290.5194
291.3751
290.1465
289.8828
290.2895
290.1931
291.1131
289.4792
289.6704
289.5041
288.8585
288.9193
291.0274
289.8319
290.173
289.3188
289.7874
289.5542
287.6692
288.2982
288.152
288.1856
290.6512
289.3273
288.6715
287.5213
289.1844
288.4376
288.2433
287.1365
288.649
291.0125
289.6791
289.1089
288.4832
289.411
288.0898
287.4932
289.2754
287.627
288.3378
289.8826
289.756
288.0504
288.2092
291.1408
289.1843
289.1429
291.2182
290.9153
288.8666
289.8236
289.7469
286.5809
288.8107
289.8118
290.8335
289.4327
285.6371
288.071
289.1237
287.8755
290.1661
291.2156
290.4548
288.6296
290.4281
289.7648
285.31
289.1581
288.8771
286.386
291.2997
286.3191
286.412
289.0703
287.851
288.7416
290.9845
289.8071
291.0334
289.4801
286.5361
288.0967
286.542
284.7205
287.7937
290.6601
287.6556
287.1105
283.3529
285.6187
284.7005
287.975
286.5315
287.391
288.6857
286.1196
286.853
286.6347
286.8838
287.3976
288.5402
286.7246
286.3069
289.3165
288.4463
284.5348
286.7093
289.4719
286.0674
287.9858
288.5888
288.2713
285.6795
286.6151
287.7872
288.209
289.4232
285.639
287.3373
285.4626
288.1519
287.9444
290.1105
290.2503
289.7927
289.5378
290.5206
288.7877
290.6949
286.5952
285.5551
288.7919
289.4047
288.9165
288.838
288.3315
288.8333
289.0088
287.96
289.6064
290.1448
289.8881
289.6604
289.7094
288.8593
287.7672
287.8466
289.9608
288.0494
289.1105
282.6885
288.6041
288.1672
289.583
289.6815
289.565
289.4189
288.7348
288.9975
290.4095
289.5096
289.9378
288.8147
289.4884
287.1042
289.4619
288.5825
289.2948
288.5871
290.4834
288.2972
290.5539
289.0503
290.0619
288.9424
289.5902
290.9834
290.3708
288.795
289.1283
290.1468
291.0271
289.4706
289.3746
289.4471
290.4028
289.9135
289.3254
288.5211
290.3394
290.3885
289.6699
290.94
289.5968
290.2665
289.0999
289.6628
288.6611
288.7932
289.3116
289.8033
290.2773
288.233
287.0901
286.8997
288.7189
288.8644
286.4029
287.9577
287.9788
288.2728
288.3196
288.9336
289.3173
290.2696
287.9427
289.5735
289.4802
287.0973
288.2843
288.2438
287.6628
287.9306
288.9449
290.2989
290.7948
289.5451
288.4859
287.4636
288.0225
289.4125
290.3752
289.8882
291.4926
287.5937
288.942
289.2058
289.0891
287.5605
283.0535
288.6499
290.4255
287.9742
287.9836
291.7055
289.4464
289.3089
287.0412
284.907
287.9994
289.7856
290.1212
289.3853
289.8904
290.3676
291.0819
288.7584
289.4745
290.2513
290.4646
290.2695
288.7137
288.4692
286.5886
287.8563
284.0744
284.4249
287.5165
288.2816
288.025
287.6337
288.0744
290.2667
287.8261
286.7973
288.3774
287.472
284.7168
288.7067
289.625
289.922
289.4886
291.0201
291.5292
290.6249
288.3242
288.2369
287.9359
289.3486
288.863
290.2927
290.0797
290.1269
289.0163
288.384
284.8246
284.4807
285.486
289.8633
289.2179
289.6275
287.403
284.4251
284.5583
288.183
290.1861
286.2787
290.884
290.2292
288.0251
290.7384
288.3549
288.3912
287.2345
289.7507
287.9254
289.1313
289.0288
288.5826
287.4437
287.9677
289.8999
285.0381
285.673
290.0461
288.3941
289.7958
290.8474
289.5259
290.3551
287.7857
289.3846
288.9112
288.7114
289.2931
288.39
289.8077
288.9662
289.1467
290.2585
290.3451
291.1681
291.1466
290.7192
291.3168
288.4517
291.0938
290.1161
290.045
289.2795
288.1967
289.7195
289.4924
289.5556
290.6878
289.9646
290.2827
290.4379
291.7749
291.3044
288.4955
290.1788
290.2533
291.2099
290.4752
289.2956
288.3513
290.9859
290.8198
290.2797
290.443
291.6826
290.2903
291.5808
290.2441
291.0062
291.2625
291.4633
291.7446
291.3881
290.6562
290.2472
291.5855
290.8968
291.4406
291.4487
291.7464
289.8372
291.539
291.1355
290.2764
290.7047
285.7335
286.9891
290.0223
289.8148
290.4874
290.1205
288.721
290.4508
287.452
287.0521
286.5359
287.769
289.7016
291.6415
289.6602
290.177
290.5934
287.1585
288.7207
290.2405
291.5583
285.9504
290.0418
290.8321
291.574
290.5125
290.611
287.9564
286.18
285.1602
288.6108
287.9411
289.5184
286.589
286.7165
287.5656
290.8928
286.133
286.4548
286.4736
285.8916
289.2832
288.5338
285.4554
288.03
287.3257
289.8043
287.172
288.1827
290.5139
288.4575
290.2077
289.0936
285.98
287.9752
291.3802
289.7606
287.4279
290.3469
286.6919
288.0902
288.918
286.0235
289.6487
288.7464
285.407
288.9069
287.6498
286.0526
286.1729
288.2628
287.2147
287.1903
289.1341
290.3947
286.4859
287.2848
288.1152
286.6037
286.0859
288.5893
290.7212
290.3421
288.8605
288.1543
289.0278
288.9055
288.4272
289.9176
287.1495
286.8715
288.3885
290.3481
288.567
288.3069
289.9203
289.7343
289.7998
289.4554
290.3227
291.1844
289.1702
290.3833
290.1192
290.6393
290.9474
289.9812
287.3555
286.2614
289.1593
289.2613
290.8616
291.1955
291.3386
291.1151
290.9513
291.227
290.9127
289.724
289.9146
290.8695
290.9927
291.3034
290.3066
289.0762
289.9921
289.9096
290.6511
289.7684
291.4186
291.0464
291.0046
290.2964
290.1851
291.4453
289.1191
290.2863
291.1039
286.8923
290.0192
290.8458
289.6062
289.7808
288.1007
290.9798
290.2987
290.4362
290.6009
290.4825
291.5553
289.6023
287.8274
290.4104
291.0049
290.3084
291.3932
290.3849
290.2056
289.1947
289.3518
286.241
289.3355
288.3405
288.5258
288.2312
289.6086
291.0057
291.6061
292.5878
292.3026
291.182
291.6188
292.714
291.6518
290.8044
291.6485
291.8038
289.828
291.4068
291.5738
288.9194
289.7024
289.4301
290.381
290.8589
287.8562
289.5474
288.1797
285.6302
285.7928
287.0819
285.1689
284.1738
289.4716
289.201
289.4148
289.3666
289.072
285.6452
284.9345
286.7318
285.584
287.9911
288.6778
288.8103
284.8979
285.5288
286.0515
287.7918
289.9501
290.5633
291.8889
291.1076
283.8988
290.658
290.8312
289.5232
290.7598
288.577
288.2261
287.8536
290.6489
290.8961
290.003
289.9001
287.6281
287.1544
289.3016
287.1937
288.0685
288.1569
289.3363
290.3069
288.4901
289.1701
287.367
289.0911
285.9958
285.7325
284.7157
287.2028
287.8265
288.0594
288.8715
286.8478
287.5446
287.015
286.1157
285.3451
286.3905
285.1191
288.7133
289.7115
285.6454
291.5246
290.1433
288.1497
285.8966
286.3825
285.5023
284.6592
285.0172
285.1391
287.0825
285.9022
287.8846
286.3976
287.0136
286.8948
285.4518
286.1169
286.1646
288.8191
287.5197
290.0074
285.3068
285.5124
289.325
285.8867
287.3355
284.9186
288.4377
288.2224
288.8023
291.4
291.3157
290.1346
290.5371
285.5341
287.5614
284.3241
286.5475
286.0676
287.9852
289.007
287.2889
286.7279
290.4055
286.6482
284.0233
286.3601
286.5986
287.0626
286.2939
285.5823
286.592
284.6663
286.4949
286.577
288.0476
286.7635
290.0779
289.8787
290.8226
286.0528
286.8109
286.7699
288.4962
288.5264
288.9842
289.4612
287.5495
284.3322
288.5305
288.3116
289.0309
288.144
286.7339
286.9531
288.0288
287.3517
288.8884
286.591
286.2787
288.2028
284.5717
284.8527
288.3871
288.5225
288.0107
282.4533
285.5377
287.9846
289.4771
288.8971
287.0451
287.295
287.5122
286.8988
285.6402
287.3196
288.6742
286.4209
287.0405
288.1359
286.0447
286.1593
287.3867
284.7806
284.8219
286.3946
285.8622
285.8918
286.0822
285.2414
284.5739
285.2217
286.8447
284.8333
285.413
285.8985
286.8222
289.0954
288.2987
288.3181
285.9743
286.2902
286.8899
287.0212
287.0134
285.4925
284.9187
286.155
285.1558
283.9246
288.0505
289.1519
288.7379
286.7063
287.4292
288.7752
288.8824
288.3122
286.5623
286.617
286.5695
286.5553
285.8108
288.2599
287.7411
287.231
287.6496
286.6965
287.6092
289.7559
289.2762
290.2213
286.9857
288.2615
286.7661
286.4861
288.3188
287.7843
289.0255
288.4644
289.2646
287.549
287.6345
288.7363
288.97
287.8019
288.463
285.2629
286.3875
288.5643
289.3059
289.2402
290.2343
287.4069
287.012
286.8904
286.6544
287.2882
286.5052
287.8484
289.6157
290.006
290.0609
289.6399
289.7324
289.3611
289.4039
289.3191
288.6655
290.2082
288.1905
290.2205
288.2881
289.864
286.0636
289.435
288.8962
288.7111
286.6206
286.8266
287.4963
287.8926
289.6873
290.5125
289.7799
288.0559
288.7782
289.3416
289.2647
288.3419
283.6058
284.1208
288.2228
288.1381
289.2358
287.9842
288.7898
287.2027
289.9319
290.4386
289.6762
289.4064
288.96
287.7018
285.6755
289.1483
289.7063
289.9117
287.2051
285.2734
286.2862
285.2147
288.3521
289.1256
289.3288
290.4471
290.8811
289.7666
287.9473
285.4174
288.9925
286.4603
287.4486
288.4125
289.2435
287.7665
289.3625
289.4527
289.2024
288.2924
286.238
286.2779
290.1286
288.3179
290.0277
287.1313
287.2507
289.6275
289.3647
288.2362
288.2892
289.9323
289.2194
287.7324
290.0107
288.5008
291.558
289.2166
287.2526
288.1447
289.6248
289.1108
290.3756
291.0877
290.2039
289.8787
288.8627
291.203
287.843
291.6446
291.4245
289.7232
290.926
290.1326
290.1134
289.539
290.0081
288.8496
287.9869
288.0361
291.3339
290.5931
290.6398
288.4994
289.4008
290.1
286.9393
286.4077
286.7737
284.938
289.4575
290.5466
290.025
288.6711
290.2467
292.0017
291.405
291.3942
289.8342
292.6884
290.7029
291.5554
290.3263
290.1907
287.2081
290.886
291.3794
290.0726
289.3298
288.6255
290.517
292.7299
289.9276
292.2325
290.8018
286.2794
289.5704
283.6179
287.306
289.1297
288.4111
288.1011
290.326
290.7726
287.0473
288.1972
287.416
289.7138
292.5727
290.3842
290.8235
290.9402
288.9151
287.4818
290.1517
290.5041
284.8389
284.8538
286.2898
288.1429
289.4987
289.5594
289.0267
291.8671
291.8937
290.7827
290.0634
289.312
289.9156
290.2439
288.7206
289.9377
291.5992
290.9947
291.0972
289.925
291.716
290.0263
291.0198
291.6489
290.551
292.0454
290.0047
287.8425
291.9503
287.8411
290.5618
289.4769
286.4764
287.621
288.4881
286.196
289.809
288.1313
289.0763
287.0457
289.9621
286.9917
289.5682
288.4182
285.4579
283.3747
287.6392
287.3448
286.4456
288.1359
288.4718
286.3044
289.4805
287.6154
284.7124
286.1806
288.2213
289.0055
290.5172
288.858
284.5443
285.7253
286.9858
285.7241
290.8542
285.7329
284.6372
285.4124
286.1304
285.9301
287.8051
288.1861
290.6849
290.5394
290.3707
289.4764
290.9317
289.6483
287.1541
290.6791
284.6299
288.2418
287.4966
288.5268
283.7739
287.3996
291.5586
291.1963
285.7755
286.6413
286.9966
287.7914
286.346
285.3198
284.899
286.3714
288.1012
288.1424
287.127
289.0081
286.0609
284.9218
283.2365
286.1263
288.8661
287.9279
286.9481
285.8507
287.9083
282.588
287.1364
283.5452
286.9922
285.8478
284.9034
285.6927
286.5497
289.0087
285.4993
288.1935
288.3498
284.1944
287.8857
291.087
289.0916
288.4872
288.5697
288.6442
290.1783
288.4005
285.5732
287.6048
289.5152
288.7896
289.2473
288.0871
286.1087
284.586
285.9497
286.7147
286.0627
287.9824
288.2969
287.3395
289.698
289.7895
289.3994
288.3392
288.0626
290.0946
289.4084
289.0233
289.5876
289.54
288.7904
289.8031
291.5909
289.8435
287.7021
292.1789
287.9998
288.6401
289.9856
289.095
289.1613
290.6083
291.5049
287.7395
289.6411
289.6658
290.5419
292.0065
288.6536
289.3113
288.7274
288.1686
288.4831
287.4233
287.8733
289.2364
289.1079
290.034
290.6091
289.8526
292.2457
292.1238
291.3596
292.5253
292.7962
290.6832
290.81
289.1499
289.4163
290.1934
290.0901
289.4172
290.8873
291.9212
290.8217
290.8378
292.7103
292.2236
292.7791
289.5122
291.6858
293.9036
292.5554
292.8436
290.5387
290.4642
289.8419
291.9998
289.2974
290.8025
291.0154
290.2718
290.5616
291.2063
291.3197
289.209
291.6455
290.1503
289.8055
289.6735
289.207
289.9302
290.1121
290.1784
290.1779
289.683
290.0435
289.2974
288.6244
287.0615
288.1269
289.6151
290.7568
289.705
288.9684
288.8859
286.459
288.7921
289.3383
290.2606
290.8228
291.1375
291.7467
290.2562
289.9883
290.6178
289.9194
291.5721
291.8861
288.8233
288.5638
287.7199
289.7284
290.3868
291.1516
290.968
291.8354
289.7855
289.3789
288.659
289.5906
289.7099
289.8133
289.6679
291.5768
292.047
290.5056
290.8152
291.7145
289.5523
291.8822
291.2537
290.5676
291.2136
290.782
291.7061
290.3076
291.3516
290.6981
290.7267
289.5985
288.6854
289.2249
288.8329
290.7849
290.3905
288.1423
287.6961
286.7785
287.7183
289.9751
286.7137
287.8765
284.7922
290.0215
290.1246
291.0622
290.0757
289.5574
288.3372
285.3168
285.3506
285.7509
292.2557
290.9703
287.1091
287.9715
289.3367
288.2166
285.592
285.9429
287.3299
288.3734
289.9307
290.3955
290.4315
291.466
290.5865
290.2228
290.9529
289.2603
287.9084
286.8319
287.6331
288.1728
289.3546
289.0876
288.5174
291.5294
288.9812
291.6352
287.1632
290.2988
290.9659
289.953
292.6552
290.9312
285.8866
287.0261
287.3571
286.7386
287.4872
287.159
285.7299
287.284
286.4182
287.2504
290.5671
291.8103
292.654
290.9126
288.31
289.1761
290.4389
288.453
289.473
289.9929
286.6675
287.8607
289.2263
289.7307
286.5072
291.0023
290.9013
286.1581
290.9073
290.9183
288.8787
286.6798
287.386
287.8685
287.5819
288.1144
288.9284
284.8524
289.1531
289.8512
290.8352
287.6295
286.2261
284.2697
289.2411
288.6557
291.6017
291.1848
290.8589
291.3313
292.0916
290.6867
293.3535
288.8195
287.7761
289.5152
291.7208
291.9496
287.6695
284.6321
289.5547
289.1783
289.2485
287.2217
288.7824
288.8606
290.7509
290.9063
289.3949
291.6797
291.0853
289.5964
288.2744
288.3322
291.039
285.666
291.7521
289.8197
289.4548
289.4495
290.1419
290.7298
288.1563
290.7391
287.898
286.9961
288.2008
291.1318
289.4958
283.5924
288.0836
286.8083
290.2532
286.9926
289.568
288.4811
286.6722
288.679
289.2863
290.5421
291.5602
288.9121
285.7475
291.8179
289.2819
288.2475
287.5292
286.4163
288.6226
290.1358
285.1954
286.0229
284.6442
286.6806
290.1769
290.7463
287.8953
288.7549
289.8972
289.28
287.6258
290.3727
288.7201
288.259
290.4017
287.7313
289.0849
288.6231
289.6201
290.7938
290.4921
290.0327
289.3324
290.2815
290.2929
290.7373
290.6391
290.0285
290.0303
288.806
289.5314
290.3491
290.2296
289.4734
289.9562
289.2429
286.6666
288.8208
286.9808
288.0347
288.0254
288.501
289.8492
288.0518
283.6347
285.1606
288.0411
288.0587
289.4255
287.7106
288.9522
284.3502
288.3914
289.8171
289.5138
291.2921
291.1538
291.7317
291.2983
291.4352
289.3916
291.844
291.0861
289.2728
290.4746
290.0247
289.6442
289.6786
291.348
288.6912
289.2411
289.9526
289.5391
289.8715
289.2477
291.1914
289.21
290.6964
289.0064
289.5987
286.5335
286.2733
286.3315
287.3025
290.3604
290.5082
291.9759
289.7701
291.1777
290.7879
288.7174
286.9879
288.0002
288.877
287.9844
289.2742
290.2159
290.6615
290.3738
289.566
291.5393
290.5765
290.8934
293.1331
291.2365
291.2611
294.5101
289.762
291.4773
290.5622
291.4923
292.7431
290.8903
292.4369
291.4561
290.1709
290.2853
288.3302
289.8859
287.879
289.1145
288.8438
292.1761
291.0147
292.7821
291.7188
291.1898
289.3274
288.7057
289.0883
289.6558
292.6095
289.6495
292.9038
290.0374
291.1542
290.5292
289.5495
288.4758
290.1249
291.2958
293.8716
291.342
291.4229
291.434
290.4158
293.4032
291.7867
290.7952
290.278
290.3791
290.344
290.5175
291.5077
291.1845
287.852
288.8447
286.6049
288.4658
288.7046
287.5021
287.5812
290.2375
288.4081
287.0035
289.2459
285.9688
287.0422
288.3817
287.4976
286.2113
287.1786
285.4842
286.733
288.1308
290.5919
289.4871
289.2995
290.2984
290.9102
289.9645
289.2717
288.3253
285.445
284.9714
286.8667
284.9552
288.6094
287.2098
286.6295
289.6222
291.6376
290.8325
290.0552
292.4316
291.4248
291.199
287.7963
290.1643
287.5192
291.364
288.3481
291.1405
291.2563
293.2018
290.1718
290.2645
289.6493
288.5946
286.3547
288.397
289.5253
291.5121
292.2248
291.7079
289.295
290.0462
290.8649
291.3994
289.6661
290.1357
289.5003
290.3306
288.81
289.7656
290.0486
289.7885
288.539
285.8109
288.9426
289.9638
289.9
287.5274
290.5803
291.4136
289.0081
289.7426
290.7166
291.4555
289.0327
291.1844
286.7527
287.3704
288.9803
288.426
287.4846
287.61
285.6066
285.7903
285.7642
288.8183
288.2268
287.3583
290.025
290.3925
288.8506
289.4371
290.531
289.3298
291.6156
290.2662
288.8329
290.2858
290.5289
290.9515
291.6478
290.7331
291.3633
290.3692
290.9557
289.7005
287.0043
287.649
289.873
286.2974
287.5327
285.8924
286.377
286.5031
289.3385
288.4847
284.9684
290.1212
290.9383
288.3547
285.4203
289.0136
290.4728
288.2367
288.1041
284.8594
290.5031
288.3636
289.7884
291.376
290.1729
289.6027
287.061
287.7681
290.4796
288.9038
293.2623
287.1129
289.6036
289.634
289.7195
286.8509
286.6843
286.3124
287.5382
284.6986
286.8258
286.4725
288.6134
290.5163
289.7201
290.0537
289.6197
289.2528
283.9181
286.9277
283.3249
289.5934
290.6654
290.0563
285.4202
285.2403
285.3127
288.0019
285.5086
286.2271
289.7551
285.5058
286.8331
284.2757
289.2199
284.6059
285.272
288.295
290.4637
289.8162
289.8676
287.0042
284.7134
289.1287
290.5157
291.343
287.6329
287.3452
288.5456
288.5778
288.6538
289.4077
289.9801
287.792
289.1899
284.9081
284.5495
288.2361
286.1054
288.817
290.312
290.4053
287.5439
289.1212
288.5565
287.2034
288.3466
290.3737
289.378
288.0229
290.2534
289.3401
288.9102
290.7176
290.1699
287.7229
289.2144
290.1953
291.2288
286.3139
288.8549
289.3472
287.4675
289.9745
289.6757
289.392
289.8102
290.2971
289.5669
289.905
290.0621
289.1451
289.1487
289.0621
290.631
289.4642
287.7274
288.7325
290.394
290.2292
288.9208
290.1733
289.2308
288.6862
290.0884
289.7877
289.5686
290.0438
289.9589
288.958
289.3974
289.2939
289.0729
290.0673
290.078
290.7678
291.2556
291.2849
289.2379
290.7903
290.4738
290.8354
290.5275
290.9911
290.9738
290.4126
290.0739
289.5469
289.0643
290.937
290.098
291.3727
289.1078
290.5153
291.2268
289.4932
289.5091
288.9078
288.8544
288.4154
290.274
288.9781
291.7769
290.4321
289.7106
290.0533
286.9006
288.9805
288.0612
289.6002
289.5883
289.6026
289.9505
289.792
289.9478
291.4048
289.833
287.3474
291.1345
290.5741
290.4862
289.886
290.4684
289.5876
289.2838
289.038
290.2082
288.1349
292.6215
292.5591
292.1922
290.2775
290.0444
292.3741
290.6185
289.2824
289.1721
290.9253
290.7133
289.7053
291.0264
290.3789
289.8242
288.3882
287.5393
290.0778
289.248
288.3906
290.0029
290.5625
290.1358
287.3501
290.1612
285.8494
288.1286
287.9704
289.4554
288.8513
289.3002
289.7618
290.6767
291.223
291.2498
289.1922
290.3814
289.258
288.893
287.121
288.0265
290.1458
289.2247
287.6818
288.9749
292.0215
290.6732
291.1875
291.0904
288.7086
288.2833
290.6173
289.6133
290.1926
290.006
290.3287
288.6853
289.0888
290.7659
291.4234
291.505
292.3639
288.6697
290.684
292.5615
291.7623
290.1124
290.5841
291.3555
289.5528
290.8432
288.9188
289.4829
287.0234
287.5202
286.4048
287.1138
287.2589
284.3268
284.8586
286.1073
285.5965
288.7157
288.127
289.0171
288.8641
288.362
290.6635
290.3583
291.3378
290.2065
290.9533
290.8384
287.7692
288.7063
287.9262
286.6484
288.603
285.4397
288.2507
287.7144
284.9917
286.9055
285.9136
288.928
289.0881
289.4834
285.0488
285.5506
286.3028
290.001
288.6575
289.2695
289.2813
290.8131
287.6503
288.5168
287.4239
289.4268
288.0079
290.0754
290.756
286.791
288.0108
289.252
289.5752
291.356
290.1537
288.9717
288.1857
292.1578
290.4081
286.2578
287.808
289.1157
289.1638
288.6036
287.0228
288.3351
285.2
287.5995
291.8853
289.8326
286.4594
289.2413
290.9562
286.5081
287.8192
284.3412
286.3372
290.1019
284.0226
289.3604
284.7703
289.0197
289.6078
286.5257
286.0246
284.7253
287.04
288.3762
285.6477
290.4001
287.8137
287.9204
288.2633
284.9975
285.9257
286.347
285.8866
283.3512
283.4037
286.6936
288.1606
287.12
285.2468
288.0069
288.0306
288.2379
288.7926
290.5444
288.6028
286.9819
287.503
288.8442
287.0093
284.8924
285.1737
282.4732
286.5201
287.9595
285.9706
287.0474
286.0891
288.8472
289.2298
288.1026
288.2234
287.1667
288.3306
287.5746
289.8311
286.913
286.2039
289.9331
290.3959
287.541
289.5863
289.1594
291.8163
290.7384
288.9457
289.6711
291.2133
288.098
288.9314
291.5596
290.7551
290.488
290.389
291.0067
288.1815
290.2806
288.1815
285.3654
286.9613
290.3349
289.6392
290.1005
292.0526
291.5078
291.5299
288.2787
287.7851
290.6114
288.3171
288.5054
289.5996
288.1807
288.2368
289.7872
288.6896
290.4324
289.2834
289.3009
288.6206
288.2505
286.2967
288.1787
289.4773
287.7735
289.973
289.0605
290.2769
290.3625
290.5099
288.1107
289.283
287.3269
285.7125
287.1699
289.3063
288.4292
288.1481
288.3202
289.586
286.0944
289.1853
287.4139
287.6418
288.5846
288.2551
289.3742
287.6261
288.5785
288.8766
288.1737
288.6231
287.7367
290.2195
288.746
289.5192
289.0519
289.9193
289.6119
288.3449
288.9297
287.3255
288.1191
290.3576
289.3284
288.8942
290.7563
289.2361
290.843
291.658
288.9495
289.8955
290.8724
290.3359
288.8289
289.8908
288.6662
290.6505
287.8982
289.7311
293.3008
288.8602
289.5541
291.507
288.5052
289.0799
288.3485
289.5307
288.9015
292.6222
292.1071
290.3955
287.9726
287.096
288.0499
288.2749
287.1004
288.4332
287.6306
284.8278
284.2225
284.9794
284.904
291.2532
291.1665
290.4098
291.7687
290.9576
288.6853
287.6176
288.4949
286.1567
292.4467
290.2468
287.6593
291.5469
290.9066
288.0458
289.0135
291.6175
287.4791
288.7675
288.119
290.9836
288.7431
290.1087
290.8865
290.8184
286.4226
289.3873
290.9839
290.6068
290.7695
290.2359
291.342
291.6789
290.4472
290.2768
290.4416
285.6632
289.5061
290.5789
290.0584
289.3903
292.5016
289.218
289.7255
288.9626
292.442
290.1911
288.9111
288.5461
288.914
288.6589
288.5445
288.378
284.9873
288.0151
288.9782
289.6843
290.8881
289.0001
291.0317
289.8129
288.6641
289.5767
290.1142
287.8687
289.1659
291.7985
290.6987
290.7353
289.2746
289.7807
287.7887
287.8332
284.6157
287.4495
285.2195
286.4422
287.7247
287.5882
288.6527
284.219
287.0339
285.6101
284.3144
287.4047
286.4281
289.6962
288.5094
287.6599
287.4625
288.8849
290.2906
290.9755
290.9507
289.2585
289.1662
288.846
288.4419
288.478
290.1808
288.9439
287.2674
289.1974
289.2729
287.0796
283.607
288.8625
287.0611
290.2414
287.0501
287.5815
288.9359
286.4114
285.2445
285.5461
289.3272
290.9042
288.2441
288.0842
289.8426
290.0981
288.7233
290.8549
285.7061
285.8461
290.576
289.3429
290.7397
288.5812
291.4377
289.8679
285.0979
288.4202
290.264
286.7627
290.7631
286.9804
289.0028
289.3556
287.4479
286.9458
286.7345
288.2866
288.4445
289.0703
289.1504
288.3954
289.5015
288.0965
288.9712
290.1891
288.7665
286.7964
288.2846
288.411
287.8674
288.6026
288.2296
288.0487
288.2699
285.5534
288.5353
288.5863
288.3044
289.0457
287.0552
287.2876
289.033
289.7793
289.0836
290.4963
286.8188
286.2134
284.0105
287.8848
284.197
288.0687
288.5464
289.0123
289.8789
290.1569
287.462
282.8383
289.626
288.4248
287.6683
289.644
290.4568
286.9024
287.4489
284.4107
287.9877
285.0956
287.4103
290.4452
289.0158
288.4487
288.8925
289.4191
286.8473
289.4039
288.5852
288.8383
288.9756
289.3761
289.9952
287.4919
288.5757
290.4077
288.7153
288.767
288.3719
289.4221
289.6353
288.5182
286.8275
287.9077
288.7516
290.9308
290.7752
289.8416
287.9431
285.7469
288.0606
288.5327
287.4854
290.0786
286.5748
288.3629
287.0038
290.1234
286.9121
284.8725
290.8115
289.4478
290.0067
290.2315
290.5628
291.7907
290.1844
290.5355
290.2739
291.2943
289.6242
289.4649
289.5808
287.5421
290.8695
290.7545
289.9021
287.9691
290.2986
289.8447
289.6893
290.4858
291.1512
290.5717
290.0239
291.4689
289.3316
291.133
289.1202
289.8212
291.0479
291.0172
291.107
290.5493
288.5788
291.2415
290.4759
289.3051
289.7828
291.1181
288.4293
290.3393
290.4706
292.5439
292.2172
291.0208
291.4543
291.5161
288.6292
293.3481
292.5122
291.4639
291.0304
288.8835
289.862
287.8186
290.817
289.8969
287.2057
286.1495
287.8522
288.1357
288.6421
287.7116
289.3911
288.8865
288.9091
289.754
289.5914
290.9278
292.5158
292.5764
290.7626
291.1735
291.1175
293.4479
291.6996
292.2601
292.1811
291.9036
292.143
290.5328
291.0676
290.9848
289.4567
288.9613
291.4959
290.9109
289.8065
289.4341
288.6278
290.5064
290.9475
288.8308
290.901
290.599
289.5495
289.9073
290.8425
291.0063
291.0367
292.7679
292.5951
293.1608
291.1565
289.9773
291.5682
290.0062
289.3016
288.1243
289.1849
287.8548
286.472
289.0415
289.1825
287.7138
286.1409
287.5687
287.9036
287.3612
288.2065
289.4977
286.4532
291.5464
291.699
291.0329
287.751
290.0097
291.7928
292.108
290.4503
290.6889
289.6241
289.3136
289.3886
289.5552
287.5222
288.4014
289.8228
289.8274
286.5721
287.0985
288.8435
288.4237
289.1758
287.5686
286.7534
287.4972
285.7995
284.4629
287.3129
289.4762
286.0203
285.8579
286.3466
287.0534
289.5683
286.9178
289.7557
289.6612
291.3913
291.6779
289.7047
288.1617
288.1623
285.6115
285.9496
291.3901
290.7373
289.4038
292.0464
290.0934
288.992
289.0195
290.3879
290.8206
290.4762
290.5541
291.4877
289.9114
290.7678
290.9107
291.5237
291.2
290.4998
288.6546
292.3416
291.8835
290.032
290.3046
287.8983
287.2906
288.7941
288.592
287.8676
287.3587
291.0185
290.1008
289.8274
288.3836
289.4287
290.976
291.875
290.8372
290.896
291.6314
292.89
291.3342
287.2884
284.897
291.0001
291.3394
289.7352
286.4845
288.9438
288.2271
290.3796
291.0426
291.6395
291.8111
290.5133
290.2252
284.5363
285.3609
287.2873
289.08
288.6135
283.9167
288.6385
288.6905
289.2271
289.3534
288.3533
285.9483
290.7512
290.056
289.8138
286.1938
287.5343
288.9688
290.144
290.2191
290.6317
291.9211
289.5259
288.987
289.8711
289.7853
287.5315
286.7731
284.608
287.8901
288.1572
288.3026
290.5893
289.0783
287.1053
285.7912
287.2657
288.531
291.3983
288.1924
289.1954
288.669
287.4769
285.5078
287.0562
284.7554
290.1712
290.3494
287.9333
288.2146
289.2509
289.2336
289.6866
288.522
286.9305
284.4586
288.0053
289.8479
286.8593
286.9228
289.056
290.1284
290.0226
289.5429
289.9021
287.9929
287.1822
289.5218
288.3402
284.4556
289.3618
286.6132
288.8506
287.3969
289.3742
290.036
290.2266
285.7331
289.232
288.7046
288.8198
290.8234
290.1467
293.3426
291.2858
287.0875
290.5943
289.9273
290.5742
288.452
288.9895
289.0838
288.6412
289.4914
283.6851
288.836
290.9974
291.3977
289.0029
289.3305
289.8149
289.4899
287.6583
288.4831
289.1734
288.7664
287.5117
288.2727
289.7929
290.9562
291.343
290.1984
290.7562
290.6757
291.0218
292.4299
292.1012
291.7007
291.3517
290.5641
292.3822
287.9691
291.259
289.5262
290.3409
290.1094
289.0634
290.0881
289.2093
288.7138
290.6902
290.0099
289.9955
289.815
290.4692
292.4022
292.0746
291.9386
289.5222
289.8191
290.3441
291.7827
290.027
289.4311
289.6414
289.1193
290.1866
290.0865
290.7469
291.9154
291.4573
289.7693
288.5726
291.6999
291.7511
294.4711
291.2804
291.7195
290.7634
289.818
290.2971
294.1725
290.6373
290.8388
288.1987
290.1554
291.5569
291.5536
289.71
291.5311
291.2036
291.4878
293.1102
293.2456
292.1093
291.6678
290.5026
289.6928
288.5064
288.887
289.084
289.5368
287.9012
288.2719
285.0356
287.4452
288.9981
288.0588
288.3262
287.8833
289.5464
285.78
290.0212
291.6653
289.6614
290.3065
288.294
290.3111
289.0697
288.0396
289.5029
289.9129
290.3062
289.5476
289.1524
290.0836
288.3989
289.5626
287.042
288.2432
286.3398
285.4629
286.5328
286.8597
287.4415
288.0877
289.0117
287.596
289.3459
289.6401
291.5909
287.8619
289.1328
290.006
287.1327
289.4309
290.2619
288.9204
288.1817
289.1785
290.5779
287.1677
288.4396
291.6568
291.8805
290.4887
287.1113
289.2404
289.4757
291.1535
288.5634
290.1101
290.8867
291.4481
291.7169
290.4851
289.3628
289.5327
290.3087
289.7173
291.5815
291.9287
290.0759
292.6354
291.0745
289.2202
290.4485
289.9124
289.4732
290.9233
290.5597
290.9524
288.8704
285.8543
284.1473
285.8892
284.3097
285.2809
286.7195
284.7647
284.6872
286.6007
286.3293
284.7183
285.2105
286.6801
287.7361
288.0122
284.5545
287.0403
288.6766
287.6713
285.5261
287.2336
288.8922
287.1393
290.732
288.4174
290.1076
291.0527
287.6257
287.3865
287.8837
290.0253
292.2294
292.1176
291.3481
291.2588
291.4646
290.5873
291.7233
290.6959
292.256
288.3441
288.8046
292.8096
292.1082
291.7773
289.6054
291.1273
290.3677
289.3714
288.0733
289.8864
288.7666
287.2773
289.385
285.5923
285.4327
286.0597
288.0984
288.5356
291.0519
290.7332
289.6783
288.1757
289.7443
289.9199
288.7733
285.8494
286.6382
286.0335
287.314
288.2563
288.0029
287.7065
288.7261
289.3344
290.407
290.6072
289.0283
289.0528
289.3017
290.2184
290.68
284.5757
287.8381
288.3968
289.9099
289.3575
289.8565
289.3621
289.6036
288.4991
288.8206
286.2706
288.0068
287.4424
289.5449
289.25
289.6699
288.5774
287.1399
289.3458
288.273
287.519
285.5414
288.6919
289.4044
290.4667
286.1169
284.2767
289.2612
288.1036
290.2215
288.9526
290.4019
286.0378
288.6201
287.6214
290.005
288.8675
290.2193
290.0883
289.9121
289.9447
288.9388
288.192
284.4241
285.8853
287.7862
288.2052
284.5244
286.903
287.5611
288.0844
288.6283
290.8255
289.3759
289.5335
289.841
288.3121
288.7251
289.5662
288.6447
290.0429
289.201
289.4041
290.454
290.7388
290.1554
290.4293
288.9967
289.3733
289.0231
290.3921
288.4178
288.6123
288.2298
289.4312
289.901
289.0252
289.6514
289.3919
287.9754
289.1161
287.7746
288.2199
288.6418
289.5974
289.7461
289.8896
290.1307
289.6793
290.5286
289.4663
287.951
288.3114
289.6987
289.7029
290.2025
289.7689
290.5021
290.3555
288.3516
288.4971
288.8235
288.023
288.2564
289.1328
288.2604
289.8877
289.3759
289.0753
288.4807
289.0625
290.0388
290.4102
289.6545
291.4813
290.7269
290.4644
290.6411
291.4905
291.6184
291.2975
289.9158
290.5143
290.2116
290.2868
290.8575
289.719
288.8959
291.0253
292.3534
291.3615
289.8257
290.4574
290.4495
291.0448
291.15
291.2523
291.3688
290.3163
290.9734
289.2705
286.7373
288.0313
289.5251
290.3426
292.354
287.7989
290.5975
288.7961
291.8603
290.1191
290.6965
290.7243
289.6555
290.4733
291.4585
292.2451
290.9485
291.2935
291.2668
292.4792
290.7014
291.3549
287.3902
286.1134
289.1477
288.3126
290.7831
289.4616
288.8938
290.9533
288.9225
289.1376
288.6028
288.0878
287.2348
288.7117
289.3469
289.1271
286.2079
287.6738
288.4923
289.0101
290.1276
290.3867
290.6963
291.2396
289.753
289.3241
288.4037
289.9546
290.7044
291.254
290.0636
289.974
290.7498
290.792
291.5672
292.9206
290.9167
290.916
291.9137
289.9563
290.1945
288.0977
287.2832
290.5705
290.0981
290.0557
288.8335
290.6373
289.4258
288.6826
286.313
289.9393
289.7322
289.7907
290.8162
289.9528
290.8622
288.9707
289.9512
290.8759
290.7831
289.5336
286.6021
287.3125
288.6668
288.1715
288.0075
289.8609
287.6943
289.6886
290.5747
288.5981
288.8848
289.7557
290.8536
290.8642
290.6896
293.1012
290.8724
289.7119
291.0251
291.4132
291.1195
287.3336
288.6423
288.5551
290.4683
291.1942
288.372
290.293
289.7119
291.5856
290.3968
294.904
292.0054
291.9213
292.8964
291.039
289.5518
291.03
290.8185
291.077
290.6327
287.7291
287.9
290.7326
287.5009
290.7017
292.1522
292.1313
290.3494
290.579
289.9744
288.4324
290.9513
290.646
291.636
291.5229
290.3126
290.4258
289.249
290.0602
290.8033
291.3816
290.5593
290.1219
290.914
289.8337
288.5968
289.5845
291.333
292.3901
292.8606
291.7656
290.91
291.0381
288.5628
288.8627
286.9848
290.1595
288.3497
289.1353
288.9024
289.2871
289.6205
289.1671
286.8726
289.7543
290.2945
290.9002
291.3472
290.6431
292.4274
290.6775
288.9016
289.4485
290.5928
288.2877
290.0581
287.3156
289.9055
290.1621
289.8136
290.6948
290.1928
289.3262
291.7099
293.1632
290.0164
290.7474
289.7233
286.8361
289.5908
290.7802
292.3119
287.8914
288.9551
287.4512
289.0395
286.7529
291.3367
290.6999
289.0422
289.6578
291.0913
287.5412
287.7372
287.64
290.1428
290.0241
288.8923
290.5443
289.293
291.9554
290.4859
288.463
289.2631
289.0751
288.1519
287.579
287.2858
287.158
288.503
286.8332
286.2334
285.6411
287.7202
289.4389
284.1902
286.495
290.4651
290.1292
289.907
289.7181
287.215
289.5032
289.6107
288.2559
290.296
290.5234
290.1727
288.6951
288.9789
288.5401
289.4432
288.6066
288.9096
287.2993
290.3045
288.1244
291.3569
289.5049
290.539
290.6185
290.6347
287.443
290.279
290.439
289.259
287.8164
287.8781
289.1844
290.4936
287.8013
290.5905
291.1242
291.245
290.3387
291.1909
290.3304
288.8719
290.8284
291.4754
290.0291
291.2577
291.6497
290.3642
290.0928
290.8342
291.5031
290.9164
291.7241
291.0516
291.5331
290.4095
290.8147
289.903
290.0375
291.5794
290.9427
290.7598
290.7274
291.3126
289.3366
290.4874
290.7097
290.6797
290.0617
290.538
291.1866
290.6225
288.7908
291.405
290.32
263.7891
289.9554
290.3344
289.5396
292.3679
288.4938
289.3759
290.1807
290.6107
290.1358
290.8277
291.0414
291.243
289.7066
291.3663
291.2167
291.472
290.8315
289.4358
291.0384
290.3267
291.2479
291.2545
289.9224
291.126
291.249
290.1965
289.9928
291.6242
289.3458
289.401
291.3192
290.2788
290.0614
290.1458
288.3048
290.2322
290.6003
289.3529
291.6236
290.3095
290.6466
290.0388
289.678
289.9738
292.7743
289.2029
289.1024
289.2018
291.97
291.2983
291.3261
291.0502
289.9151
292.5368
289.1878
288.8049
289.4884
289.7662
291.0363
288.9192
290.6616
291.4031
292.3258
291.088
294.5874
291.6248
290.9152
291.4131
293.2962
292.0911
291.9331
291.3839
291.7274
290.2013
289.752
290.4197
290.7549
290.7489
291.0726
290.4946
292.0492
290.9644
288.4146
290.4057
289.33
288.5443
286.9084
285.6703
286.7221
287.7989
288.159
287.8752
287.9976
287.7685
287.9945
287.7403
286.9054
287.2547
288.6728
289.7847
290.963
289.4748
290.1115
292.522
289.8873
284.827
290.3054
291.6109
291.7496
290.6019
291.5866
292.6632
291.5161
292.0092
291.134
290.4321
291.5556
292.031
289.9515
289.5397
289.019
289.282
289.7228
288.1958
290.353
290.3369
289.7406
289.8384
290.3808
289.9696
292.3116
291.9284
289.8698
289.7672
289.583
287.1344
289.0847
291.6581
288.2187
289.7226
289.6336
288.334
289.3914
288.429
285.0144
289.9308
290.52
291.4504
291.2068
291.5797
291.8907
292.0606
292.8273
289.7825
284.5177
288.8461
290.9861
289.694
290.2288
292.7227
291.1719
290.3864
287.9442
292.0324
289.3867
288.0669
291.4236
291.5617
291.5287
292.1651
288.8994
290.4062
291.7126
291.6204
291.1602
291.4349
292.0628
290.2518
289.9162
292.4051
291.3028
288.8591
289.9422
288.5598
289.799
287.8898
289.0053
289.9287
289.5764
289.4549
291.2664
288.5025
290.1843
291.5586
292.0162
290.2605
289.2209
290.9585
292.2588
293.0941
289.4401
291.858
292.7746
290.8614
290.8722
291.4734
289.2082
291.4718
292.6842
292.3411
291.1859
292.6331
290.0149
289.4017
289.5737
290.7992
288.4881
291.0312
290.1154
287.2147
288.8683
289.3051
288.797
289.303
290.3155
290.4422
287.8411
290.7667
289.0106
287.7069
289.7132
290.322
289.6911
290.3525
289.305
288.1106
290.1314
290.2602
290.1159
289.6124
288.0358
288.711
289.2224
286.9646
290.3951
286.5103
290.8174
287.5397
285.3445
286.363
289.1049
288.2269
286.4986
291.3273
290.1183
286.8917
290.6411
289.083
288.6357
289.3011
289.5411
289.7701
289.3173
288.2148
289.3457
289.0664
289.5237
287.4811
289.6032
289.9253
290.8139
288.9172
289.4607
291.5322
290.0847
289.3124
289.8265
285.9736
288.7632
288.6376
288.1832
287.4727
288.505
289.4489
290.0051
289.5737
289.7357
290.7215
288.7057
288.2271
288.842
286.9496
289.5531
288.4484
289.7687
290.5064
290.8428
291.1826
291.0531
290.6516
289.7043
289.8419
290.4519
289.1429
287.8281
291.0776
291.0937
289.7209
290.4448
289.9399
291.0505
289.7066
288.6685
290.2094
290.4544
290.761
290.2939
290.731
289.7997
291.4269
290.3576
290.0522
290.4745
290.271
290.0412
290.1834
290.6174
290.6671
290.6027
291.3311
289.4158
291.1609
290.1651
290.7751
291.2366
293.2158
290.402
290.2126
291.5428
290.4177
290.6153
290.4543
291.1197
287.6551
288.5798
290.8181
290.8621
289.0473
291.1028
289.5525
291.5778
290.7738
291.1696
291.657
289.6142
291.294
289.9957
288.7524
289.8234
291.4901
292.5293
291.2322
291.2817
292.8329
293.1816
289.9044
291.1096
290.9382
289.4519
290.9743
291.3643
291.5464
291.1284
291.5436
291.6715
291.3433
291.0986
292.7971
291.5566
291.24
290.8582
292.3668
292.1974
290.9115
290.4289
291.1953
291.0586
290.3499
291.1182
290.1215
291.3253
292.4507
289.2346
290.7641
289.0549
289.9123
290.7185
289.4382
289.4891
290.2878
291.57
293.534
291.6758
292.5392
291.0241
290.9612
293.3097
291.4994
284.7179
291.9635
291.6762
290.7848
292.248
291.0801
290.7904
291.3422
287.0876
286.9653
287.5025
291.5494
291.2283
290.526
289.5571
291.3888
290.5501
292.7157
292.7792
291.9009
292.6223
292.2631
290.3459
290.0764
292.0692
291.6433
291.2234
290.0062
289.3961
291.4672
290.1091
290.0584
289.8727
289.694
289.8976
291.7223
289.6495
290.3928
290.4652
287.6853
285.8677
290.661
291.344
289.6009
288.4667
294.1804
292.1331
290.2738
291.2119
290.0421
287.442
291.8512
290.0269
288.5678
289.6669
287.5243
289.5891
289.8362
290.8008
287.2437
292.8822
286.7394
290.284
288.0511
287.268
286.6461
287.7772
285.8346
287.6751
287.1158
285.9455
290.8371
290.8373
291.2003
292.2416
289.6534
289.9561
286.0682
288.6285
285.2684
287.4518
289.7631
286.3436
285.514
285.0322
286.7047
284.6634
288.9143
288.1566
288.5929
290.2031
285.9705
285.8367
288.2068
287.4509
288.2141
287.0189
287.9091
289.5942
286.906
290.0267
290.3532
289.7827
288.1189
291.3654
289.2115
291.3944
291.4573
290.8857
290.7161
290.1044
288.1248
285.5579
288.6294
289.4402
290.409
291.4429
292.2575
288.8032
286.7556
288.5482
290.9381
288.3808
288.783
289.8951
285.107
287.2607
287.9843
288.8589
289.7961
291.0881
289.7934
290.6481
288.8379
288.3875
288.3538
286.3007
288.8311
290.7046
290.4688
289.7372
286.9381
287.3032
289.1378
289.0862
286.8112
286.2957
285.0231
286.24
288.5319
288.1875
288.0685
286.6035
284.736
288.0201
285.739
288.1064
290.375
290.6631
288.5292
289.754
286.4099
284.906
285.8274
291.2342
290.8864
291.5628
289.6751
289.1965
289.2327
289.4014
287.4309
287.8793
289.8071
292.0801
291.8303
290.6127
289.7353
289.7162
289.632
289.9415
289.0656
289.0149
290.8431
290.4647
291.0488
291.3827
290.3539
290.4204
288.7655
287.1473
289.9832
290.409
292.3217
291.2761
289.3002
291.3156
291.4483
290.6806
290.9226
293.5923
289.9127
291.7093
291.0987
292.2162
292.4515
290.9388
289.8914
293.3575
291.9036
292.2699
291.5426
291.4464
289.8585
289.339
288.49
288.236
288.5017
292.5154
290.1253
291.5966
290.2342
291.6456
292.0995
291.9343
291.472
293.1224
293.5172
290.6631
291.4424
291.88
289.8248
291.5817
288.3261
289.796
289.007
288.9902
289.0783
289.7232
291.3387
291.2784
292.3978
290.6649
289.0842
288.2629
285.4169
286.4517
289.515
290.3102
288.5881
288.8587
287.5302
291.9119
289.5185
286.1345
291.2204
289.6929
289.6562
289.8475
288.0391
287.8713
288.1785
289.3506
288.9589
289.3203
291.2396
286.7997
288.9443
292.743
291.6602
291.2065
289.3939
289.3106
291.2841
289.5306
290.2889
291.0471
290.2573
291.0336
292.0485
289.9846
287.8635
287.5801
289.2678
288.9254
286.8997
287.3908
289.9974
290.4465
290.7169
289.6568
289.3156
291.6168
291.5868
287.7074
289.8321
288.2166
285.1204
289.3453
289.6779
290.2926
287.0746
286.2416
285.9812
287.7946
290.1253
286.9987
286.5749
287.5238
288.6101
287.0476
286.8014
288.4242
289.1882
286.7117
284.0831
289.785
289.522
286.1408
287.4164
287.4566
289.4058
288.8585
287.6001
288.9729
289.5931
286.6977
287.7143
288.9807
289.698
289.9913
290.1326
288.2201
287.7805
290.593
289.4747
291.023
287.4964
286.9531
289.239
290.0656
290.1166
289.3618
289.034
289.2122
289.872
290.3306
292.1273
289.8736
289.9494
286.752
289.5149
288.0818
286.3531
286.7794
288.9478
288.9598
289.7094
289.2178
289.7108
288.7031
290.0953
288.8856
291.5046
289.0708
289.5943
289.5723
291.0751
289.519
289.5406
290.9224
293.3946
291.6021
291.965
293.522
291.5531
291.8544
292.1546
291.3154
292.3835
291.407
291.8675
290.854
291.026
291.2927
291.9282
291.4381
290.6826
290.8909
291.4207
291.4891
291.1341
291.5112
291.1213
291.5477
291.8193
293.1335
291.4667
290.6881
289.0659
290.8873
291.2473
290.5244
290.9663
291.11
290.8219
290.621
289.0988
290.5023
291.1311
290.3848
291.2168
290.0346
289.8962
290.5247
290.9096
290.6092
290.1587
290.2861
289.5659
288.7569
289.2696
291.0536
292.0369
289.7237
291.3403
288.5741
291.4587
292.2474
289.8375
288.8586
288.9633
285.7146
286.7859
288.3156
286.6464
287.6877
287.1553
288.241
286.6794
288.5567
286.9017
287.6892
287.2068
291.8958
289.7039
288.4136
285.9816
288.5551
290.6945
290.1343
290.5148
289.4579
289.4394
288.3498
292.1199
291.5474
288.9384
290.0204
291.4801
292.3025
291.9639
290.3142
291.2136
293.1939
288.5754
289.2136
290.7834
291.3658
291.0851
291.6194
291.3065
290.8997
291.0039
290.8311
286.9472
289.5179
289.0874
291.4242
287.1184
291.0489
289.0002
289.8811
289.5633
287.6906
288.1699
289.4591
287.1522
285.194
285.7155
286.5405
287.3396
287.8083
288.2943
289.4025
287.7714
291.6213
291.6183
285.0262
288.1144
287.0325
287.3689
290.2927
289.7202
288.2717
289.4927
290.8904
289.9132
287.2313
287.2936
289.2631
289.16
288.2472
286.7954
287.1898
284.3716
287.0689
287.8571
287.8503
287.5214
290.071
286.2575
287.8333
286.8909
287.0056
289.9429
287.6081
286.3151
288.3184
289.3478
289.1272
289.799
286.0339
286.3993
285.1786
288.8472
290.3242
291.0983
288.1948
286.9923
287.7527
288.8489
289.8947
287.5135
287.9546
290.5984
287.2469
288.76
285.7027
286.2636
293.2903
290.6546
290.2451
290.3524
288.2119
288.0244
287.0491
286.6231
286.7181
289.8431
288.9072
288.0544
287.5643
288.7478
285.0701
287.6634
286.1798
288.9355
286.8313
290.4948
289.3182
286.8358
286.5768
290.3723
288.4679
289.3907
289.5764
291.112
291.8511
291.7017
291.0721
289.8893
286.8497
288.5168
289.2072
289.8354
290.844
290.3529
289.0295
289.631
288.8965
290.159
291.2448
289.7668
288.3721
289.9172
288.4223
288.595
288.1408
290.7777
287.4051
287.0462
289.001
286.6403
285.3467
288.2086
290.6614
290.5396
288.6126
290.8837
289.2989
287.9756
289.1615
290.6236
289.366
287.909
289.2648
288.4648
289.1261
289.0105
288.3719
290.9783
289.5474
291.2526
289.5249
290.8998
287.1649
288.9526
289.3639
290.4025
291.8706
289.7305
291.9055
291.6966
291.845
289.2134
289.7882
290.8476
290.147
287.2665
289.108
285.6602
284.1922
284.52
286.3333
288.341
286.6673
287.9442
285.6078
287.8393
287.1092
286.4388
284.6218
286.3091
288.1981
285.6393
285.1668
286.3136
286.9031
290.3178
288.5143
289.0385
286.9023
286.6673
288.2275
285.0501
284.5207
285.49
287.3335
289.6956
291.4142
288.5962
288.338
288.0964
288.6464
283.7541
284.7812
288.1751
289.7109
287.5298
292.0258
286.738
287.0639
289.7554
289.7148
290.2353
290.0298
288.5541
288.3905
288.2505
287.883
286.5915
287.6185
287.559
288.6838
288.7779
288.0269
288.5373
288.9033
287.2875
289.3799
289.0693
289.2236
289.5663
290.1226
290.4838
289.2418
286.7233
289.6495
288.3402
289.1507
288.648
288.4826
287.4554
286.378
288.5462
284.9592
287.5336
288.5657
290.2755
290.0926
286.8123
287.7599
284.5273
289.1878
289.4005
288.2802
290.0038
287.5578
289.1887
290.1612
289.4795
289.6483
288.2277
287.1395
287.7908
289.1718
288.6895
289.1317
282.6496
288.3409
288.3874
287.6723
287.1775
289.1149
290.1801
288.9212
290.1182
290.5656
286.9081
288.9134
288.3187
289.159
288.4222
287.9534
289.4094
288.4577
289.4866
288.5756
289.4392
289.464
288.8429
288.6541
287.938
286.152
289.8342
288.686
285.6726
288.5476
286.9971
288.2897
289.1035
290.1018
290.3187
289.5757
288.0886
288.9113
289.3685
290.2646
289.2783
288.8513
288.6258
289.5602
287.9141
290.1244
289.1641
288.4215
290.1331
286.9731
289.0156
290.8257
290.5093
289.1086
288.4213
290.8155
291.0947
290.8194
293.1572
289.7263
290.1857
290.2725
289.1873
290.2474
290.0445
290.804
289.528
291.2758
289.1553
288.0122
290.0506
290.1786
291.3415
290.653
289.4219
289.2566
291.4374
289.7584
290.5228
290.3732
289.869
289.2229
289.494
290.4745
290.7217
290.9045
290.6367
291.2636
290.0795
288.7001
289.2489
290.6306
289.5457
287.6282
290.247
289.2169
291.5749
291.5043
291.5508
289.9668
292.0839
289.2047
291.2672
287.7094
288.0502
288.4669
288.0906
288.7738
288.6587
288.9461
287.9345
287.2431
286.4254
288.6169
290.317
289.8863
288.6039
289.8729
290.4951
290.2727
289.8842
287.9431
287.0744
286.88
287.7513
288.9072
288.3811
285.7247
285.8071
289.1005
287.7054
288.402
288.3838
289.7375
290.4562
288.7905
288.5571
289.8929
287.0963
288.8643
289.4686
289.8405
288.4144
289.3341
286.869
287.0182
289.012
291.4986
290.2021
290.9156
291.8516
288.7182
289.0881
288.4036
289.2889
288.744
289.4998
288.4995
290.8102
291.2738
290.3634
290.697
289.5853
288.8295
289.2483
291.9287
290.4595
287.9458
289.616
290.0713
288.6661
287.6798
287.5124
291.3436
290.8824
287.5575
287.1924
286.0433
287.7537
289.7795
288.2616
289.2818
289.4405
290.9387
288.2731
289.5745
291.8415
292.0022
291.9949
292.3398
291.9322
291.9153
288.857
290.5157
286.1548
286.4398
288.8078
289.9523
290.8517
289.1366
289.5608
290.7128
288.7646
287.1447
286.2464
284.1456
285.9717
288.1357
284.7555
287.821
288.392
287.3481
286.0352
285.5508
288.694
288.1185
289.3611
289.1358
285.9141
288.3159
290.8727
288.5028
289.1518
287.4375
287.1633
290.4032
287.7566
287.3791
287.6341
288.1544
287.6216
286.9883
288.8778
281.2534
291.2634
291.2104
290.9823
287.7747
290.8858
289.2228
290.5978
289.2979
290.2679
290.236
288.5377
289.4587
292.0645
