2.900007693506320265e+02
2.900676845263113250e+02
2.901290850021914594e+02
2.872952838740624202e+02
2.885105942364125440e+02
2.872952838740624202e+02
2.871897687830579002e+02
2.873245431075903866e+02
2.870434669366374010e+02
2.885105942364125440e+02
2.872952838740624202e+02
2.870434669366374010e+02
2.883157301660413623e+02
2.882019961475995160e+02
2.883157301660413623e+02
2.885105942364125440e+02
2.885105942364125440e+02
2.885105942364125440e+02
2.882317606323042014e+02
2.882019961475995160e+02
2.873245431075903866e+02
2.872952838740624202e+02
2.872165699638961200e+02
2.882019961475995160e+02
2.885105942364125440e+02
2.882317606323042014e+02
2.863236120551407566e+02
2.872952838740624202e+02
2.851874211896641782e+02
2.882019961475995160e+02
2.881598694867218455e+02
2.881598694867218455e+02
2.871897687830579002e+02
2.882019961475995160e+02
2.852833091461615709e+02
2.863236120551407566e+02
2.844851900233792321e+02
2.885105942364125440e+02
2.882019961475995160e+02
2.885105942364125440e+02
2.882019961475995160e+02
2.871266568757815207e+02
2.872952838740624202e+02
2.872165699638961200e+02
2.882019961475995160e+02
2.873245431075903866e+02
2.883157301660413623e+02
2.881533423194812826e+02
2.882028668792171402e+02
2.852833091461615709e+02
2.852833091461615709e+02
2.871897687830579002e+02
2.870434669366374010e+02
2.848959409214454013e+02
2.882019961475995160e+02
2.872952838740624202e+02
2.870434669366374010e+02
2.873245431075903866e+02
2.878489391673938371e+02
2.872952838740624202e+02
2.872952838740624202e+02
2.872952838740624202e+02
2.852833091461615709e+02
2.870434669366374010e+02
2.871897687830579002e+02
2.882019961475995160e+02
2.885454942203811015e+02
2.885105942364125440e+02
2.882317606323042014e+02
2.881623759207853936e+02
2.882019961475995160e+02
2.885105942364125440e+02
2.882019961475995160e+02
2.881623759207853936e+02
2.872952838740624202e+02
2.883157301660413623e+02
2.882019961475995160e+02
2.885454942203811015e+02
2.898572268541548169e+02
2.898572268541548169e+02
2.885105942364125440e+02
2.882317606323042014e+02
2.898816059702933785e+02
2.898816059702933785e+02
2.885454942203811015e+02
2.885105942364125440e+02
2.863049242766186353e+02
2.882019961475995160e+02
2.885105942364125440e+02
2.872952838740624202e+02
2.873281668146693733e+02
2.885105942364125440e+02
2.881623759207853936e+02
2.884658883233918232e+02
2.891833212251423220e+02
2.898572268541548169e+02
2.885105942364125440e+02
2.883157301660413623e+02
2.885105942364125440e+02
2.898572268541548169e+02
2.896656110259026491e+02
2.881741241349502616e+02
2.881749948665678858e+02
2.898572268541548169e+02
2.885105942364125440e+02
2.898572268541548169e+02
2.898572268541548169e+02
2.899995629712988716e+02
2.898572268541548169e+02
2.885105942364125440e+02
2.899995629712988716e+02
2.891556164348772313e+02
2.901284416013448322e+02
2.898572268541548169e+02
2.901284416013448322e+02
2.872523853663736872e+02
2.901284416013448322e+02
2.898816059702933785e+02
2.899992733210805227e+02
2.898877357968969477e+02
2.899995629712988716e+02
2.885007883073603807e+02
2.901284416013448322e+02
2.899934114395314850e+02
2.899931217893131361e+02
2.899992733210805227e+02
2.894356758339326348e+02
2.898618606512068823e+02
2.898618606512068823e+02
2.894356758339326348e+02
2.898618606512068823e+02
2.901284416013448322e+02
2.899992733210805227e+02
2.882019961475995160e+02
2.898572268541548169e+02
2.900007693506320265e+02
2.900029567658583574e+02
2.885105942364125440e+02
2.898572268541548169e+02
2.899992733210805227e+02
2.898572268541548169e+02
2.898572268541548169e+02
2.898995008884479603e+02
2.903030218609720237e+02
2.898877357968969477e+02
2.884636332396864304e+02
2.898918637129398235e+02
2.898995008884479603e+02
2.884658883233918232e+02
2.898572268541548169e+02
2.900362689123074347e+02
2.881503972645580234e+02
2.877973970634051284e+02
2.898726407831808842e+02
2.889557029528251633e+02
2.895804499965871059e+02
2.895804499965871059e+02
2.898618606512068823e+02
2.892894200601800208e+02
2.900044527954098044e+02
2.899992733210805227e+02
2.898816059702933785e+02
2.898572268541548169e+02
2.901284416013448322e+02
2.898618606512068823e+02
2.891220049445419136e+02
2.893050754461515339e+02
2.892894200601800208e+02
2.901136487552881817e+02
2.902181709931384148e+02
2.887403649241242078e+02
2.901284416013448322e+02
2.901284416013448322e+02
2.888373752025179897e+02
2.893261520533943667e+02
2.898726407831808842e+02
2.899123990039498153e+02
2.877973970634051284e+02
2.903959977486421735e+02
2.899931217893131361e+02
2.880614874729071744e+02
2.890618712622355133e+02
2.888373752025179897e+02
2.898572268541548169e+02
2.886282665326096435e+02
2.898995008884479603e+02
2.880614874729071744e+02
2.881741241349502616e+02
2.891690556367701674e+02
2.871902842501468172e+02
2.873281668146693733e+02
2.889557029528251633e+02
2.893050754461515339e+02
2.885105942364125440e+02
2.896656110259026491e+02
2.884658883233918232e+02
2.898572268541548169e+02
2.898572268541548169e+02
2.891690556367701674e+02
2.870434669366374010e+02
2.873281668146693733e+02
2.891556164348772313e+02
2.898572268541548169e+02
2.894356758339326348e+02
2.882317606323042014e+02
2.870434669366374010e+02
2.872165699638961200e+02
2.875777237399042292e+02
2.866463282165257169e+02
2.883157301660413623e+02
2.882019961475995160e+02
2.866541543655472424e+02
2.863049242766186353e+02
2.882019961475995160e+02
2.881533423194812826e+02
2.881598694867218455e+02
2.873281668146693733e+02
2.882019961475995160e+02
2.872952838740624202e+02
2.852833091461615709e+02
2.882028668792171402e+02
2.844851900233792321e+02
2.885454942203811015e+02
2.882028668792171402e+02
2.872952838740624202e+02
2.896656110259026491e+02
2.875971384273613012e+02
2.898572268541548169e+02
2.882019961475995160e+02
2.896656110259026491e+02
2.898572268541548169e+02
2.900029567658583574e+02
2.891833212251423220e+02
2.885105942364125440e+02
2.896656110259026491e+02
2.898572268541548169e+02
2.886282665326096435e+02
2.895499181395974233e+02
2.892894200601800208e+02
2.899934114395314850e+02
2.897676496362279295e+02
2.898618606512068823e+02
2.891690556367701674e+02
2.898816059702933785e+02
2.900010590008503755e+02
2.901284416013448322e+02
2.898816059702933785e+02
2.898572268541548169e+02
2.879624015997682136e+02
2.898572268541548169e+02
2.896656110259026491e+02
2.898572268541548169e+02
2.899995629712988716e+02
2.900010590008503755e+02
2.899992733210805227e+02
2.898572268541548169e+02
2.898572268541548169e+02
2.896632307445166816e+02
2.898995008884479603e+02
2.865607331315088686e+02
2.899995629712988716e+02
2.885007883073603807e+02
2.898572268541548169e+02
2.901284416013448322e+02
2.894274089628126490e+02
2.900007693506320265e+02
2.896604627196905994e+02
2.884658883233918232e+02
2.881497250465068305e+02
2.885007883073603807e+02
2.898816059702933785e+02
2.898618606512068823e+02
2.886282665326096435e+02
2.898618606512068823e+02
2.891556164348772313e+02
2.898572268541548169e+02
2.898572268541548169e+02
2.900010590008503755e+02
2.891556164348772313e+02
2.898572268541548169e+02
2.901284416013448322e+02
2.901284416013448322e+02
2.898572268541548169e+02
2.901284416013448322e+02
2.901136487552881817e+02
2.899934114395314850e+02
2.901136487552881817e+02
2.886293373976682801e+02
2.901284416013448322e+02
2.901284416013448322e+02
2.901136487552881817e+02
2.901136487552881817e+02
2.902014707765461594e+02
2.898618606512068823e+02
2.901284416013448322e+02
2.898816059702933785e+02
2.899992733210805227e+02
2.900010590008503755e+02
2.901284416013448322e+02
2.901136487552881817e+02
2.899328779834943930e+02
2.893095152281524634e+02
2.901284416013448322e+02
2.900029567658583574e+02
2.904498752284781062e+02
2.902966349785344278e+02
2.891690556367701674e+02
2.900029567658583574e+02
2.892894200601800208e+02
2.891690556367701674e+02
2.896604627196905994e+02
2.899934114395314850e+02
2.903841024894489919e+02
2.901290850021914594e+02
2.899934114395314850e+02
2.906284178270764187e+02
2.898618606512068823e+02
2.901136487552881817e+02
2.877973970634051284e+02
2.887403649241242078e+02
2.881503972645580234e+02
2.898618606512068823e+02
2.877904552699957321e+02
2.881741241349502616e+02
2.898816059702933785e+02
2.875777237399042292e+02
2.899931217893131361e+02
2.892894200601800208e+02
2.900962014768630297e+02
2.882019961475995160e+02
2.887053037079995761e+02
2.898572268541548169e+02
2.898618606512068823e+02
2.898572268541548169e+02
2.852833091461615709e+02
2.898618606512068823e+02
2.899992733210805227e+02
2.877973970634051284e+02
2.900010590008503755e+02
2.898572268541548169e+02
2.886293373976682801e+02
2.898918637129398235e+02
2.899995629712988716e+02
2.900029567658583574e+02
2.896604627196905994e+02
2.901284416013448322e+02
2.898816059702933785e+02
2.898572268541548169e+02
2.896656110259026491e+02
2.884658883233918232e+02
2.894484650584481642e+02
2.891833212251423220e+02
2.883157301660413623e+02
2.898572268541548169e+02
2.885105942364125440e+02
2.900029567658583574e+02
2.898816059702933785e+02
2.899992733210805227e+02
2.875929466067019575e+02
2.898816059702933785e+02
2.898572268541548169e+02
2.882019961475995160e+02
2.882317606323042014e+02
2.896656110259026491e+02
2.882019961475995160e+02
2.884658883233918232e+02
2.882019961475995160e+02
2.882028668792171402e+02
2.885105942364125440e+02
2.872952838740624202e+02
2.882028668792171402e+02
2.844851900233792321e+02
2.882019961475995160e+02
2.863049242766186353e+02
2.882019961475995160e+02
2.882028668792171402e+02
2.882019961475995160e+02
2.878489391673938371e+02
2.885105942364125440e+02
2.856488568703661599e+02
2.881598694867218455e+02
2.882019961475995160e+02
2.845270008757485130e+02
2.881623759207853936e+02
2.882028668792171402e+02
2.873281668146693733e+02
2.885105942364125440e+02
2.885105942364125440e+02
2.885105942364125440e+02
2.883157301660413623e+02
2.871266568757815207e+02
2.882028668792171402e+02
2.885454942203811015e+02
2.891833212251423220e+02
2.891833212251423220e+02
2.885454942203811015e+02
2.882317606323042014e+02
2.896656110259026491e+02
2.885454942203811015e+02
2.885454942203811015e+02
2.881623759207853936e+02
2.881623759207853936e+02
2.894484650584481642e+02
2.898816059702933785e+02
2.885105942364125440e+02
2.898816059702933785e+02
2.899992733210805227e+02
2.896656110259026491e+02
2.902181709931384148e+02
2.898816059702933785e+02
2.898572268541548169e+02
2.900029567658583574e+02
2.900029567658583574e+02
2.899992733210805227e+02
2.894274089628126490e+02
2.898572268541548169e+02
2.899995629712988716e+02
2.891833212251423220e+02
2.891556164348772313e+02
2.898816059702933785e+02
2.898572268541548169e+02
2.882317606323042014e+02
2.863236120551407566e+02
2.870434669366374010e+02
2.881533423194812826e+02
2.891833212251423220e+02
2.881503972645580234e+02
2.898572268541548169e+02
2.882028668792171402e+02
2.885454942203811015e+02
2.882019961475995160e+02
2.885454942203811015e+02
2.900029567658583574e+02
2.900029567658583574e+02
2.884658883233918232e+02
2.898726407831808842e+02
2.898877357968969477e+02
2.887053037079995761e+02
2.898877357968969477e+02
2.900044527954098044e+02
2.900044527954098044e+02
2.899777709904926155e+02
2.901284416013448322e+02
2.903841024894489919e+02
2.902966349785344278e+02
2.902811275910330551e+02
2.901284416013448322e+02
2.900007693506320265e+02
2.886727539761330377e+02
2.898726407831808842e+02
2.901136487552881817e+02
2.898726407831808842e+02
2.898918637129398235e+02
2.895685759979201634e+02
2.898877357968969477e+02
2.870434669366374010e+02
2.889557029528251633e+02
2.899992733210805227e+02
2.891220049445419136e+02
2.901284416013448322e+02
2.900010590008503755e+02
2.898618606512068823e+02
2.898618606512068823e+02
2.886282665326096435e+02
2.881741241349502616e+02
2.901284416013448322e+02
2.901284416013448322e+02
2.898618606512068823e+02
2.891556164348772313e+02
2.881741241349502616e+02
2.895804499965871059e+02
2.893050754461515339e+02
2.900044527954098044e+02
2.886697312525365646e+02
2.891220049445419136e+02
2.891233141726507370e+02
2.885007883073603807e+02
2.898618606512068823e+02
2.871902842501468172e+02
2.898572268541548169e+02
2.899995629712988716e+02
2.896632307445166816e+02
2.898918637129398235e+02
2.872657471343010798e+02
2.886293373976682801e+02
2.894274089628126490e+02
2.896604627196905994e+02
2.898618606512068823e+02
2.878360977851264124e+02
2.887424175229975845e+02
2.885105942364125440e+02
2.894274089628126490e+02
2.898572268541548169e+02
2.883157301660413623e+02
2.872165699638961200e+02
2.885105942364125440e+02
2.882710242530206415e+02
2.872952838740624202e+02
2.871266568757815207e+02
2.875971384273613012e+02
2.894356758339326348e+02
2.896604627196905994e+02
2.899992733210805227e+02
2.881598694867218455e+02
2.884658883233918232e+02
2.891833212251423220e+02
2.882710242530206415e+02
2.873616004147816625e+02
2.885454942203811015e+02
2.881741241349502616e+02
2.891833212251423220e+02
2.872952838740624202e+02
2.881623759207853936e+02
2.898816059702933785e+02
2.872952838740624202e+02
2.881623759207853936e+02
2.881533423194812826e+02
2.882019961475995160e+02
2.872952838740624202e+02
2.871266568757815207e+02
2.878489391673938371e+02
2.863049242766186353e+02
2.863049242766186353e+02
2.852833091461615709e+02
2.871266568757815207e+02
2.882019961475995160e+02
2.881623759207853936e+02
2.872952838740624202e+02
2.882019961475995160e+02
2.863236120551407566e+02
2.882028668792171402e+02
2.882028668792171402e+02
2.881533423194812826e+02
2.856488568703661599e+02
2.883157301660413623e+02
2.881623759207853936e+02
2.882028668792171402e+02
2.882019961475995160e+02
2.881623759207853936e+02
2.873281668146693733e+02
2.882028668792171402e+02
2.878489391673938371e+02
2.872165699638961200e+02
2.881598694867218455e+02
2.883157301660413623e+02
