2.895949559588667626e+02
2.903848214513978974e+02
2.904317274065954280e+02
2.874866980494658719e+02
2.885994585892279360e+02
2.874866980494658719e+02
2.869067846577556224e+02
2.877364611394722260e+02
2.874460248905393769e+02
2.885938281095423008e+02
2.878190868482125211e+02
2.869994382486882500e+02
2.885643814116191379e+02
2.882501048828931403e+02
2.885643814116191379e+02
2.885938281095423008e+02
2.885994585892279360e+02
2.885961989385556308e+02
2.884917505383158982e+02
2.881156195565400253e+02
2.880391391462716228e+02
2.878190868482125211e+02
2.879921522420276574e+02
2.881170594224487900e+02
2.886317619823492464e+02
2.884575520321433260e+02
2.878099500053428415e+02
2.882464958499882641e+02
2.872096463601380947e+02
2.882501048828931403e+02
2.880006075618127284e+02
2.880065577344311691e+02
2.873873547945198084e+02
2.881156195565400253e+02
2.866321411896105360e+02
2.873356838242838194e+02
2.872244096065991243e+02
2.886317619823492464e+02
2.882501048828931403e+02
2.885938281095423008e+02
2.882501048828931403e+02
2.870992516800579324e+02
2.874866980494658719e+02
2.872083686183883060e+02
2.881170594224487900e+02
2.882218833037767922e+02
2.885517386695545383e+02
2.882466957512432941e+02
2.883337933229668693e+02
2.877543471620150513e+02
2.880849241048704812e+02
2.873873547945198084e+02
2.878707501512025146e+02
2.882411617572932414e+02
2.883542291118507706e+02
2.880886207471329499e+02
2.878707501512025146e+02
2.882218833037767922e+02
2.877776895774693457e+02
2.880886207471329499e+02
2.875444607340883181e+02
2.878190868482125211e+02
2.877543471620150513e+02
2.874460248905393769e+02
2.878381201966394087e+02
2.882501048828931403e+02
2.886732968595521243e+02
2.885961989385556308e+02
2.884230598727391452e+02
2.883269446582572186e+02
2.881156195565400253e+02
2.885994585892279360e+02
2.882501048828931403e+02
2.884146207177863062e+02
2.880886207471329499e+02
2.885643814116191379e+02
2.881156195565400253e+02
2.886732968595521243e+02
2.889186490132316294e+02
2.888692162811004778e+02
2.885994585892279360e+02
2.884232792348284988e+02
2.889483110726150699e+02
2.889483110726150699e+02
2.886773634845872607e+02
2.885994585892279360e+02
2.867479885490971014e+02
2.881156195565400253e+02
2.886317619823492464e+02
2.875444607340883181e+02
2.879040581498496181e+02
2.885994585892279360e+02
2.883269446582572186e+02
2.887616672844420691e+02
2.887441150667769989e+02
2.889108352472935053e+02
2.885994585892279360e+02
2.885145826779407230e+02
2.885994585892279360e+02
2.889108352472935053e+02
2.888648287000324899e+02
2.883657702680622492e+02
2.884581211532789666e+02
2.889186490132316294e+02
2.885961989385556308e+02
2.889186490132316294e+02
2.889108352472935053e+02
2.890026414979204219e+02
2.889186490132316294e+02
2.885994585892279360e+02
2.889772485044534278e+02
2.888869513528904918e+02
2.892760400412232116e+02
2.889186490132316294e+02
2.890782037628642911e+02
2.871468996507812221e+02
2.892760400412232116e+02
2.889483110726150699e+02
2.891998045130058586e+02
2.894650476070424361e+02
2.891550045757568910e+02
2.888258532311900808e+02
2.892760400412232116e+02
2.899818824581535637e+02
2.900699052984508057e+02
2.891998045130058586e+02
2.892703120478729488e+02
2.893990954118615377e+02
2.893990954118615377e+02
2.892703120478729488e+02
2.893990954118615377e+02
2.892760400412232116e+02
2.891998045130058586e+02
2.881156195565400253e+02
2.890554079024767020e+02
2.895949559588667626e+02
2.892403972554861298e+02
2.885961989385556308e+02
2.889186490132316294e+02
2.891998045130058586e+02
2.890554079024767020e+02
2.890554079024767020e+02
2.900220111008811728e+02
2.905162667809014465e+02
2.894650476070424361e+02
2.887161568347997331e+02
2.898915730417942882e+02
2.900220111008811728e+02
2.887616672844420691e+02
2.890554079024767020e+02
2.902963196007329998e+02
2.882650133078691965e+02
2.882075362773978782e+02
2.898011309229361814e+02
2.890245624883682467e+02
2.897082626257356424e+02
2.897082626257356424e+02
2.893990954118615377e+02
2.893930995205757313e+02
2.896560412455127107e+02
2.891998045130058586e+02
2.889639492183735001e+02
2.890554079024767020e+02
2.897123951083142401e+02
2.893990954118615377e+02
2.893216467508263463e+02
2.895180967232773810e+02
2.893930995205757313e+02
2.902296719767018089e+02
2.897623768882900208e+02
2.887546821670048871e+02
2.897123951083142401e+02
2.897123951083142401e+02
2.889359526119706061e+02
2.896111307062068931e+02
2.898011309229361814e+02
2.900952961804013057e+02
2.882075362773978782e+02
2.905885773823600857e+02
2.900699052984508057e+02
2.884224133241470440e+02
2.892512180514790430e+02
2.889359526119706061e+02
2.890554079024767020e+02
2.890884103816861739e+02
2.900220111008811728e+02
2.884224133241470440e+02
2.883657702680622492e+02
2.892083886858688970e+02
2.869822141821475157e+02
2.876220069257227010e+02
2.890245624883682467e+02
2.895180967232773810e+02
2.885961989385556308e+02
2.888668488227251032e+02
2.887616672844420691e+02
2.890554079024767020e+02
2.889108352472935053e+02
2.892083886858688970e+02
2.874460248905393769e+02
2.876611269088248832e+02
2.888869513528904918e+02
2.890554079024767020e+02
2.892703120478729488e+02
2.884232792348284988e+02
2.874460248905393769e+02
2.876570267330930051e+02
2.877693189789337680e+02
2.865049283245397760e+02
2.885145826779407230e+02
2.881156195565400253e+02
2.866584740771135671e+02
2.867479885490971014e+02
2.881156195565400253e+02
2.878796830922414642e+02
2.880065577344311691e+02
2.881400802144428894e+02
2.882501048828931403e+02
2.880886207471329499e+02
2.880849241048704812e+02
2.883337933229668693e+02
2.872244096065991243e+02
2.886318845247203626e+02
2.884067607762499392e+02
2.878190868482125211e+02
2.888648287000324899e+02
2.876229913325730649e+02
2.889108352472935053e+02
2.882501048828931403e+02
2.887177074755446142e+02
2.889108352472935053e+02
2.890598225434155779e+02
2.887441150667769989e+02
2.886317619823492464e+02
2.888668488227251032e+02
2.890554079024767020e+02
2.890884103816861739e+02
2.896106764788062264e+02
2.893930995205757313e+02
2.899818824581535637e+02
2.899146460660189746e+02
2.893990954118615377e+02
2.892083886858688970e+02
2.889639492183735001e+02
2.895307790654663336e+02
2.890782037628642911e+02
2.889483110726150699e+02
2.890554079024767020e+02
2.880359523387737113e+02
2.890554079024767020e+02
2.888668488227251032e+02
2.890554079024767020e+02
2.891550045757568910e+02
2.895307790654663336e+02
2.891998045130058586e+02
2.889186490132316294e+02
2.890554079024767020e+02
2.893339611871792840e+02
2.900220111008811728e+02
2.866604787667038181e+02
2.891550045757568910e+02
2.888258532311900808e+02
2.889186490132316294e+02
2.890782037628642911e+02
2.889454464573261134e+02
2.895949559588667626e+02
2.890015929221741544e+02
2.887616672844420691e+02
2.881552009461992157e+02
2.888258532311900808e+02
2.891066818350523135e+02
2.893990954118615377e+02
2.890884103816861739e+02
2.893990954118615377e+02
2.888869513528904918e+02
2.890554079024767020e+02
2.890554079024767020e+02
2.895307790654663336e+02
2.888869513528904918e+02
2.889186490132316294e+02
2.890782037628642911e+02
2.892760400412232116e+02
2.890554079024767020e+02
2.897123951083142401e+02
2.902296719767018089e+02
2.899818824581535637e+02
2.902296719767018089e+02
2.891479771365839611e+02
2.897123951083142401e+02
2.897123951083142401e+02
2.902296719767018089e+02
2.902296719767018089e+02
2.902967348360179471e+02
2.893990954118615377e+02
2.890782037628642911e+02
2.889483110726150699e+02
2.891998045130058586e+02
2.895307790654663336e+02
2.897123951083142401e+02
2.902296719767018089e+02
2.901298517283891556e+02
2.894671643970006016e+02
2.890782037628642911e+02
2.890598225434155779e+02
2.893567038829636999e+02
2.890020007123262644e+02
2.892083886858688970e+02
2.890598225434155779e+02
2.893930995205757313e+02
2.892083886858688970e+02
2.890015929221741544e+02
2.899818824581535637e+02
2.890931306102264671e+02
2.904317274065954280e+02
2.899818824581535637e+02
2.907140428602369866e+02
2.893990954118615377e+02
2.902296719767018089e+02
2.882075362773978782e+02
2.887546821670048871e+02
2.882650133078691965e+02
2.893990954118615377e+02
2.880610462842250854e+02
2.883657702680622492e+02
2.889639492183735001e+02
2.877693189789337680e+02
2.900699052984508057e+02
2.893930995205757313e+02
2.903373713662460887e+02
2.881170594224487900e+02
2.886683503794047851e+02
2.890554079024767020e+02
2.893990954118615377e+02
2.890554079024767020e+02
2.862340376124186037e+02
2.893990954118615377e+02
2.890346245631170632e+02
2.882075362773978782e+02
2.895307790654663336e+02
2.890554079024767020e+02
2.891479771365839611e+02
2.898915730417942882e+02
2.890026414979204219e+02
2.890100804461048938e+02
2.890015929221741544e+02
2.892760400412232116e+02
2.889639492183735001e+02
2.889186490132316294e+02
2.888668488227251032e+02
2.887616672844420691e+02
2.888086462463093085e+02
2.887478174244019442e+02
2.885145826779407230e+02
2.889186490132316294e+02
2.885961989385556308e+02
2.890598225434155779e+02
2.889639492183735001e+02
2.889977600420757540e+02
2.879072164813543395e+02
2.889639492183735001e+02
2.889186490132316294e+02
2.881170594224487900e+02
2.884232792348284988e+02
2.888668488227251032e+02
2.881170594224487900e+02
2.887616672844420691e+02
2.881170594224487900e+02
2.883337933229668693e+02
2.885994585892279360e+02
2.875444607340883181e+02
2.882238407715593667e+02
2.877608994230242843e+02
2.883542291118507706e+02
2.877864848201721202e+02
2.882501048828931403e+02
2.882238407715593667e+02
2.881170594224487900e+02
2.881929660887440718e+02
2.885016017523039977e+02
2.880911087962422243e+02
2.883006599959333016e+02
2.883542291118507706e+02
2.882493334793357462e+02
2.883858122464645248e+02
2.884071817373766748e+02
2.881400802144428894e+02
2.886317619823492464e+02
2.885938281095423008e+02
2.885016017523039977e+02
2.885643814116191379e+02
2.875110203567472809e+02
2.882244470288071057e+02
2.886932073738498730e+02
2.886654511268209262e+02
2.887481164273542618e+02
2.886932073738498730e+02
2.884232792348284988e+02
2.888668488227251032e+02
2.886932073738498730e+02
2.886773634845872607e+02
2.884146207177863062e+02
2.884146207177863062e+02
2.888104134942259407e+02
2.888942018176972510e+02
2.886317619823492464e+02
2.891066818350523135e+02
2.887585483338733638e+02
2.888364401574849012e+02
2.890897978805399475e+02
2.889639492183735001e+02
2.889186490132316294e+02
2.892403972554861298e+02
2.892403972554861298e+02
2.890346245631170632e+02
2.889454464573261134e+02
2.889186490132316294e+02
2.891550045757568910e+02
2.887441150667769989e+02
2.888869513528904918e+02
2.889483110726150699e+02
2.889108352472935053e+02
2.884230598727391452e+02
2.865401856139695269e+02
2.869994382486882500e+02
2.878931447139095781e+02
2.887478174244019442e+02
2.882650133078691965e+02
2.890554079024767020e+02
2.882238407715593667e+02
2.886732968595521243e+02
2.881170594224487900e+02
2.886732968595521243e+02
2.890100804461048938e+02
2.890598225434155779e+02
2.887616672844420691e+02
2.898011309229361814e+02
2.894650476070424361e+02
2.886683503794047851e+02
2.894650476070424361e+02
2.896560412455127107e+02
2.896560412455127107e+02
2.902707955925968122e+02
2.897123951083142401e+02
2.890931306102264671e+02
2.898044418901274071e+02
2.903524155915036999e+02
2.897123951083142401e+02
2.895949559588667626e+02
2.890286009707909329e+02
2.898011309229361814e+02
2.902296719767018089e+02
2.898011309229361814e+02
2.898915730417942882e+02
2.895448848959713928e+02
2.894650476070424361e+02
2.867936788725935457e+02
2.890245624883682467e+02
2.891998045130058586e+02
2.893216467508263463e+02
2.897123951083142401e+02
2.895307790654663336e+02
2.893990954118615377e+02
2.893990954118615377e+02
2.890884103816861739e+02
2.883657702680622492e+02
2.897123951083142401e+02
2.897123951083142401e+02
2.893990954118615377e+02
2.888869513528904918e+02
2.883657702680622492e+02
2.897082626257356424e+02
2.895180967232773810e+02
2.896560412455127107e+02
2.889022044969306648e+02
2.893216467508263463e+02
2.894282864465253624e+02
2.888258532311900808e+02
2.893990954118615377e+02
2.869822141821475157e+02
2.890554079024767020e+02
2.891550045757568910e+02
2.893339611871792840e+02
2.898915730417942882e+02
2.873777112675296053e+02
2.891479771365839611e+02
2.889454464573261134e+02
2.890015929221741544e+02
2.893990954118615377e+02
2.883415632734261180e+02
2.888320320246015740e+02
2.885961989385556308e+02
2.889454464573261134e+02
2.890554079024767020e+02
2.885127994478087885e+02
2.876570267330930051e+02
2.886317619823492464e+02
2.886937028617593342e+02
2.875444607340883181e+02
2.869292561515784996e+02
2.876229913325730649e+02
2.892703120478729488e+02
2.890015929221741544e+02
2.891998045130058586e+02
2.880006075618127284e+02
2.887616672844420691e+02
2.887441150667769989e+02
2.886937028617593342e+02
2.873100407013881750e+02
2.886773634845872607e+02
2.883657702680622492e+02
2.887478174244019442e+02
2.875444607340883181e+02
2.883261480509598869e+02
2.887487736476627447e+02
2.882464958499882641e+02
2.884329852603477207e+02
2.883414772105857082e+02
2.882501048828931403e+02
2.878190868482125211e+02
2.879075399264513067e+02
2.881929660887440718e+02
2.877864848201721202e+02
2.880997004808780275e+02
2.877543471620150513e+02
2.875110203567472809e+02
2.883542291118507706e+02
2.884146207177863062e+02
2.882464958499882641e+02
2.882501048828931403e+02
2.868225628869216735e+02
2.883337933229668693e+02
2.883337933229668693e+02
2.882466957512432941e+02
2.880911087962422243e+02
2.885517386695545383e+02
2.884329852603477207e+02
2.884071817373766748e+02
2.883542291118507706e+02
2.884329852603477207e+02
2.883192446100816255e+02
2.884067607762499392e+02
2.879905162658504310e+02
2.876570267330930051e+02
2.880065577344311691e+02
2.885127994478087885e+02
