2.880980834960937500e+02
2.881529541015625000e+02
2.881522827148437500e+02
2.871344299316406250e+02
2.876708068847656250e+02
2.871344299316406250e+02
2.868086853027343750e+02
2.870791320800781250e+02
2.868624267578125000e+02
2.876694335937500000e+02
2.871331481933593750e+02
2.868630371093750000e+02
2.876166992187500000e+02
2.874024047851562500e+02
2.876166992187500000e+02
2.876694335937500000e+02
2.876708068847656250e+02
2.876714477539062500e+02
2.875632019042968750e+02
2.874036865234375000e+02
2.870784912109375000e+02
2.871331481933593750e+02
2.870243530273437500e+02
2.874030151367187500e+02
2.876701049804687500e+02
2.875617980957031250e+02
2.867530822753906250e+02
2.871318054199218750e+02
2.865355224609375000e+02
2.874024047851562500e+02
2.873499450683593750e+02
2.873493041992187500e+02
2.868081054687500000e+02
2.874036865234375000e+02
2.865907287597656250e+02
2.867536621093750000e+02
2.863163757324218750e+02
2.876701049804687500e+02
2.874024047851562500e+02
2.876694335937500000e+02
2.874024047851562500e+02
2.869173583984375000e+02
2.871344299316406250e+02
2.870263061523437500e+02
2.874030151367187500e+02
2.870777893066406250e+02
2.876159973144531250e+02
2.872941894531250000e+02
2.874560546875000000e+02
2.865895080566406250e+02
2.865888671875000000e+02
2.868081054687500000e+02
2.868617858886718750e+02
2.864241638183593750e+02
2.874017028808593750e+02
2.871325073242187500e+02
2.868617858886718750e+02
2.870777893066406250e+02
2.872416687011718750e+02
2.871325073242187500e+02
2.871337890625000000e+02
2.871331481933593750e+02
2.865895080566406250e+02
2.868623962402343750e+02
2.868074340820312500e+02
2.874024047851562500e+02
2.877248229980468750e+02
2.876714477539062500e+02
2.875645141601562500e+02
2.875109863281250000e+02
2.874036865234375000e+02
2.876708068847656250e+02
2.874024047851562500e+02
2.875096740722656250e+02
2.871325073242187500e+02
2.876166992187500000e+02
2.874036865234375000e+02
2.877248229980468750e+02
2.879376831054687500e+02
2.879363403320312500e+02
2.876708068847656250e+02
2.875638732910156250e+02
2.879901428222656250e+02
2.879901428222656250e+02
2.877241516113281250e+02
2.876708068847656250e+02
2.866998596191406250e+02
2.874036865234375000e+02
2.876701049804687500e+02
2.871337890625000000e+02
2.871871337890625000e+02
2.876708068847656250e+02
2.875109863281250000e+02
2.876720886230468750e+02
2.877781372070312500e+02
2.879370422363281250e+02
2.876708068847656250e+02
2.876173400878906250e+02
2.876708068847656250e+02
2.879370422363281250e+02
2.878839111328125000e+02
2.874043579101562500e+02
2.874579772949218750e+02
2.879376831054687500e+02
2.876714477539062500e+02
2.879376831054687500e+02
2.879370422363281250e+02
2.880437622070312500e+02
2.879376831054687500e+02
2.876708068847656250e+02
2.880430908203125000e+02
2.877788085937500000e+02
2.882031555175781250e+02
2.879376831054687500e+02
2.882024841308593750e+02
2.869185791015625000e+02
2.882031555175781250e+02
2.879901428222656250e+02
2.880974426269531250e+02
2.879921264648437500e+02
2.880444946289062500e+02
2.877254638671875000e+02
2.882031555175781250e+02
2.880457458496093750e+02
2.880987243652343750e+02
2.880974426269531250e+02
2.878327331542968750e+02
2.879390258789062500e+02
2.879390258789062500e+02
2.878327331542968750e+02
2.879390258789062500e+02
2.882031555175781250e+02
2.880974426269531250e+02
2.874036865234375000e+02
2.879384155273437500e+02
2.880980834960937500e+02
2.881503295898437500e+02
2.876714477539062500e+02
2.879376831054687500e+02
2.880974426269531250e+02
2.879384155273437500e+02
2.879384155273437500e+02
2.879403076171875000e+02
2.882051696777343750e+02
2.879921264648437500e+02
2.872447509765625000e+02
2.879927673339843750e+02
2.879403076171875000e+02
2.876720886230468750e+02
2.879384155273437500e+02
2.881000366210937500e+02
2.873506164550781250e+02
2.871356506347656250e+02
2.879396667480468750e+02
2.874055480957031250e+02
2.877807006835937500e+02
2.877807006835937500e+02
2.879390258789062500e+02
2.876734008789062500e+02
2.881510009765625000e+02
2.880974426269531250e+02
2.879907836914062500e+02
2.879384155273437500e+02
2.882038574218750000e+02
2.879390258789062500e+02
2.876199340820312500e+02
2.876739807128906250e+02
2.876734008789062500e+02
2.882044677734375000e+02
2.882566223144531250e+02
2.874049377441406250e+02
2.882038574218750000e+02
2.882038574218750000e+02
2.873518066406250000e+02
2.877273559570312500e+02
2.879396667480468750e+02
2.879940185546875000e+02
2.871356506347656250e+02
2.882579345703125000e+02
2.880987243652343750e+02
2.871368408203125000e+02
2.875664367675781250e+02
2.873518066406250000e+02
2.879384155273437500e+02
2.876727600097656250e+02
2.879403076171875000e+02
2.871368408203125000e+02
2.874043579101562500e+02
2.877794494628906250e+02
2.868642578125000000e+02
2.871884155273437500e+02
2.874056091308593750e+02
2.876739807128906250e+02
2.876714477539062500e+02
2.878845825195312500e+02
2.876720886230468750e+02
2.879384155273437500e+02
2.879370422363281250e+02
2.877794494628906250e+02
2.868624267578125000e+02
2.871877746582031250e+02
2.877788085937500000e+02
2.879384155273437500e+02
2.878327331542968750e+02
2.875638732910156250e+02
2.868624267578125000e+02
2.870250549316406250e+02
2.871351013183593750e+02
2.867010498046875000e+02
2.876173400878906250e+02
2.874036865234375000e+02
2.867555236816406250e+02
2.866998596191406250e+02
2.874036865234375000e+02
2.872961730957031250e+02
2.873493041992187500e+02
2.871864624023437500e+02
2.874024047851562500e+02
2.871325073242187500e+02
2.865888671875000000e+02
2.874560546875000000e+02
2.863163757324218750e+02
2.877227783203125000e+02
2.874553527832031250e+02
2.871331481933593750e+02
2.878839111328125000e+02
2.870810546875000000e+02
2.879370422363281250e+02
2.874024047851562500e+02
2.878825378417968750e+02
2.879370422363281250e+02
2.881496582031250000e+02
2.877781372070312500e+02
2.876701049804687500e+02
2.878845825195312500e+02
2.879384155273437500e+02
2.876727600097656250e+02
2.878351745605468750e+02
2.876734008789062500e+02
2.880457458496093750e+02
2.878872070312500000e+02
2.879390258789062500e+02
2.877794494628906250e+02
2.879907836914062500e+02
2.880451354980468750e+02
2.882024841308593750e+02
2.879901428222656250e+02
2.879384155273437500e+02
2.872429809570312500e+02
2.879384155273437500e+02
2.878845825195312500e+02
2.879384155273437500e+02
2.880444946289062500e+02
2.880451354980468750e+02
2.880974426269531250e+02
2.879377136230468750e+02
2.879384155273437500e+02
2.878858947753906250e+02
2.879403076171875000e+02
2.866471557617187500e+02
2.880444946289062500e+02
2.877254638671875000e+02
2.879376831054687500e+02
2.882024841308593750e+02
2.878320312500000000e+02
2.880980834960937500e+02
2.878852539062500000e+02
2.876720886230468750e+02
2.872967834472656250e+02
2.877254638671875000e+02
2.879914855957031250e+02
2.879390258789062500e+02
2.876727600097656250e+02
2.879390258789062500e+02
2.877788085937500000e+02
2.879384155273437500e+02
2.879384155273437500e+02
2.880451354980468750e+02
2.877788085937500000e+02
2.879376831054687500e+02
2.882024841308593750e+02
2.882031555175781250e+02
2.879384155273437500e+02
2.882038574218750000e+02
2.882044677734375000e+02
2.880457458496093750e+02
2.882044677734375000e+02
2.877261657714843750e+02
2.882038574218750000e+02
2.882038574218750000e+02
2.882044677734375000e+02
2.882044677734375000e+02
2.882572937011718750e+02
2.879390258789062500e+02
2.882024841308593750e+02
2.879901428222656250e+02
2.880974426269531250e+02
2.880451354980468750e+02
2.882038574218750000e+02
2.882044677734375000e+02
2.879934082031250000e+02
2.877267761230468750e+02
2.882024841308593750e+02
2.881496582031250000e+02
2.884664611816406250e+02
2.883072814941406250e+02
2.877794494628906250e+02
2.881496582031250000e+02
2.876734008789062500e+02
2.877794494628906250e+02
2.878852539062500000e+02
2.880457458496093750e+02
2.883606567382812500e+02
2.881522827148437500e+02
2.880457458496093750e+02
2.884159545898437500e+02
2.879390258789062500e+02
2.882044677734375000e+02
2.871356506347656250e+02
2.874049377441406250e+02
2.873506164550781250e+02
2.879390258789062500e+02
2.870816040039062500e+02
2.874043579101562500e+02
2.879907836914062500e+02
2.871351013183593750e+02
2.880987243652343750e+02
2.876734008789062500e+02
2.880993957519531250e+02
2.874030151367187500e+02
2.873512268066406250e+02
2.879384155273437500e+02
2.879390258789062500e+02
2.879384155273437500e+02
2.865914001464843750e+02
2.879390258789062500e+02
2.880967712402343750e+02
2.871356506347656250e+02
2.880451354980468750e+02
2.879384155273437500e+02
2.877261657714843750e+02
2.879927673339843750e+02
2.880437622070312500e+02
2.881489562988281250e+02
2.878852539062500000e+02
2.882031555175781250e+02
2.879907836914062500e+02
2.879376831054687500e+02
2.878845825195312500e+02
2.876720886230468750e+02
2.878313903808593750e+02
2.877774353027343750e+02
2.876173400878906250e+02
2.879376831054687500e+02
2.876714477539062500e+02
2.881496582031250000e+02
2.879907836914062500e+02
2.880960693359375000e+02
2.871890258789062500e+02
2.879907836914062500e+02
2.879376831054687500e+02
2.874030151367187500e+02
2.875638732910156250e+02
2.878845825195312500e+02
2.874030151367187500e+02
2.876720886230468750e+02
2.874030151367187500e+02
2.874560546875000000e+02
2.876708068847656250e+02
2.871337890625000000e+02
2.874567260742187500e+02
2.863157958984375000e+02
2.874017028808593750e+02
2.866986083984375000e+02
2.874024047851562500e+02
2.874567260742187500e+02
2.874030151367187500e+02
2.872403259277343750e+02
2.876687316894531250e+02
2.866434326171875000e+02
2.873479919433593750e+02
2.874017028808593750e+02
2.862045898437500000e+02
2.875075683593750000e+02
2.874546508789062500e+02
2.871864624023437500e+02
2.876701049804687500e+02
2.876694335937500000e+02
2.876687316894531250e+02
2.876166992187500000e+02
2.869166870117187500e+02
2.874573974609375000e+02
2.877234802246093750e+02
2.877760925292968750e+02
2.877767944335937500e+02
2.877234802246093750e+02
2.875638732910156250e+02
2.878845825195312500e+02
2.877234802246093750e+02
2.877241516113281250e+02
2.875096740722656250e+02
2.875096740722656250e+02
2.878306884765625000e+02
2.879893798828125000e+02
2.876701049804687500e+02
2.879914855957031250e+02
2.880946350097656250e+02
2.878832092285156250e+02
2.882552490234375000e+02
2.879907836914062500e+02
2.879376831054687500e+02
2.881503295898437500e+02
2.881503295898437500e+02
2.880967712402343750e+02
2.878320312500000000e+02
2.879377136230468750e+02
2.880444946289062500e+02
2.877781372070312500e+02
2.877788085937500000e+02
2.879901428222656250e+02
2.879370422363281250e+02
2.875645141601562500e+02
2.867549438476562500e+02
2.868630371093750000e+02
2.872955322265625000e+02
2.877774658203125000e+02
2.873506164550781250e+02
2.879384155273437500e+02
2.874567260742187500e+02
2.877248229980468750e+02
2.874030151367187500e+02
2.877248229980468750e+02
2.881489562988281250e+02
2.881496582031250000e+02
2.876720886230468750e+02
2.879396667480468750e+02
2.879921264648437500e+02
2.873512268066406250e+02
2.879921264648437500e+02
2.881510009765625000e+02
2.881510009765625000e+02
2.887296752929687500e+02
2.882038574218750000e+02
2.883606567382812500e+02
2.883093566894531250e+02
2.883099670410156250e+02
2.882038269042968750e+02
2.880980834960937500e+02
2.876193237304687500e+02
2.879396667480468750e+02
2.882044677734375000e+02
2.879396667480468750e+02
2.879927673339843750e+02
2.877800903320312500e+02
2.879921264648437500e+02
2.868636779785156250e+02
2.874055480957031250e+02
2.880974426269531250e+02
2.876199340820312500e+02
2.882038574218750000e+02
2.880451354980468750e+02
2.879390258789062500e+02
2.879390258789062500e+02
2.876727600097656250e+02
2.874043579101562500e+02
2.882038574218750000e+02
2.882038574218750000e+02
2.879390258789062500e+02
2.877788085937500000e+02
2.874043579101562500e+02
2.877807006835937500e+02
2.876739807128906250e+02
2.881510009765625000e+02
2.875122680664062500e+02
2.876199340820312500e+02
2.876205444335937500e+02
2.877254638671875000e+02
2.879390258789062500e+02
2.868642578125000000e+02
2.879384155273437500e+02
2.880444946289062500e+02
2.878858947753906250e+02
2.879927673339843750e+02
2.868648681640625000e+02
2.877261657714843750e+02
2.878320312500000000e+02
2.878852539062500000e+02
2.879390258789062500e+02
2.871896362304687500e+02
2.874586486816406250e+02
2.876714477539062500e+02
2.878320312500000000e+02
2.879384155273437500e+02
2.876179809570312500e+02
2.870250549316406250e+02
2.876701049804687500e+02
2.876186828613281250e+02
2.871337890625000000e+02
2.869179077148437500e+02
2.870810546875000000e+02
2.878327331542968750e+02
2.878852539062500000e+02
2.880974426269531250e+02
2.873499755859375000e+02
2.876720886230468750e+02
2.877781372070312500e+02
2.876186828613281250e+02
2.869727783203125000e+02
2.877241516113281250e+02
2.874043579101562500e+02
2.877774353027343750e+02
2.871337890625000000e+02
2.875103149414062500e+02
2.879886779785156250e+02
2.871318054199218750e+02
2.875083007812500000e+02
2.872928161621093750e+02
2.874024047851562500e+02
2.871331481933593750e+02
2.869160156250000000e+02
2.872403259277343750e+02
2.866986083984375000e+02
2.866979370117187500e+02
2.865895080566406250e+02
2.869166870117187500e+02
2.874017028808593750e+02
2.875096740722656250e+02
2.871318054199218750e+02
2.874024047851562500e+02
2.867543334960937500e+02
2.874560546875000000e+02
2.874560546875000000e+02
2.872941894531250000e+02
2.866434326171875000e+02
2.876159973144531250e+02
2.875083007812500000e+02
2.874546508789062500e+02
2.874017028808593750e+02
2.875083007812500000e+02
2.871850891113281250e+02
2.874553833007812500e+02
2.872410278320312500e+02
2.870250549316406250e+02
2.873493041992187500e+02
2.876179809570312500e+02
