2.870632019042968750e+02
2.870068969726562500e+02
2.871384887695312500e+02
2.871486816406250000e+02
2.871486816406250000e+02
2.871015014648437500e+02
2.870912475585937500e+02
2.871869201660156250e+02
2.871015014648437500e+02
2.871869201660156250e+02
2.870350952148437500e+02
2.871869201660156250e+02
2.871015014648437500e+02
2.870057373046875000e+02
2.871015014648437500e+02
2.871588439941406250e+02
2.871588439941406250e+02
2.871869201660156250e+02
2.871970214843750000e+02
2.872261352539062500e+02
2.871879882812500000e+02
2.871307373046875000e+02
2.872070312500000000e+02
2.871689147949218750e+02
2.871307373046875000e+02
2.871588439941406250e+02
2.871598205566406250e+02
2.871307373046875000e+02
2.870823669433593750e+02
2.870733947753906250e+02
2.872250976562500000e+02
2.867749023437500000e+02
2.870542602539062500e+02
2.871588439941406250e+02
2.871307373046875000e+02
2.870451660156250000e+02
2.870440673828125000e+02
2.866783142089843750e+02
2.871869201660156250e+02
2.870733947753906250e+02
2.870632019042968750e+02
2.871588439941406250e+02
2.869584045410156250e+02
2.870530090332031250e+02
2.871001892089843750e+02
2.870721435546875000e+02
2.869865417480468750e+02
2.869200134277343750e+02
2.870618591308593750e+02
2.866290283203125000e+02
2.871090087890625000e+02
2.871486816406250000e+02
2.871104431152343750e+02
2.871384887695312500e+02
2.870618591308593750e+02
2.871193237304687500e+02
2.870823669433593750e+02
2.870552062988281250e+02
2.870743103027343750e+02
2.870169372558593750e+02
2.871788940429687500e+02
2.871689147949218750e+02
2.872261352539062500e+02
2.871025390625000000e+02
2.870632019042968750e+02
2.870912475585937500e+02
2.871588439941406250e+02
2.870632019042968750e+02
2.871588439941406250e+02
2.869378051757812500e+02
2.871384887695312500e+02
2.870234985351562500e+02
2.870912475585937500e+02
2.871001892089843750e+02
2.870912475585937500e+02
2.871015014648437500e+02
2.870248718261718750e+02
2.871766967773437500e+02
2.871015014648437500e+02
2.870632019042968750e+02
2.871407165527343750e+02
2.869786376953125000e+02
2.869301452636718750e+02
2.871206359863281250e+02
2.870912475585937500e+02
2.871116027832031250e+02
2.870158996582031250e+02
2.867852783203125000e+02
2.868134765625000000e+02
2.871307373046875000e+02
2.868533020019531250e+02
2.871025390625000000e+02
2.868430480957031250e+02
2.869186096191406250e+02
2.869378051757812500e+02
2.872250976562500000e+02
2.871498107910156250e+02
2.868815612792968750e+02
2.871689147949218750e+02
2.869007568359375000e+02
2.868725280761718750e+02
2.870451660156250000e+02
2.868250732421875000e+02
2.871689147949218750e+02
2.871397094726562500e+02
2.868815612792968750e+02
2.871689147949218750e+02
2.871116027832031250e+02
2.869289245605468750e+02
2.869096984863281250e+02
2.871779174804687500e+02
2.868815612792968750e+02
2.867570495605468750e+02
2.868533020019531250e+02
2.869289245605468750e+02
2.868905029296875000e+02
