2.889599316500730879e+02
2.901866138684072780e+02
2.894390826793468818e+02
2.897221254199457690e+02
2.897221254199457690e+02
2.897477521170502541e+02
2.885324984210162711e+02
2.894418107895226626e+02
2.897477521170502541e+02
2.894418107895226626e+02
2.894616977160995361e+02
2.894418107895226626e+02
2.897477521170502541e+02
2.896256352687877325e+02
2.897477521170502541e+02
2.891588771086545080e+02
2.891588771086545080e+02
2.894418107895226626e+02
2.882196637192591879e+02
2.897310108754595603e+02
2.897375830754595540e+02
2.897935735689017065e+02
2.897310108754595603e+02
2.898580491552561966e+02
2.897935735689017065e+02
2.891588771086545080e+02
2.900769406693992210e+02
2.897935735689017065e+02
2.895287868485057174e+02
2.896082242207853596e+02
2.887163793836093078e+02
2.889963876783863270e+02
2.894536838128333898e+02
2.891588771086545080e+02
2.897935735689017065e+02
2.892631144721000283e+02
2.893808140451067743e+02
2.870561719152113938e+02
2.894418107895226626e+02
2.896082242207853596e+02
2.889599316500730879e+02
2.891588771086545080e+02
2.893487407280192656e+02
2.896717896763782960e+02
2.895308629187395013e+02
2.893219021360122838e+02
2.893495016680545291e+02
2.889911410378242635e+02
2.895469746207947423e+02
2.868400536975416912e+02
2.891321902379764310e+02
2.897221254199457690e+02
2.899210575390933968e+02
2.894390826793468818e+02
2.895469746207947423e+02
2.890015513629059001e+02
2.895287868485057174e+02
2.881872997012926589e+02
2.883097595991976618e+02
2.887108869070175388e+02
2.900759713693992126e+02
2.898580491552561966e+02
2.897310108754595603e+02
2.906780629180083793e+02
2.889599316500730879e+02
2.885324984210162711e+02
2.891588771086545080e+02
2.889599316500730879e+02
2.891588771086545080e+02
2.896023289830986869e+02
2.894390826793468818e+02
2.892950472581630947e+02
2.885324984210162711e+02
2.895308629187395013e+02
2.885324984210162711e+02
2.897477521170502541e+02
2.896504731346576591e+02
2.892008911836508673e+02
2.897477521170502541e+02
2.889599316500730879e+02
2.901331435958212523e+02
2.891556952597597956e+02
2.898154140573765289e+02
2.897485515900393125e+02
2.885324984210162711e+02
2.893962933662238584e+02
2.894887464459274042e+02
2.866588216631365640e+02
2.883886960587120711e+02
2.897935735689017065e+02
2.900633843382814234e+02
2.906780629180083793e+02
2.883572671875420497e+02
2.894338411180917774e+02
2.896023289830986869e+02
2.887163793836093078e+02
2.899776151094552006e+02
2.887832119875921535e+02
2.898580491552561966e+02
2.889946880086141050e+02
2.895310006723289007e+02
2.892631144721000283e+02
2.888040595133310831e+02
2.898580491552561966e+02
2.897368372477350817e+02
2.887832119875921535e+02
2.898580491552561966e+02
2.893962933662238584e+02
2.897645205208693255e+02
2.899138604760048565e+02
2.890735733900724540e+02
2.887832119875921535e+02
2.875106224114982183e+02
2.900633843382814234e+02
2.897645205208693255e+02
2.887205279513910341e+02
