2.887395629882812500e+02
2.887309265136718750e+02
2.887527160644531250e+02
2.887575683593750000e+02
2.887575683593750000e+02
2.887486877441406250e+02
2.887438659667968750e+02
2.887667236328125000e+02
2.887486877441406250e+02
2.887667236328125000e+02
2.887352294921875000e+02
2.887667236328125000e+02
2.887486877441406250e+02
2.887257995605468750e+02
2.887486877441406250e+02
2.887623901367187500e+02
2.887623901367187500e+02
2.887667236328125000e+02
2.887715148925781250e+02
2.887808532714843750e+02
2.887717590332031250e+02
2.887580871582031250e+02
2.887763061523437500e+02
2.887672119140625000e+02
2.887580871582031250e+02
2.887623901367187500e+02
2.887673950195312500e+02
2.887580871582031250e+02
2.887441101074218750e+02
2.887443847656250000e+02
2.887758178710937500e+02
2.886705322265625000e+02
2.887398071289062500e+02
2.887623901367187500e+02
2.887580871582031250e+02
2.887400512695312500e+02
2.887349853515625000e+02
2.886473388671875000e+02
2.887667236328125000e+02
2.887443847656250000e+02
2.887395629882812500e+02
2.887623901367187500e+02
2.887168884277343750e+02
2.887346801757812500e+02
2.887435607910156250e+02
2.887392272949218750e+02
2.887211914062500000e+02
2.887077026367187500e+02
2.887344055175781250e+02
2.886330871582031250e+02
2.887432861328125000e+02
2.887575683593750000e+02
2.887484436035156250e+02
2.887527160644531250e+02
2.887344055175781250e+02
2.887481384277343750e+02
2.887441101074218750e+02
2.887449035644531250e+02
2.887494506835937500e+02
2.887357482910156250e+02
2.887720031738281250e+02
2.887672119140625000e+02
2.887808532714843750e+02
2.887537536621093750e+02
2.887395629882812500e+02
2.887438659667968750e+02
2.887623901367187500e+02
2.887395629882812500e+02
2.887623901367187500e+02
2.887071228027343750e+02
2.887527160644531250e+02
2.887252197265625000e+02
2.887438659667968750e+02
2.887435607910156250e+02
2.887438659667968750e+02
2.887486877441406250e+02
2.887303771972656250e+02
2.887619018554687500e+02
2.887486877441406250e+02
2.887395629882812500e+02
2.887628784179687500e+02
2.887265625000000000e+02
2.887125549316406250e+02
2.887532653808593750e+02
2.887438659667968750e+02
2.887535095214843750e+02
2.887306518554687500e+02
2.886754455566406250e+02
2.886797485351562500e+02
2.887580871582031250e+02
2.886941528320312500e+02
2.887537536621093750e+02
2.886893005371093750e+02
2.887025451660156250e+02
2.887071228027343750e+02
2.887758178710937500e+02
2.887626342773437500e+02
2.886984863281250000e+02
2.887672119140625000e+02
2.887030944824218750e+02
2.886987915039062500e+02
2.887400512695312500e+02
2.886898193359375000e+02
2.887672119140625000e+02
2.887578735351562500e+02
2.886984863281250000e+02
2.887672119140625000e+02
2.887535095214843750e+02
2.887074279785156250e+02
2.887028198242187500e+02
2.887669677734375000e+02
2.886984863281250000e+02
2.886711120605468750e+02
2.886941528320312500e+02
2.887074279785156250e+02
2.886982116699218750e+02
