2.907128601074218750e+02
2.906763610839843750e+02
2.907663574218750000e+02
2.907822265625000000e+02
2.907822265625000000e+02
2.907469482421875000e+02
2.907311096191406250e+02
2.908162536621093750e+02
2.907469482421875000e+02
2.908162536621093750e+02
2.906946411132812500e+02
2.908162536621093750e+02
2.907469482421875000e+02
2.906616210937500000e+02
2.907469482421875000e+02
2.907980957031250000e+02
2.907980957031250000e+02
2.908162536621093750e+02
2.908320922851562500e+02
2.908649291992187500e+02
2.908309326171875000e+02
2.907798461914062500e+02
2.908479309082031250e+02
2.908139343261718750e+02
2.907798461914062500e+02
2.907980957031250000e+02
2.908127136230468750e+02
2.907798461914062500e+02
2.907299194335937500e+02
2.907287597656250000e+02
2.908503112792968750e+02
2.904561767578125000e+02
2.907116394042968750e+02
2.907980957031250000e+02
2.907798461914062500e+02
2.907104797363281250e+02
2.906957702636718750e+02
2.903703002929687500e+02
2.908162536621093750e+02
2.907287597656250000e+02
2.907128601074218750e+02
2.907980957031250000e+02
2.906262817382812500e+02
2.906969604492187500e+02
2.907322387695312500e+02
2.907140197753906250e+02
2.906445617675781250e+02
2.905921020507812500e+02
2.906981201171875000e+02
2.903197937011718750e+02
2.907333984375000000e+02
2.907822265625000000e+02
2.907481689453125000e+02
2.907663574218750000e+02
2.906981201171875000e+02
2.907492980957031250e+02
2.907299194335937500e+02
2.907263488769531250e+02
2.907433776855468750e+02
2.906922302246093750e+02
2.908297119140625000e+02
2.908139343261718750e+02
2.908649291992187500e+02
2.907616271972656250e+02
2.907128601074218750e+02
2.907311096191406250e+02
2.907980957031250000e+02
2.907128601074218750e+02
2.907980957031250000e+02
2.905944213867187500e+02
2.907663574218750000e+02
2.906639404296875000e+02
2.907311096191406250e+02
2.907322387695312500e+02
2.907311096191406250e+02
2.907469482421875000e+02
2.906787109375000000e+02
2.908004150390625000e+02
2.907469482421875000e+02
2.907128601074218750e+02
2.907956542968750000e+02
2.906580810546875000e+02
2.906080017089843750e+02
2.907640075683593750e+02
2.907311096191406250e+02
2.907628173828125000e+02
2.906775207519531250e+02
2.904721374511718750e+02
2.904905090332031250e+02
2.907798461914062500e+02
2.905395507812500000e+02
2.907616271972656250e+02
2.905236206054687500e+02
2.905773315429687500e+02
2.905944213867187500e+02
2.908503112792968750e+02
2.907969055175781250e+02
2.905578613281250000e+02
2.908139343261718750e+02
2.905749816894531250e+02
2.905567016601562500e+02
2.907104797363281250e+02
2.905212402343750000e+02
2.908139343261718750e+02
2.907810363769531250e+02
2.905578613281250000e+02
2.908139343261718750e+02
2.907628173828125000e+02
2.905932312011718750e+02
2.905761413574218750e+02
2.908151245117187500e+02
2.905578613281250000e+02
2.904538879394531250e+02
2.905395507812500000e+02
2.905932312011718750e+02
2.905590515136718750e+02
