2.896863187365954104e+02
2.894284541447374295e+02
2.893159756913257752e+02
2.893975465268796370e+02
2.893975465268796370e+02
2.896115630272500425e+02
2.895353002775159439e+02
2.893279779729704160e+02
2.896115630272500425e+02
2.893279779729704160e+02
2.896342993970776547e+02
2.893279779729704160e+02
2.896115630272500425e+02
2.897193989141955512e+02
2.896115630272500425e+02
2.894782682035656194e+02
2.894782682035656194e+02
2.893279779729704160e+02
2.893935796432563166e+02
2.891403108531025055e+02
2.892543217739406600e+02
2.894343289331957862e+02
2.891962083480643741e+02
2.893141138484493808e+02
2.894343289331957862e+02
2.894782682035656194e+02
2.888152172928496952e+02
2.894343289331957862e+02
2.896519831588628904e+02
2.895862576482631425e+02
2.892783757040361365e+02
2.877602647157002593e+02
2.896179249228257504e+02
2.894782682035656194e+02
2.894343289331957862e+02
2.893384455775392325e+02
2.897113703983412165e+02
2.865113863561564358e+02
2.893279779729704160e+02
2.895862576482631425e+02
2.896863187365954104e+02
2.894782682035656194e+02
2.894765156504961965e+02
2.896272224224151728e+02
2.893787248872600344e+02
2.895832629103866793e+02
2.896951405591966591e+02
2.892266587310840578e+02
2.894475021372915648e+02
2.864696371601762053e+02
2.893516068735783051e+02
2.893975465268796370e+02
2.894866977142360724e+02
2.893159756913257752e+02
2.894475021372915648e+02
2.893453309781820053e+02
2.896519831588628904e+02
2.887521955285652098e+02
2.886115863540144915e+02
2.890142398642595936e+02
2.887328099927870539e+02
2.893141138484493808e+02
2.891403108531025055e+02
2.890906003799129280e+02
2.896863187365954104e+02
2.895353002775159439e+02
2.894782682035656194e+02
2.896863187365954104e+02
2.894782682035656194e+02
2.895807791692191699e+02
2.893159756913257752e+02
2.894959294384576651e+02
2.895353002775159439e+02
2.893787248872600344e+02
2.895353002775159439e+02
2.896115630272500425e+02
2.897236164348834677e+02
2.892747677486640328e+02
2.896115630272500425e+02
2.896863187365954104e+02
2.889039688999117175e+02
2.892084079173269515e+02
2.892633546145860350e+02
2.895677910873283167e+02
2.895353002775159439e+02
2.894912730369129008e+02
2.896316962470694989e+02
2.875288159688005294e+02
2.882959308131201510e+02
2.894343289331957862e+02
2.885232160950900493e+02
2.890906003799129280e+02
2.883748538866846047e+02
2.894877835286098957e+02
2.895807791692191699e+02
2.892783757040361365e+02
2.893746079664931017e+02
2.888543566970008669e+02
2.893141138484493808e+02
2.890552900765158029e+02
2.887601201950071186e+02
2.893384455775392325e+02
2.885522965810451410e+02
2.893141138484493808e+02
2.895228380081037471e+02
2.888543566970008669e+02
2.893141138484493808e+02
2.894912730369129008e+02
2.894724333234134406e+02
2.893418816766198916e+02
2.894350450358161879e+02
2.888543566970008669e+02
2.870334664766246533e+02
2.885232160950900493e+02
2.894724333234134406e+02
2.891823972998892600e+02
