292.2671
289.7038
291.2137
289.7676
288.7551
288.2267
288.6578
288.9539
288.6722
289.6124
288.3735
287.5329
288.4792
287.1227
287.0207
286.1548
287.0419
288.2828
286.3068
285.8391
284.6647
287.9257
288.0107
288.7217
290.5598
290.4746
288.541
288.7723
288.3891
286.6606
287.7157
288.9617
288.8854
285.9878
282.7982
285.1925
287.5373
286.9651
286.3926
285.9415
287.6203
288.8138
288.2689
287.4343
289.9331
289.7189
288.2408
289.3617
287.7669
286.8516
289.358
287.7247
286.3888
285.4779
286.5103
286.8038
287.5358
287.2546
288.2237
288.3414
288.4591
289.8947
289.1777
288.4801
286.9916
289.8645
288.7262
288.2133
287.054
288.4863
286.2711
283.907
287.0536
287.9346
290.5159
287.3275
288.0674
286.5196
286.0699
287.3154
288.0692
288.5483
288.2408
290.4368
289.2705
290.1092
288.0157
287.6147
286.3959
287.5486
288.231
288.9658
286.2962
287.7155
287.7207
287.7469
288.7379
289.5941
288.7726
288.032
287.9504
289.5485
289.8663
288.0787
286.3856
288.1451
286.8772
286.756
288.2397
288.0755
289.5927
288.084
290.179
289.1502
290.5956
290.3984
289.1769
290.2884
289.4647
290.0072
289.651
288.2296
289.5168
288.429
288.5385
289.2533
287.5348
285.9183
286.3885
290.1537
286.0357
286.3374
287.0821
289.4369
287.722
287.9768
288.2365
287.8587
289.7104
290.5259
288.5494
288.0596
288.2223
289.0716
287.5943
290.7194
288.584
288.4807
288.9081
288.2437
288.7351
287.2568
288.0802
287.3739
289.2403
288.9688
291.2207
288.6847
289.7783
288.5789
290.4737
289.9354
288.0801
288.6996
286.8716
286.9188
286.9412
289.1641
289.2642
287.9617
287.3591
286.4519
289.0695
285.8159
289.435
288.8661
290.6517
288.7347
291.6167
289.6796
288.8759
287.3244
289.4781
288.6959
288.5554
287.7794
288.8181
289.9215
288.0795
288.5356
288.2738
288.8645
287.3767
288.493
288.0536
289.0834
288.8169
289.1638
289.1308
288.5653
288.9496
287.5594
290.8319
289.5362
288.934
287.6101
287.6888
289.2502
290.0236
287.4241
289.0818
291.8656
290.3102
289.1712
288.6387
290.3283
291.3659
290.8602
290.2555
291.3014
290.8066
290.5194
290.2581
291.606
286.8232
289.3178
288.9322
290.5038
289.1436
289.3995
289.981
289.7095
288.1003
288.6234
290.4669
289.8424
288.6412
289.0815
290.6461
289.7432
287.5088
287.8711
287.1359
288.3194
289.7032
290.1938
289.9787
289.6438
290.5247
287.3179
287.737
288.2691
289.7021
288.714
287.7841
288.9614
288.411
287.2452
289.4586
287.3708
287.7258
287.8365
288.4731
289.8464
289.3916
289.2473
289.9154
290.1962
290.1845
289.6998
288.4484
289.3563
289.7956
290.5411
288.537
288.8951
287.6336
289.4523
290.0147
290.0274
289.5133
290.2218
291.5195
288.9153
289.3392
289.9841
285.963
287.1773
287.5033
289.2169
289.99
287.7589
288.4393
289.5993
289.3857
288.7973
289.2475
287.205
288.5137
287.0635
288.886
289.7617
289.8008
289.4846
290.0399
289.6077
290.4795
289.7693
289.7527
289.2212
289.0082
288.0637
289.9443
288.7081
289.4614
290.5708
290.0113
290.2046
290.8737
290.7361
290.0564
291.1715
291.5858
290.4967
290.8661
289.6798
289.9196
289.6042
289.1205
286.317
289.3754
289.1622
272.38
290.3157
289.9475
290.3062
289.5656
288.4672
288.8093
287.562
286.9084
287.71
286.9237
287.786
288.9015
288.4976
287.818
289.9223
289.6328
290.087
289.2628
289.0105
285.2046
283.9003
285.1362
283.6166
285.3022
286.1962
286.5299
287.709
290.1855
290.5417
291.3316
289.5716
289.0205
289.323
289.4906
289.738
291.1392
289.5791
288.5532
283.7921
286.1452
287.3439
289.4335
286.8217
289.2044
288.0694
289.2064
290.5573
290.2347
290.7834
290.2548
289.8871
289.7452
287.1261
288.3332
291.1037
290.4645
290.5063
289.5121
288.5244
290.4361
290.3891
289.0486
289.7775
290.422
290.8198
290.911
288.9195
291.9095
289.958
286.3126
287.9707
287.9168
288.0802
285.8823
289.3081
288.767
285.274
289.502
287.8913
290.3202
286.568
289.5335
289.0142
288.5288
285.7855
284.824
289.7968
289.0508
288.9305
288.9444
291.2533
290.5285
288.7907
290.0436
289.6982
288.2101
288.7158
288.9265
288.2469
288.3552
289.3329
288.6205
289.4779
290.3367
289.9912
291.3705
290.6197
290.1024
290.0727
289.0698
288.4212
287.7724
289.2036
288.9444
289.1511
290.0699
289.6843
287.6309
289.8915
286.5285
288.2115
287.63
289.1137
288.9737
288.2997
287.4406
290.1428
288.1671
291.045
290.4185
289.6635
289.8457
290.138
291.2756
290.409
290.7579
291.2582
291.1457
288.8147
290.836
289.7562
290.3798
290.0131
289.5468
289.118
291.8255
291.1808
292.6929
291.1885
291.7256
292.9511
291.3598
291.0133
291.8709
291.5137
290.1261
290.2939
290.5475
290.9307
288.3524
289.8603
289.1082
290.0426
288.8867
292.2998
289.4271
288.8857
290.6754
289.323
290.0024
289.918
289.5692
290.8355
291.2494
290.9106
291.908
291.6643
290.419
288.2718
287.9071
290.5553
289.2571
289.0038
286.8203
287.7804
286.5545
287.6629
287.3367
287.9659
288.0483
289.3386
290.3964
289.4583
290.4708
291.6549
290.6855
290.7736
289.0347
288.5394
289.4595
287.6868
288.7667
290.4233
289.8036
290.8847
289.2229
287.636
289.1101
289.792
288.5289
284.9352
287.2121
286.597
289.3383
288.5668
289.5007
287.9703
287.7038
290.5349
287.2039
289.2789
289.4718
288.7009
288.4704
290.1038
291.0016
290.6193
290.5611
290.6413
291.3699
289.7435
290.6613
286.4493
288.7838
289.8632
289.4015
289.7547
288.8201
290.7685
288.8456
287.6511
288.31
286.4725
288.2361
288.9282
287.5803
288.4271
287.938
290.8049
291.2198
290.0891
292.8959
290.6927
292.4066
293.3097
291.6842
290.3347
290.2138
290.5687
289.5002
287.373
286.7435
287.0955
285.8231
285.31
286.7118
287.1585
287.0547
289.6689
289.0372
288.9056
286.5135
289.412
288.483
288.5313
288.558
285.3598
287.0591
287.552
285.3115
286.2951
286.8527
288.9318
289.6161
289.3032
291.1614
291.8454
291.008
288.8615
289.1965
289.7263
290.1097
286.6227
289.077
288.6362
291.1244
289.4451
289.6045
287.8055
291.4014
290.594
290.682
287.734
284.2665
286.7324
290.482
286.4857
288.0213
287.6941
289.9666
290.4562
289.5554
289.3172
288.7204
289.6324
289.6443
290.1315
287.5519
291.3309
289.9016
290.9597
289.9902
286.5417
287.6895
289.4963
291.1484
285.5766
287.7834
289.846
290.9337
290.0523
289.7664
289.5472
289.5058
289.0689
287.5375
288.5721
288.7565
289.1068
289.14
290.4437
286.7562
289.6475
290.2977
290.4155
290.5304
290.5322
289.555
290.5643
289.2474
290.392
290.3425
290.6525
288.7571
286.2077
289.194
289.9941
289.5461
291.1063
290.2963
289.6707
288.7583
289.2501
289.5967
288.3882
290.9867
289.7575
289.8692
290.2787
289.9007
290.6888
288.8931
287.4337
288.4931
288.0452
290.7799
290.4051
289.3002
290.5668
289.4957
288.398
288.7281
288.9032
288.9075
289.6917
288.6528
288.1883
288.8437
289.6523
288.1902
289.3226
288.7206
289.5605
287.5924
291.5531
289.8915
288.9886
289.5934
289.4097
288.067
288.1316
288.8279
289.6962
289.7016
290.7976
289.337
290.2372
289.5679
289.6702
289.241
289.3205
289.2283
290.9052
289.6549
290.5895
289.3385
291.0785
291.2118
289.9522
290.9898
290.4836
291.7478
290.2555
290.3641
291.0463
287.7742
288.7999
290.4897
290.3378
290.1248
289.6585
290.961
289.8377
289.3949
289.1606
288.4094
289.0148
289.8235
289.502
291.2299
290.2608
289.1269
289.6427
289.2061
289.8162
290.0315
290.444
291.9176
290.3771
290.2747
290.1093
289.4867
290.6209
288.8813
289.7964
290.6165
292.0493
289.7631
291.501
290.1334
289.9652
290.1709
290.4472
289.2875
289.655
290.7195
290.1242
291.9431
291.0627
291.1476
291.3428
290.4994
291.0284
290.7257
291.3915
291.8072
291.2119
292.5293
290.7296
291.578
289.348
288.3534
290.7746
289.1075
289.8795
288.9716
289.0742
287.8094
287.4561
289.6375
290.643
291.6189
291.4557
291.4874
291.4954
292.6179
292.4074
291.3475
289.5026
289.5399
289.7662
290.435
289.9319
287.8237
287.474
287.3288
288.6047
289.5693
289.3615
290.0238
289.9652
287.4985
290.2937
291.7101
289.9588
290.5745
291.6786
261.4615
289.676
289.1833
288.3656
289.6544
289.7043
289.4294
287.8494
287.7349
286.4963
286.6266
289.1642
287.9865
289.0826
288.6065
286.7574
285.5421
286.2751
287.0957
286.5525
289.4118
288.3626
285.3439
290.1985
290.5469
287.8513
289.0249
290.2256
291.2167
289.6414
287.6028
292.2776
290.1662
289.4289
285.4498
284.9969
289.6288
291.2217
290.2751
288.4635
290.2964
286.3395
290.3344
287.54
288.8488
289.2752
289.9566
289.8221
289.4668
288.5872
289.0705
290.3689
290.4526
290.0638
291.9464
289.9482
290.5085
288.1956
288.1955
288.4473
290.8498
290.866
291.6273
292.7741
289.1122
288.4769
291.0664
291.4171
289.9327
289.7685
286.9448
285.7281
285.9364
289.428
289.4119
291.3416
289.8203
291.0244
291.8635
290.2699
291.321
290.887
289.6546
290.321
288.4978
290.9827
288.7613
290.1441
288.287
289.5285
287.0032
287.7373
289.9919
288.6216
288.2049
288.2826
288.386
287.4766
289.7217
289.0016
289.9873
289.8105
291.6761
290.6897
291.2031
290.2689
289.7364
288.9366
289.2654
289.8247
291.1089
289.4041
289.4155
290.7854
289.2053
288.8716
290.537
289.7959
290.0633
289.096
289.5798
291.6856
289.7541
291.7525
291.1846
289.4395
289.8263
289.6374
288.045
289.1487
288.6814
288.2468
288.4922
289.6417
290.8214
290.0138
288.7244
291.0489
291.3057
290.2172
289.2753
288.8202
290.6803
289.2503
290.8359
291.3978
290.3288
289.7353
290.8662
291.3385
290.5671
290.0002
291.6972
290.3247
291.7794
286.4612
288.657
291.0861
290.8659
290.6635
290.4728
289.8863
288.5165
289.1817
289.1326
285.1248
289.0319
289.283
290.9638
291.4074
291.0119
290.1591
289.2379
289.323
290.3193
290.5516
290.1797
291.3393
291.1934
290.5923
290.8228
289.5307
287.6369
288.0627
287.308
292.0907
290.8109
292.2728
291.7271
290.9055
281.4479
295.5201
291.6938
289.1363
287.8703
290.9941
290.2714
290.1365
290.0112
289.2749
290.199
289.854
291.3391
291.575
291.1135
293.3801
291.3773
291.0741
290.0789
290.2664
290.4078
290.8245
291.0172
289.7146
287.9668
286.1508
285.6277
289.3045
290.9848
289.98
290.7712
288.3011
288.695
288.7672
292.1689
292.2546
287.5989
288.6525
285.3992
289.8535
289.9517
289.3041
288.1384
286.7067
284.9927
289.6414
286.8911
287.342
291.8897
288.4541
290.1822
289.6659
288.5325
289.8414
289.6888
290.7858
291.1722
289.5784
288.9647
289.1401
290.3528
290.3044
288.0603
289.0747
289.7634
291.1008
291.4694
291.167
290.8827
288.5596
288.4724
289.8823
290.8061
290.5687
291.1077
291.0223
289.5139
289.989
290.2339
288.9323
290.0899
291.4865
290.4628
288.2308
286.6151
287.6887
287.7007
285.7046
286.5691
286.6803
288.2246
286.8784
286.0873
285.355
289.72
287.6386
288.3537
286.0828
285.8662
284.1721
285.3706
288.0098
290.3233
289.4268
290.0172
288.256
291.0438
291.024
289.0796
289.1172
289.248
289.4538
290.1913
289.8705
289.9899
291.2756
285.8092
288.3249
288.6585
288.4346
285.5997
285.2273
286.9205
286.3885
287.4517
285.6045
283.6323
285.7951
289.4659
289.5293
289.1752
290.3078
290.8821
287.1125
290.2542
290.4669
286.8744
286.2563
287.7208
289.7243
289.2907
288.0803
287.0045
287.4695
288.4537
290.0597
290.6923
289.6331
290.4391
291.5045
290.0711
292.1574
289.6186
288.8271
287.5293
290.0785
290.3629
291.7241
290.5076
290.6638
286.8449
284.8686
287.4247
288.8014
287.201
285.6649
285.1887
288.0563
288.9909
288.5873
290.9616
290.4973
288.8426
287.4846
289.7192
289.8003
288.4293
290.1409
289.1125
290.8979
290.3248
289.5936
287.6896
287.7602
288.8333
288.3377
289.1454
288.5125
289.1741
288.7188
288.6868
289.9441
290.4363
290.8015
288.5547
290.2159
287.6501
289.8334
288.444
290.0881
290.4126
290.7752
289.7394
290.0793
289.8792
289.8071
289.6685
290.147
288.5444
288.9728
291.1445
290.893
288.9091
290.6177
289.2838
290.2299
290.7281
291.2187
290.2825
289.4233
289.7713
289.8794
289.4067
289.8195
287.4504
287.6788
289.6103
289.8764
288.2119
290.0079
289.8585
288.3626
288.9008
288.8102
288.5349
287.9533
287.9209
291.8868
290.5011
291.1605
290.5716
290.1841
290.3841
289.9572
288.3074
288.3056
290.1144
290.056
290.4693
290.1329
289.7325
288.4755
289.8124
291.0521
291.0484
290.7203
292.1972
290.4673
291.4424
291.0824
292.3728
285.6732
288.4143
289.8354
288.5582
289.0171
285.1511
289.2218
290.2383
289.273
289.1204
290.5481
289.0694
286.7216
288.1553
288.6132
283.348
287.608
288.0082
288.7528
288.3148
287.1077
288.0485
288.7936
290.3167
291.37
292.201
290.8513
292.1248
291.1166
292.6768
291.2499
291.1107
290.6094
285.9708
289.7487
289.3558
289.3268
287.3235
290.0871
289.8392
289.671
289.3036
290.9242
289.4722
289.2897
290.3335
289.1552
289.7337
290.6148
289.8047
289.0926
289.5815
288.437
287.0203
288.5609
289.2298
289.1058
290.1461
291.0107
292.3872
289.8518
288.6276
288.8927
289.7948
288.464
288.2477
286.6606
289.3267
289.2835
290.9144
287.3771
286.5292
287.8589
289.3109
285.8656
285.6384
288.7805
290.2929
289.4178
289.4191
289.4737
292.4944
292.2143
290.8628
287.8763
288.7961
288.2136
290.6964
288.9216
292.7363
291.3787
289.515
287.1548
290.6571
289.6909
288.5233
290.0983
289.6243
291.384
288.1387
289.1349
288.4366
288.2844
289.4794
289.5741
289.0517
291.9149
290.6522
290.5833
291.0811
289.4823
291.2676
291.0109
291.3012
289.2479
289.2852
289.723
288.6387
291.0757
291.1036
-99.9
291.5136
287.8993
290.5042
289.4616
291.6883
291.9128
290.3618
288.974
292.7172
289.748
291.2247
289.0446
289.7531
289.2687
289.582
290.6522
291.6696
291.0815
289.9088
290.0072
290.2181
290.1816
290.1793
291.2036
289.7285
292.9402
290.9319
291.0122
291.3211
291.2581
291.6365
291.687
291.4364
291.5452
290.0397
291.4821
287.7444
289.1884
291.2071
289.9879
291.037
290.4095
286.6215
290.7908
288.9328
290.9445
291.1676
290.7365
290.6065
291.169
289.2563
286.9936
287.7966
287.9868
290.1938
285.1088
286.4051
286.2837
287.5988
289.7372
288.4413
283.3583
287.5988
285.9216
285.4013
284.8749
286.8768
287.0995
283.3511
286.9984
288.3481
287.5033
289.7296
284.5866
291.4976
288.6909
285.5585
287.744
287.1259
287.0665
289.3654
290.7392
273.2453
289.6995
291.8372
291.59
289.8949
286.7971
287.8024
288.1649
285.6378
288.4417
287.0393
285.6146
287.0786
288.5796
287.9734
288.0553
288.4904
285.736
286.1122
286.8626
289.4411
286.3707
288.6422
289.8142
286.6427
289.7491
288.8133
285.4707
288.8055
273.5885
287.7873
286.9691
286.5672
285.8496
287.7116
287.5548
289.5857
289.7697
288.6201
288.3609
287.5159
286.4533
287.2294
287.601
288.1103
289.1828
288.8685
285.9002
286.5012
287.0607
285.6879
285.4449
284.8306
286.2903
286.8969
289.9631
287.533
286.7042
285.6136
287.9571
287.9392
287.1432
287.1263
289.0981
287.637
286.9642
288.4774
287.2544
290.6172
290.9857
285.7613
288.0074
288.2234
286.8663
289.2788
291.6124
289.3298
290.2664
288.1028
290.0418
288.5306
291.0061
290.5299
290.0027
291.4668
289.4929
290.5098
290.2087
289.338
290.2123
287.1114
288.7864
288.6392
289.8549
291.0558
285.9492
287.2569
286.1359
291.4749
288.5364
289.289
289.9785
290.5445
288.377
288.079
288.2928
290.5587
290.6511
291.6319
289.7072
289.7995
289.5368
290.1695
289.8393
289.4813
287.5641
288.9386
288.8189
290.9729
288.6865
288.6445
287.5025
288.9963
289.1476
289.7934
290.7372
285.154
290.2626
289.0182
288.7557
286.9
289.0422
288.1701
290.1074
289.7688
289.9139
289.5096
290.4128
289.7357
288.2101
288.755
290.1988
290.373
291.001
290.3182
288.7587
289.0822
289.9127
287.83
288.6761
289.3843
289.9564
289.4044
289.5992
289.3339
288.535
288.6627
288.6279
288.5992
287.9592
289.0109
288.5788
290.2771
290.51
289.952
288.7273
288.885
289.7796
290.5656
288.6385
290.2986
291.1034
288.6054
288.4888
288.7283
288.5344
288.0355
287.9971
289.3724
290.8683
289.7289
288.7946
290.5387
289.8192
289.6198
288.852
289.9972
288.8505
290.605
289.1178
291.2749
290.0315
290.225
290.3625
290.344
290.8478
290.8897
290.1456
291.1308
291.9208
289.6114
289.7097
289.2333
290.9962
291.4128
292.6285
290.8892
290.7159
290.969
290.4476
289.2057
289.6381
289.4966
290.0526
289.9007
291.4409
289.422
287.2916
289.7715
291.1211
289.3943
291.0093
290.7397
290.5865
291.0398
290.0905
289.2287
290.5491
290.1391
289.0694
288.4782
289.3067
287.8284
287.1127
287.5694
286.9763
287.5864
286.9595
286.4425
289.6897
288.5468
287.8082
289.8862
288.1529
287.7811
288.5139
288.2627
289.0384
289.1905
287.5728
288.3013
288.7861
287.4266
290.3301
284.6205
285.0545
287.6962
287.8457
290.007
287.1705
287.9402
288.1698
290.0779
289.768
291.401
289.6586
290.2384
287.5397
285.4318
287.2057
287.7896
288.1615
287.7556
290.9237
289.206
290.6085
287.175
287.4535
289.0664
286.4188
285.1487
287.3838
290.2535
286.4991
284.8202
286.4847
288.5057
288.2886
288.8807
288.781
289.966
292.5239
286.5912
288.1558
288.8823
288.3623
288.0196
285.2669
286.031
287.7886
287.2234
288.7409
286.6694
287.6789
287.6023
286.6196
287.8393
288.3158
291.3792
287.4971
287.7588
286.1079
288.0047
289.4757
289.0724
288.9265
289.7522
288.3085
286.5218
288.4974
287.1206
287.8412
288.974
289.5832
286.5705
287.9901
286.2271
288.1916
287.1296
290.9078
289.3332
284.7952
286.8421
287.179
288.1847
287.3238
292.5698
288.1637
289.7045
285.2244
291.4605
289.9254
286.737
287.5841
290.534
290.3186
288.1025
290.0451
290.3122
286.7371
288.1907
290.0366
291.8352
290.2521
290.5351
290.2064
291.1794
291.8934
290.4689
289.4216
290.6937
290.9648
290.9614
290.5439
290.4665
290.6831
289.2258
288.6574
289.1539
290.225
291.2426
290.1258
290.1071
291.0821
289.907
291.9754
290.174
290.1392
286.8145
287.2534
289.333
289.1715
289.735
291.0033
290.7244
290.3643
290.6345
291.1117
287.8512
289.242
290.0179
289.8501
291.9998
290.7887
288.7433
289.5504
289.005
288.9987
290.8764
290.5899
290.49
290.3464
292.3043
290.5811
290.3112
290.075
290.7739
291.2548
290.0888
290.0011
291.8065
290.4803
290.3262
289.7324
290.4049
292.338
289.9022
287.8883
288.9331
290.2605
291.1585
288.5183
290.898
290.3976
289.6469
289.6679
289.8812
289.1408
289.1804
288.2607
290.7495
290.855
290.5179
291.3791
289.7676
291.4802
289.9101
291.5293
291.4137
291.7234
292.1561
290.9486
292.7504
289.6795
290.2672
291.2574
292.5459
290.934
292.0042
291.273
291.4646
291.7024
290.3983
291.2316
290.7637
291.3336
291.6742
290.0729
291.1148
291.6056
291.2191
291.7125
292.1737
291.8478
289.6513
290.8185
289.5415
289.1107
287.1706
291.3891
289.7838
290.3506
289.6082
290.4884
292.4446
290.1431
291.4507
289.5888
286.8843
291.0381
290.0373
290.865
289.245
288.3387
287.4774
286.6854
288.6841
289.1833
288.8641
289.8402
289.1405
290.2925
289.9276
290.7154
288.819
290.4671
291.244
291.9387
288.4037
286.879
286.2035
286.6936
287.2659
288.5262
289.9148
290.097
290.9493
290.4685
289.6369
289.9418
288.8801
289.5226
288.2183
289.1296
287.9128
288.6172
284.5686
287.0876
285.7744
284.889
285.8921
285.7881
285.1742
287.7938
289.1941
290.1994
288.8371
284.6769
286.5069
286.1378
285.6643
287.2367
286.961
287.8276
288.6878
287.8123
289.042
289.5621
287.9793
287.5574
285.5453
286.9189
287.0887
290.5926
289.9256
289.3109
288.9636
290.5034
290.8992
289.1743
289.5659
288.252
289.0025
288.3494
288.763
279.2108
288.9791
288.9126
288.4432
288.085
289.4897
288.9283
288.8663
289.0848
288.8008
291.0037
288.9038
288.6013
289.9692
289.7965
289.3611
289.126
289.2707
287.5569
286.6493
287.8213
288.4402
288.3007
288.8851
288.0572
287.4572
288.1571
288.1083
287.9768
287.9926
288.3177
288.3728
289.2425
289.4952
288.1805
284.4861
288.9615
290.1388
288.7333
288.7996
288.3929
288.0937
289.6252
288.4165
288.0252
287.2767
288.6074
288.6779
289.5068
288.9427
290.6665
290.3927
290.125
289.6909
290.008
291.3087
289.9481
288.8891
288.7693
289.3075
289.8911
290.2833
290.4663
289.0013
288.7332
288.6163
288.8359
289.4246
291.4862
289.9627
289.0611
289.806
289.3221
289.0853
286.5602
289.045
289.6996
288.3076
289.4625
289.0898
289.7105
291.2127
289.2832
290.5088
291.4468
291.1764
289.5085
289.6025
289.5256
290.844
290.4361
289.761
289.9755
290.0367
289.9605
290.235
289.8824
286.9271
290.3239
289.9334
290.4062
290.8109
292.3107
290.0892
290.6909
288.9115
290.7374
290.88
289.4607
288.491
289.8929
289.067
288.5785
288.2674
289.1396
289.2484
289.2764
289.7901
288.7209
287.6101
288.3591
288.7076
288.0074
287.3011
288.3308
288.54
288.862
290.9789
289.9245
290.1785
289.0806
289.1417
288.8032
286.141
287.525
286.6014
288.0838
286.0847
286.3169
284.4917
285.9555
286.9214
286.8255
284.4872
290.2059
287.3131
289.1125
289.1195
287.2612
288.1794
289.5268
288.1402
289.1239
290.7855
286.858
286.1364
286.5537
286.3771
285.779
286.7647
288.3478
289.9033
291.2036
288.3416
290.9148
285.7693
288.6671
287.5965
285.5342
285.2411
286.4189
286.2316
285.6601
288.4863
284.3891
286.127
286.1535
284.9789
286.8241
288.5304
285.1801
285.047
287.9181
287.412
285.9497
287.9057
287.3527
285.3884
287.5087
288.324
288.0826
288.1899
286.388
287.2486
286.7565
287.4886
287.1306
287.3676
287.6963
288.0075
286.298
285.5339
284.9304
285.7959
285.5858
287.0692
284.5347
285.8697
285.9951
283.8669
286.5771
287.2194
283.2015
286.5097
287.6735
291.7219
287.9163
286.8341
286.7442
289.8063
288.7936
290.8215
290.6496
290.2353
290.0063
288.6938
289.6266
289.8253
286.3928
287.8388
285.7044
289.903
288.0071
285.9927
288.4259
288.2935
289.1857
286.1075
288.3842
286.1177
289.0686
288.8649
284.5766
289.0338
288.1182
282.9739
288.6933
286.4168
288.3521
290.8864
290.441
287.614
292.6564
289.1169
287.5067
291.7169
289.004
287.4614
288.7097
290.2441
288.4034
289.4729
287.9732
284.4244
289.1957
287.4451
287.6872
289.0363
289.0127
287.5009
286.4999
289.3691
288.9039
292.0778
290.1059
288.4948
286.1287
289.2683
289.3351
287.2951
288.4418
287.5831
287.8276
288.379
287.286
287.2046
288.0513
288.6244
290.1501
287.8828
289.129
288.9913
287.0673
287.1168
289.6956
287.4581
289.2391
289.8518
288.2216
288.6805
287.0493
288.3402
287.8227
287.1684
288.468
289.3629
290.7742
288.2343
288.72
288.6063
288.6139
289.3669
287.4666
290.2119
288.7552
288.3803
288.8968
288.2778
291.4023
290.8515
289.3466
288.8084
290.2717
289.5611
290.0678
289.2813
289.5721
290.5294
290.5251
290.1405
288.2133
290.7668
290.3459
289.6871
289.7774
288.2751
289.0472
289.9118
290.2136
289.464
290.587
291.2743
288.3744
290.757
290.671
288.3444
288.1444
288.8887
287.2439
286.637
288.4128
288.3838
289.0924
289.8173
289.7393
290.7064
290.4742
287.8548
290.21
288.658
291.2117
288.27
290.6091
288.4909
290.624
291.2345
288.0641
290.1731
288.8428
287.7852
288.7098
287.0234
287.1733
285.241
286.0348
286.9578
285.21
286.9254
286.9446
287.6082
286.4799
287.5575
287.4931
289.4838
289.9644
287.0082
286.3714
284.36
289.184
288.7931
289.4505
288.8852
289.1529
288.7861
290.6813
286.3322
287.9598
286.9849
286.9209
291.9133
288.9761
289.2454
287.8385
287.8062
287.8681
290.3539
289.124
285.741
286.4676
286.2853
287.8333
286.2417
289.2511
287.0182
293.1588
286.6865
290.7084
291.3805
291.8417
288.1846
288.4404
288.812
289.0455
288.8326
286.2044
286.5719
285.6997
283.3329
284.0348
286.5751
285.3241
286.1708
286.5866
287.8867
286.6809
287.9941
287.2991
282.0566
286.7205
287.2392
285.4074
285.8275
286.4071
287.9292
287.5974
288.5408
287.9886
291.6132
289.2864
285.6895
285.4248
285.8356
287.8333
288.1529
288.7677
286.5659
286.1747
287.3553
288.6087
286.6775
285.6952
286.7411
285.9389
284.9138
286.3713
285.6308
287.5506
285.0887
283.9049
288.1414
287.4388
288.1698
289.4201
285.2094
284.3727
287.6444
287.8246
288.395
288.4922
287.9051
285.5656
288.1736
286.7118
285.9527
285.0479
287.9256
286.7527
288.1573
287.8782
288.558
288.6692
290.1538
290.6801
288.4004
286.189
288.9742
288.0958
290.2386
290.2549
289.8224
288.5235
289.7625
286.1496
286.2961
291.1427
290.3385
289.4004
287.9079
290.4951
287.7385
289.3799
287.9431
287.3626
288.5909
289.164
288.3445
287.6454
286.0843
289.4745
289.2387
289.4974
285.9476
284.8783
284.3499
289.4789
283.8629
287.6078
287.0335
288.2458
290.5446
290.7263
290.8914
289.9966
286.5644
288.9632
290.4
289.7997
290.3322
288.8076
288.4768
288.2972
288.4636
284.5548
286.0871
286.7408
284.8573
288.8256
290.2693
288.0293
289.0863
289.7765
289.2639
289.9294
289.5017
290.1249
289.5316
289.2336
289.5306
289.8316
288.1162
290.397
288.3559
290.1195
290.3337
290.7023
287.5125
288.4994
289.4659
288.5739
289.5005
287.5673
289.4792
289.7571
290.0737
288.8499
288.8706
290.3163
289.3639
289.8434
289.5726
289.4493
289.2505
288.1368
290.31
290.0791
288.1549
287.3968
287.9759
288.6571
289.1563
289.0328
288.4039
289.8271
288.2543
289.1663
290.1272
289.5281
288.9938
288.0584
288.6317
289.571
286.9195
287.4603
287.3909
289.5791
287.4169
289.9353
289.4477
288.2991
289.6089
289.1821
288.8468
289.8615
290.2129
289.3452
287.6491
288.2323
288.3893
289.248
287.9939
290.5697
288.1543
288.549
289.7808
289.1381
288.1234
290.0744
288.8667
287.9089
291.4469
290.3085
288.895
289.7707
288.5114
288.8058
291.0602
289.9276
289.2419
289.9836
289.8019
288.526
290.0308
288.6419
289.4726
288.8839
290.0063
288.6459
289.4858
290.6257
290.3604
289.3353
290.1036
288.3178
289.6022
287.3458
287.9762
287.1881
291.8982
288.1008
290.5573
289.4546
290.6971
287.9726
288.8988
289.8984
290.1257
291.6399
291.2256
291.8521
289.675
289.2485
289.9283
291.2539
290.5599
290.123
290.7924
290.9032
