2.890195312500000000e+02
2.890741271972656250e+02
2.891143493652343750e+02
2.890449218750000000e+02
2.891797485351562500e+02
2.891434936523437500e+02
2.892309570312500000e+02
2.888948974609375000e+02
2.888181762695312500e+02
2.890228881835937500e+02
2.891907958984375000e+02
2.889533691406250000e+02
2.891104125976562500e+02
2.889422302246093750e+02
2.880607299804687500e+02
2.892309570312500000e+02
2.889754638671875000e+02
2.888363647460937500e+02
2.887120361328125000e+02
2.890046691894531250e+02
2.890851440429687500e+02
2.889792785644531250e+02
2.889390258789062500e+02
2.887047119140625000e+02
2.888255920410156250e+02
2.887266540527343750e+02
2.883662109375000000e+02
2.887669372558593750e+02
2.887192077636718750e+02
2.883114318847656250e+02
2.884327697753906250e+02
2.883923339843750000e+02
2.884991149902343750e+02
2.886460571289062500e+02
2.887853393554687500e+02
2.883519592285156250e+02
2.886604614257812500e+02
2.885982971191406250e+02
2.885135192871093750e+02
2.887594604492187500e+02
2.888658142089843750e+02
2.887192077636718750e+02
2.885940856933593750e+02
2.887409973144531250e+02
2.885135192871093750e+02
2.887669372558593750e+02
2.885460815429687500e+02
2.885274963378906250e+02
2.886745910644531250e+02
2.886931152343750000e+02
2.886125793457031250e+02
2.886125793457031250e+02
2.885940856933593750e+02
2.887007446289062500e+02
2.887409973144531250e+02
2.886343383789062500e+02
2.888398742675781250e+02
2.885722961425781250e+02
2.886201782226562500e+02
2.883923339843750000e+02
2.884872131347656250e+02
2.886343383789062500e+02
2.885941162109375000e+02
2.887594604492187500e+02
2.886528930664062500e+02
2.885722961425781250e+02
2.886604614257812500e+02
2.887853393554687500e+02
2.884512329101562500e+02
2.883584899902343750e+02
2.884872131347656250e+02
2.883801269531250000e+02
2.884794006347656250e+02
2.885863342285156250e+02
2.886637268066406250e+02
2.886265869140625000e+02
2.887007446289062500e+02
2.886528930664062500e+02
2.887996826171875000e+02
2.886528930664062500e+02
2.884065551757812500e+02
2.887409973144531250e+02
2.884655151367187500e+02
2.886125793457031250e+02
2.888473815917968750e+02
2.886604614257812500e+02
2.887594604492187500e+02
2.884065551757812500e+02
2.886125793457031250e+02
2.887192077636718750e+02
2.888071594238281250e+02
2.888071594238281250e+02
2.887669372558593750e+02
2.885982971191406250e+02
2.885722961425781250e+02
2.888474426269531250e+02
2.888071594238281250e+02
2.887669372558593750e+02
2.887192077636718750e+02
2.887669372558593750e+02
2.886863403320312500e+02
2.882489013671875000e+02
2.881233825683593750e+02
2.882634582519531250e+02
2.887266540527343750e+02
2.885394897460937500e+02
2.885394897460937500e+02
2.886863403320312500e+02
2.887047119140625000e+02
2.887450256347656250e+02
2.887450256347656250e+02
2.884251708984375000e+02
2.885722961425781250e+02
2.883847656250000000e+02
2.884916381835937500e+02
2.884512329101562500e+02
2.886419982910156250e+02
2.884251708984375000e+02
2.883923339843750000e+02
2.885982971191406250e+02
2.889536437988281250e+02
2.890596618652343750e+02
2.889317626953125000e+02
2.889024658203125000e+02
2.885469055175781250e+02
2.884770812988281250e+02
2.884182434082031250e+02
2.884586791992187500e+02
2.885174865722656250e+02
2.883923339843750000e+02
2.885798339843750000e+02
2.888732299804687500e+02
2.888512573242187500e+02
2.887120361328125000e+02
2.888915100097656250e+02
2.890596618652343750e+02
2.887853393554687500e+02
2.887523803710937500e+02
2.887120361328125000e+02
2.882044372558593750e+02
2.888329772949218750e+02
2.885908203125000000e+02
2.885098876953125000e+02
2.884182434082031250e+02
2.884586791992187500e+02
2.884770812988281250e+02
2.883114318847656250e+02
2.886460571289062500e+02
2.889573059082031250e+02
2.889573059082031250e+02
2.890449218750000000e+02
2.885579223632812500e+02
2.889573059082031250e+02
2.886643676757812500e+02
2.889390258789062500e+02
2.889390258789062500e+02
2.884991149902343750e+02
2.891253051757812500e+02
2.891654968261718750e+02
2.890195007324218750e+02
2.888915100097656250e+02
2.890596618652343750e+02
2.890851440429687500e+02
2.890449218750000000e+02
2.880347290039062500e+02
2.886565856933593750e+02
2.888434143066406250e+02
2.887960510253906250e+02
2.889644470214843750e+02
2.889169921875000000e+02
2.889169921875000000e+02
2.890631103515625000e+02
2.886863403320312500e+02
2.889573059082031250e+02
2.888877563476562500e+02
2.887960510253906250e+02
2.889169921875000000e+02
2.889573059082031250e+02
2.888988037109375000e+02
2.890596618652343750e+02
2.888732299804687500e+02
2.889792785644531250e+02
2.885538024902343750e+02
2.884327697753906250e+02
2.885798339843750000e+02
2.887333068847656250e+02
2.887409973144531250e+02
2.886528930664062500e+02
2.887996826171875000e+02
2.886716918945312500e+02
2.887374877929687500e+02
2.880200805664062500e+02
2.882304077148437500e+02
2.882229614257812500e+02
2.885432128906250000e+02
2.884844360351562500e+02
2.885836486816406250e+02
2.886899414062500000e+02
2.887999267578125000e+02
2.883519592285156250e+02
2.886863403320312500e+02
2.888109436035156250e+02
2.890779113769531250e+02
2.891180725097656250e+02
2.891399230957031250e+02
2.884251708984375000e+02
2.890377502441406250e+02
2.889792785644531250e+02
2.890997924804687500e+02
2.892456970214843750e+02
2.890997924804687500e+02
2.890377502441406250e+02
2.888988037109375000e+02
2.888512573242187500e+02
2.888109436035156250e+02
2.888512573242187500e+02
2.888988037109375000e+02
2.889573059082031250e+02
2.885579223632812500e+02
2.889682922363281250e+02
2.888584899902343750e+02
2.888988037109375000e+02
2.888584899902343750e+02
2.888584899902343750e+02
2.889864807128906250e+02
2.887706909179687500e+02
2.887009887695312500e+02
2.888767395019531250e+02
2.890449218750000000e+02
2.889974975585937500e+02
2.891654968261718750e+02
2.891836853027343750e+02
2.892710876464843750e+02
2.889974975585937500e+02
2.891253051757812500e+02
2.892128295898437500e+02
2.890851440429687500e+02
2.888988037109375000e+02
2.889573059082031250e+02
2.891434936523437500e+02
2.892710876464843750e+02
2.891654968261718750e+02
2.892710876464843750e+02
2.890449218750000000e+02
2.891033020019531250e+02
2.892309570312500000e+02
2.893293151855468750e+02
2.889792785644531250e+02
2.893694152832031250e+02
2.892710876464843750e+02
2.892710876464843750e+02
2.891836853027343750e+02
2.891434936523437500e+02
2.890851440429687500e+02
2.891252746582031250e+02
2.892710876464843750e+02
2.891434936523437500e+02
2.891253051757812500e+02
2.891836853027343750e+02
2.890669555664062500e+02
2.891836853027343750e+02
2.892309570312500000e+02
2.892309570312500000e+02
2.893363952636718750e+02
2.889241333007812500e+02
2.888363647460937500e+02
2.889644470214843750e+02
2.891033020019531250e+02
2.892199096679687500e+02
2.890046691894531250e+02
2.891506347656250000e+02
2.890631103515625000e+02
2.890117797851562500e+02
2.890701293945312500e+02
2.891907958984375000e+02
2.891506347656250000e+02
2.892088928222656250e+02
2.891907958984375000e+02
2.892309570312500000e+02
2.891836853027343750e+02
2.891253051757812500e+02
2.891434936523437500e+02
2.891907958984375000e+02
2.890631103515625000e+02
2.892891845703125000e+02
2.889644470214843750e+02
2.888767395019531250e+02
2.892891845703125000e+02
2.893694152832031250e+02
2.888329772949218750e+02
2.890851440429687500e+02
2.893112487792968750e+02
2.891654968261718750e+02
2.889974975585937500e+02
2.891506347656250000e+02
2.890046691894531250e+02
2.892891845703125000e+02
2.892238464355468750e+02
2.891033020019531250e+02
2.892309570312500000e+02
2.888732299804687500e+02
2.888109436035156250e+02
2.891104125976562500e+02
2.890046691894531250e+02
2.893694152832031250e+02
2.892710876464843750e+02
2.891907958984375000e+02
2.892088928222656250e+02
2.889644470214843750e+02
2.892088928222656250e+02
2.891506347656250000e+02
2.892309570312500000e+02
2.892238464355468750e+02
2.891253051757812500e+02
2.890449218750000000e+02
2.890851440429687500e+02
2.892710876464843750e+02
2.892309570312500000e+02
2.892891845703125000e+02
2.893694152832031250e+02
2.889792785644531250e+02
2.891033020019531250e+02
2.890228881835937500e+02
2.890449218750000000e+02
2.889169921875000000e+02
2.883961791992187500e+02
2.889644470214843750e+02
2.887926635742187500e+02
2.892238464355468750e+02
2.890741271972656250e+02
2.889241333007812500e+02
2.889644470214843750e+02
2.890377502441406250e+02
2.891654968261718750e+02
2.890195312500000000e+02
2.890195312500000000e+02
2.891654968261718750e+02
2.889390258789062500e+02
2.891180725097656250e+02
2.885579223632812500e+02
2.889390258789062500e+02
2.887778625488281250e+02
2.885686340332031250e+02
2.883406066894531250e+02
2.886970520019531250e+02
2.888181762695312500e+02
2.888988037109375000e+02
2.888181762695312500e+02
2.887120361328125000e+02
2.886240234375000000e+02
2.887926635742187500e+02
2.888512573242187500e+02
2.881493530273437500e+02
2.886312561035156250e+02
2.885579223632812500e+02
2.887266540527343750e+02
2.889060058593750000e+02
2.889060058593750000e+02
2.887669372558593750e+02
2.889536437988281250e+02
2.888658142089843750e+02
2.889938049316406250e+02
2.887594604492187500e+02
2.888071594238281250e+02
2.889060058593750000e+02
2.889863586425781250e+02
2.888473815917968750e+02
2.888473815917968750e+02
2.886789245605468750e+02
2.887669372558593750e+02
2.884731140136718750e+02
2.886201782226562500e+02
2.888071594238281250e+02
2.886789245605468750e+02
2.887811889648437500e+02
2.888213806152343750e+02
2.888876037597656250e+02
2.887669372558593750e+02
2.888255920410156250e+02
2.885579223632812500e+02
2.884991149902343750e+02
2.886386108398437500e+02
2.888071899414062500e+02
2.888474426269531250e+02
2.889536437988281250e+02
2.885135192871093750e+02
2.887007446289062500e+02
2.886604614257812500e+02
2.885135192871093750e+02
2.886386108398437500e+02
2.883114318847656250e+02
2.884731140136718750e+02
2.886931152343750000e+02
2.886604614257812500e+02
2.884512329101562500e+02
2.883662109375000000e+02
2.885057983398437500e+02
2.886125793457031250e+02
2.886604614257812500e+02
2.882777099609375000e+02
2.886343383789062500e+02
2.884065551757812500e+02
2.886343383789062500e+02
2.884794006347656250e+02
2.885460815429687500e+02
2.887811889648437500e+02
2.888800048828125000e+02
2.886745910644531250e+02
2.884872131347656250e+02
2.888136596679687500e+02
2.886265869140625000e+02
2.888136596679687500e+02
2.886745910644531250e+02
2.884391174316406250e+02
2.886343383789062500e+02
2.884655151367187500e+02
2.887811889648437500e+02
2.886343383789062500e+02
2.885863342285156250e+02
2.887409973144531250e+02
2.887192077636718750e+02
2.884512329101562500e+02
2.885722961425781250e+02
2.886201782226562500e+02
2.886863403320312500e+02
2.883443603515625000e+02
2.885135192871093750e+02
2.886125793457031250e+02
2.888876037597656250e+02
2.889060058593750000e+02
2.887669372558593750e+02
2.887266540527343750e+02
2.885722961425781250e+02
2.890339965820312500e+02
2.886528930664062500e+02
2.886789245605468750e+02
2.887266540527343750e+02
2.884586791992187500e+02
2.883847656250000000e+02
2.884251708984375000e+02
2.882777099609375000e+02
2.880708312988281250e+02
2.887669372558593750e+02
2.884327697753906250e+02
2.887266540527343750e+02
2.885174865722656250e+02
2.885798339843750000e+02
2.888512573242187500e+02
2.890596618652343750e+02
2.880972595214843750e+02
2.887192077636718750e+02
2.889938049316406250e+02
2.888071594238281250e+02
2.887853393554687500e+02
2.887926635742187500e+02
2.885579223632812500e+02
2.883923339843750000e+02
2.886386108398437500e+02
2.885982971191406250e+02
2.891180725097656250e+02
2.888915100097656250e+02
2.882634582519531250e+02
2.889719543457031250e+02
2.888988037109375000e+02
2.890779113769531250e+02
2.889974975585937500e+02
2.889974975585937500e+02
2.888109436035156250e+02
2.887523803710937500e+02
2.890449218750000000e+02
2.888988037109375000e+02
2.887523803710937500e+02
2.889390258789062500e+02
2.889792785644531250e+02
2.890195312500000000e+02
2.891654968261718750e+02
2.890779113769531250e+02
2.888329772949218750e+02
2.891836853027343750e+02
2.893221740722656250e+02
2.891544799804687500e+02
2.891434936523437500e+02
2.888988037109375000e+02
2.889280395507812500e+02
2.891253051757812500e+02
2.893112487792968750e+02
2.892710876464843750e+02
2.892238464355468750e+02
2.893149414062500000e+02
2.891434936523437500e+02
2.890741271972656250e+02
2.885542602539062500e+02
2.890851440429687500e+02
2.891434936523437500e+02
2.893112487792968750e+02
2.893694152832031250e+02
2.891836853027343750e+02
2.892309570312500000e+02
2.892710876464843750e+02
2.893112487792968750e+02
2.891033020019531250e+02
2.888329772949218750e+02
2.891434936523437500e+02
2.891434936523437500e+02
2.889390258789062500e+02
2.891434936523437500e+02
2.888988037109375000e+02
2.892128295898437500e+02
2.893002319335937500e+02
2.889390258789062500e+02
2.889097595214843750e+02
2.889975280761718750e+02
2.892238464355468750e+02
2.891836853027343750e+02
2.890851440429687500e+02
2.889573059082031250e+02
2.890851440429687500e+02
2.891033020019531250e+02
2.891104125976562500e+02
2.890449218750000000e+02
2.891434936523437500e+02
2.890851440429687500e+02
2.892309570312500000e+02
2.892891845703125000e+02
2.892891845703125000e+02
2.893183288574218750e+02
2.892309570312500000e+02
2.892309570312500000e+02
2.893694152832031250e+02
2.894094848632812500e+02
2.893112487792968750e+02
2.893112487792968750e+02
2.892821044921875000e+02
2.892055969238281250e+02
2.889317626953125000e+02
2.889573059082031250e+02
2.889462280273437500e+02
2.892309570312500000e+02
2.891033020019531250e+02
2.891434936523437500e+02
2.891907958984375000e+02
2.889352111816406250e+02
2.892891845703125000e+02
2.891252746582031250e+02
2.893040161132812500e+02
2.891544799804687500e+02
2.892238464355468750e+02
2.892309570312500000e+02
2.889573059082031250e+02
2.893112487792968750e+02
2.891253051757812500e+02
2.889644470214843750e+02
2.891104125976562500e+02
2.888181762695312500e+02
2.888767395019531250e+02
2.887778625488281250e+02
2.887778625488281250e+02
2.889573059082031250e+02
2.888584899902343750e+02
2.888512573242187500e+02
2.890377502441406250e+02
2.889792785644531250e+02
2.889390258789062500e+02
2.889390258789062500e+02
2.889390258789062500e+02
2.891434936523437500e+02
2.888329772949218750e+02
2.889390258789062500e+02
2.890851440429687500e+02
2.889317626953125000e+02
2.891180725097656250e+02
2.889719543457031250e+02
2.890779113769531250e+02
2.891582031250000000e+02
2.891180725097656250e+02
2.889719848632812500e+02
2.890121459960937500e+02
2.887450256347656250e+02
2.888109436035156250e+02
2.889792785644531250e+02
2.890195312500000000e+02
2.889974975585937500e+02
2.885652465820312500e+02
2.886460571289062500e+02
2.886643676757812500e+02
2.889719543457031250e+02
2.890195312500000000e+02
2.890121459960937500e+02
2.889461364746093750e+02
2.887192077636718750e+02
2.888658142089843750e+02
2.887594604492187500e+02
2.889060058593750000e+02
2.889060058593750000e+02
2.889277648925781250e+02
2.889277648925781250e+02
2.888800048828125000e+02
2.889277648925781250e+02
2.889678649902343750e+02
2.889863586425781250e+02
2.888398742675781250e+02
2.887409973144531250e+02
2.885319824218750000e+02
2.888398742675781250e+02
2.887996826171875000e+02
2.887192077636718750e+02
2.886789245605468750e+02
2.886201782226562500e+02
2.883443603515625000e+02
2.885538024902343750e+02
2.885319824218750000e+02
2.888398742675781250e+02
2.887333068847656250e+02
2.886745910644531250e+02
2.888615417480468750e+02
2.888615417480468750e+02
2.887333068847656250e+02
2.885940856933593750e+02
2.888658142089843750e+02
2.885135192871093750e+02
