2.883604941304195677e+02
2.887487736476627447e+02
2.885745477325696129e+02
2.887359373929592152e+02
2.889082310317339761e+02
2.885767036305172155e+02
2.885670431336052388e+02
2.888668488227251032e+02
2.885994585892279360e+02
2.889772485044534278e+02
2.887486621673382956e+02
2.889639492183735001e+02
2.890145646083059319e+02
2.891550045757568910e+02
2.859277509482191704e+02
2.885670431336052388e+02
2.888364401574849012e+02
2.887441150667769989e+02
2.882501048828931403e+02
2.888692162811004778e+02
2.885694904108903529e+02
2.884139399188005655e+02
2.885016017523039977e+02
2.882988436979039193e+02
2.883290153236798119e+02
2.883247989067931485e+02
2.883253142737701182e+02
2.883269670862292742e+02
2.883261123369787242e+02
2.877543471620150513e+02
2.883028076423099151e+02
2.882431429300608556e+02
2.881395983157148066e+02
2.882464958499882641e+02
2.883321359139134188e+02
2.880849241048704812e+02
2.883257936424272998e+02
2.882802140052720574e+02
2.883253393022548039e+02
2.883263813188285098e+02
2.883271911624217978e+02
2.883261123369787242e+02
2.883263867269159846e+02
2.883263995203586205e+02
2.883253393022548039e+02
2.883269670862292742e+02
2.883264068395998265e+02
2.883264093249993607e+02
2.883264093410339228e+02
2.883264074896080160e+02
2.883262606272061817e+02
2.883262606272061817e+02
2.883263867269159846e+02
2.883263218938250247e+02
2.883263995203586205e+02
2.883264070577404823e+02
2.883264098067658097e+02
2.883254629732648482e+02
2.883228975351414078e+02
2.882431429300608556e+02
2.883264069132196141e+02
2.883264070577404823e+02
2.883263867269159846e+02
2.883263813188285098e+02
2.883263901935192166e+02
2.883254629732648482e+02
2.883257936424272998e+02
2.883321359139134188e+02
2.882490456089764166e+02
2.883263884801035033e+02
2.883264069132196141e+02
2.883264093831766104e+02
2.883264095526956226e+02
2.883264093182955321e+02
2.883264072415092301e+02
2.883264095498196298e+02
2.883263218938250247e+02
2.883263901935192166e+02
2.883264086302358464e+02
2.883263901935192166e+02
2.883262317497795948e+02
2.883263995203586205e+02
2.883262267007283413e+02
2.883262606272061817e+02
2.883264955895987214e+02
2.883257936424272998e+02
2.883263813188285098e+02
2.883262317497795948e+02
2.883262606272061817e+02
2.883261123369787242e+02
2.883267209930885997e+02
2.883267209930885997e+02
2.883269670862292742e+02
2.882802140052720574e+02
2.883254629732648482e+02
2.883264955895987214e+02
2.883267209930885997e+02
2.883269670862292742e+02
2.883261123369787242e+02
2.883269670862292742e+02
2.883086287975187929e+02
2.864263072945254294e+02
2.872244096065991243e+02
2.880804761530795872e+02
2.883247989067931485e+02
2.882650350001184165e+02
2.882650350001184165e+02
2.883086287975187929e+02
2.882988436979039193e+02
2.883302393413489426e+02
2.883302393413489426e+02
2.883252821229408482e+02
2.883254629732648482e+02
2.883206503465784749e+02
2.883047869227026467e+02
2.882490456089764166e+02
2.883262773383377748e+02
2.883252821229408482e+02
2.882431429300608556e+02
2.882802140052720574e+02
2.883279328290724379e+02
2.883369242560144130e+02
2.883510300519171778e+02
2.883474102931775178e+02
2.879921522420276574e+02
2.875816117093799562e+02
2.874460248905393769e+02
2.878707501512025146e+02
2.879481394082570205e+02
2.882431429300608556e+02
2.883101177874581253e+02
2.883436527701422278e+02
2.884329852603477207e+02
2.882501048828931403e+02
2.883858122464645248e+02
2.883369242560144130e+02
2.883321359139134188e+02
2.883542291118507706e+02
2.882501048828931403e+02
2.880883651007007984e+02
2.883640864923482354e+02
2.883657702680622492e+02
2.890245624883682467e+02
2.874460248905393769e+02
2.878707501512025146e+02
2.875816117093799562e+02
2.877543471620150513e+02
2.882464958499882641e+02
2.886654511268209262e+02
2.886654511268209262e+02
2.887359373929592152e+02
2.881770862431378077e+02
2.886654511268209262e+02
2.881929660887440718e+02
2.885016017523039977e+02
2.885016017523039977e+02
2.881395983157148066e+02
2.884402974137739193e+02
2.883689266478621676e+02
2.883604941304195677e+02
2.883858122464645248e+02
2.883369242560144130e+02
2.885694904108903529e+02
2.887359373929592152e+02
2.873208559892829044e+02
2.893930995205757313e+02
2.893990954118615377e+02
2.888869513528904918e+02
2.889108352472935053e+02
2.887481164273542618e+02
2.887481164273542618e+02
2.889114260627437716e+02
2.883086287975187929e+02
2.886654511268209262e+02
2.886932073738498730e+02
2.888869513528904918e+02
2.887481164273542618e+02
2.886654511268209262e+02
2.885938281095423008e+02
2.883369242560144130e+02
2.883436527701422278e+02
2.884139399188005655e+02
2.883262377554935938e+02
2.883028076423099151e+02
2.883101177874581253e+02
2.883264093853782128e+02
2.883263995203586205e+02
2.883263901935192166e+02
2.883264086302358464e+02
2.881170594224487900e+02
2.887616672844420691e+02
2.861123896191772360e+02
2.866321411896105360e+02
2.877438727703569725e+02
2.877532770389632333e+02
2.874866980494658719e+02
2.877776895774693457e+02
2.883269446582572186e+02
2.884917505383158982e+02
2.880849241048704812e+02
2.883086287975187929e+02
2.884576099048731521e+02
2.883651406761478597e+02
2.883381907735175673e+02
2.883269286621604124e+02
2.883252821229408482e+02
2.884280528651022451e+02
2.884139399188005655e+02
2.883290089382584824e+02
2.883295064829951571e+02
2.883290089382584824e+02
2.884280528651022451e+02
2.885938281095423008e+02
2.884329852603477207e+02
2.884576099048731521e+02
2.884329852603477207e+02
2.885938281095423008e+02
2.886654511268209262e+02
2.881770862431378077e+02
2.885204623056711171e+02
2.886317619823492464e+02
2.885938281095423008e+02
2.886317619823492464e+02
2.886317619823492464e+02
2.886941526306650303e+02
2.884146207177863062e+02
2.882238407715593667e+02
2.887478174244019442e+02
2.887359373929592152e+02
2.885368597378403024e+02
2.883689266478621676e+02
2.884421002922095454e+02
2.884359580982873013e+02
2.885368597378403024e+02
2.884402974137739193e+02
2.884411578543003429e+02
2.885694904108903529e+02
2.885938281095423008e+02
2.886654511268209262e+02
2.885767036305172155e+02
2.884359580982873013e+02
2.883689266478621676e+02
2.884359580982873013e+02
2.887359373929592152e+02
2.887562594591844913e+02
2.885670431336052388e+02
2.884270807703513810e+02
2.884139399188005655e+02
2.883630413479427830e+02
2.884359580982873013e+02
2.884359580982873013e+02
2.884421002922095454e+02
2.885767036305172155e+02
2.885694904108903529e+02
2.884402974137739193e+02
2.884359580982873013e+02
2.885767036305172155e+02
2.884402974137739193e+02
2.884421002922095454e+02
2.884333874109208864e+02
2.884421002922095454e+02
2.885670431336052388e+02
2.885670431336052388e+02
2.886608291993969146e+02
2.889186490132316294e+02
2.887441150667769989e+02
2.889108352472935053e+02
2.887562594591844913e+02
2.887372745953833828e+02
2.888692162811004778e+02
2.889189637099964898e+02
2.889114260627437716e+02
2.890346245631170632e+02
2.890782037628642911e+02
2.887486621673382956e+02
2.889189637099964898e+02
2.888918857057761329e+02
2.887486621673382956e+02
2.885670431336052388e+02
2.884421002922095454e+02
2.884402974137739193e+02
2.885767036305172155e+02
2.887486621673382956e+02
2.889114260627437716e+02
2.885493434497203680e+02
2.889108352472935053e+02
2.887478174244019442e+02
2.885493434497203680e+02
2.883630413479427830e+02
2.883640864923482354e+02
2.885694904108903529e+02
2.883664966282407249e+02
2.883689266478621676e+02
2.885368597378403024e+02
2.889189637099964898e+02
2.888692162811004778e+02
2.885493434497203680e+02
2.883691961762630740e+02
2.887562594591844913e+02
2.885670431336052388e+02
2.883436527701422278e+02
2.884576099048731521e+02
2.890145646083059319e+02
2.888692162811004778e+02
2.883630413479427830e+02
2.884359580982873013e+02
2.887486621673382956e+02
2.888918857057761329e+02
2.889108352472935053e+02
2.888918857057761329e+02
2.889189637099964898e+02
2.885670431336052388e+02
2.883691961762630740e+02
2.884402974137739193e+02
2.887359373929592152e+02
2.885694904108903529e+02
2.884359580982873013e+02
2.885670431336052388e+02
2.885493434497203680e+02
2.883630413479427830e+02
2.884139399188005655e+02
2.887562594591844913e+02
2.889772485044534278e+02
2.887359373929592152e+02
2.887481164273542618e+02
2.870680974001746222e+02
2.889108352472935053e+02
2.883805030505712921e+02
2.883691961762630740e+02
2.887487736476627447e+02
2.889186490132316294e+02
2.889108352472935053e+02
2.884280528651022451e+02
2.883689266478621676e+02
2.883604941304195677e+02
2.883604941304195677e+02
2.883689266478621676e+02
2.885016017523039977e+02
2.883381907735175673e+02
2.881770862431378077e+02
2.885016017523039977e+02
2.885961989385556308e+02
2.891797904615766583e+02
2.885393222572555487e+02
2.890884103816861739e+02
2.885994585892279360e+02
2.885938281095423008e+02
2.885994585892279360e+02
2.882501048828931403e+02
2.879905162658504310e+02
2.883805030505712921e+02
2.884329852603477207e+02
2.862284359112311449e+02
2.881156195565400253e+02
2.881770862431378077e+02
2.883247989067931485e+02
2.883265843410908360e+02
2.883265843410908360e+02
2.883269670862292742e+02
2.883279328290724379e+02
2.883271911624217978e+02
2.883267248265259468e+02
2.883263813188285098e+02
2.883267209930885997e+02
2.883265843410908360e+02
2.883264138055096737e+02
2.883264955895987214e+02
2.883264955895987214e+02
2.883243020184768284e+02
2.883269670862292742e+02
2.883208856123346209e+02
2.883228975351414078e+02
2.883267209930885997e+02
2.883243020184768284e+02
2.883264086578036540e+02
2.883264095059126362e+02
2.883264262705983469e+02
2.883269670862292742e+02
2.883290153236798119e+02
2.881770862431378077e+02
2.881395983157148066e+02
2.883152054466975756e+02
2.883267209930885997e+02
2.883264955895987214e+02
2.883279328290724379e+02
2.883253393022548039e+02
2.883263218938250247e+02
2.883257936424272998e+02
2.883253393022548039e+02
2.883152054466975756e+02
2.877543471620150513e+02
2.883208856123346209e+02
2.883264074896080160e+02
2.883257936424272998e+02
2.882490456089764166e+02
2.883253142737701182e+02
2.883263850061626385e+02
2.883262606272061817e+02
2.883257936424272998e+02
2.883254372237689154e+02
2.883264070577404823e+02
2.883262317497795948e+02
2.883264070577404823e+02
2.883264095526956226e+02
2.883264068395998265e+02
2.883264086578036540e+02
2.883264096252029276e+02
2.883264093410339228e+02
2.883264069132196141e+02
2.883264095680009405e+02
2.883264095498196298e+02
2.883264095680009405e+02
2.883264093410339228e+02
2.883264093554819851e+02
2.883264070577404823e+02
2.883262267007283413e+02
2.883264086578036540e+02
2.883264070577404823e+02
2.883264093182955321e+02
2.883263995203586205e+02
2.883261123369787242e+02
2.882490456089764166e+02
2.883254629732648482e+02
2.883228975351414078e+02
2.883086287975187929e+02
2.883020437933413405e+02
2.883253393022548039e+02
2.883262606272061817e+02
2.883264262705983469e+02
2.883265843410908360e+02
2.883269670862292742e+02
2.883247989067931485e+02
2.883254629732648482e+02
2.883264619421884731e+02
2.883263901935192166e+02
2.883243020184768284e+02
2.883247989067931485e+02
2.878707501512025146e+02
2.883206503465784749e+02
2.883252821229408482e+02
2.883254372237689154e+02
2.883258642699072993e+02
2.883269670862292742e+02
2.883028076423099151e+02
2.883247989067931485e+02
2.879481394082570205e+02
2.883101177874581253e+02
2.884329852603477207e+02
2.883369242560144130e+02
2.882609893721464687e+02
2.883261123369787242e+02
2.883267248265259468e+02
2.883267209930885997e+02
2.883321359139134188e+02
2.883805030505712921e+02
2.881770862431378077e+02
2.882431429300608556e+02
2.883152054466975756e+02
2.882802140052720574e+02
2.883381907735175673e+02
2.883858122464645248e+02
2.880804761530795872e+02
2.883342986070874758e+02
2.885938281095423008e+02
2.883651406761478597e+02
2.885368597378403024e+02
2.885368597378403024e+02
2.884576099048731521e+02
2.883542291118507706e+02
2.887359373929592152e+02
2.885938281095423008e+02
2.883542291118507706e+02
2.885016017523039977e+02
2.884139399188005655e+02
2.883604941304195677e+02
2.883689266478621676e+02
2.883651406761478597e+02
2.883640864923482354e+02
2.884421002922095454e+02
2.883386786156195853e+02
2.884418299772011665e+02
2.885767036305172155e+02
2.885938281095423008e+02
2.886318845247203626e+02
2.884402974137739193e+02
2.883664966282407249e+02
2.884359580982873013e+02
2.883691961762630740e+02
2.883270215704279735e+02
2.885767036305172155e+02
2.887487736476627447e+02
2.876611269088248832e+02
2.885694904108903529e+02
2.885767036305172155e+02
2.883664966282407249e+02
2.883630413479427830e+02
2.884421002922095454e+02
2.885670431336052388e+02
2.884359580982873013e+02
2.883664966282407249e+02
2.887562594591844913e+02
2.883640864923482354e+02
2.885767036305172155e+02
2.885767036305172155e+02
2.885016017523039977e+02
2.885767036305172155e+02
2.885938281095423008e+02
2.884411578543003429e+02
2.884319153394298496e+02
2.885016017523039977e+02
2.884805331609153995e+02
2.885368597378403024e+02
2.883691961762630740e+02
2.884421002922095454e+02
2.885694904108903529e+02
2.886654511268209262e+02
2.885694904108903529e+02
2.887562594591844913e+02
2.890145646083059319e+02
2.887359373929592152e+02
2.885767036305172155e+02
2.885694904108903529e+02
2.885670431336052388e+02
2.885493434497203680e+02
2.885493434497203680e+02
2.885379697862888975e+02
2.885670431336052388e+02
2.885670431336052388e+02
2.883630413479427830e+02
2.883372108445724393e+02
2.883664966282407249e+02
2.883664966282407249e+02
2.883677701131167623e+02
2.883391667158888367e+02
2.883510300519171778e+02
2.886654511268209262e+02
2.887959887074509879e+02
2.885670431336052388e+02
2.887562594591844913e+02
2.885767036305172155e+02
2.887486621673382956e+02
2.888648287000324899e+02
2.885493434497203680e+02
2.884402974137739193e+02
2.883294933490014387e+02
2.884418299772011665e+02
2.883691961762630740e+02
2.885670431336052388e+02
2.886654511268209262e+02
2.883664966282407249e+02
2.884402974137739193e+02
2.889108352472935053e+02
2.890145646083059319e+02
2.885994585892279360e+02
2.887478174244019442e+02
2.885961989385556308e+02
2.885961989385556308e+02
2.886654511268209262e+02
2.886317619823492464e+02
2.884329852603477207e+02
2.884280528651022451e+02
2.884139399188005655e+02
2.885016017523039977e+02
2.885016017523039977e+02
2.885016017523039977e+02
2.885767036305172155e+02
2.883640864923482354e+02
2.885016017523039977e+02
2.885694904108903529e+02
2.883510300519171778e+02
2.883381907735175673e+02
2.883342986070874758e+02
2.883651406761478597e+02
2.883292954341446830e+02
2.883381907735175673e+02
2.883342986070874758e+02
2.883284072985871944e+02
2.883302393413489426e+02
2.884576099048731521e+02
2.884139399188005655e+02
2.883604941304195677e+02
2.885368597378403024e+02
2.878190868482125211e+02
2.882464958499882641e+02
2.881929660887440718e+02
2.883342986070874758e+02
2.883604941304195677e+02
2.883284072985871944e+02
2.883264400481511416e+02
2.883261123369787242e+02
2.883271911624217978e+02
2.883263813188285098e+02
2.883265843410908360e+02
2.883265843410908360e+02
2.883264120466126883e+02
2.883264120466126883e+02
2.883264096252029276e+02
2.883264120466126883e+02
2.883264098591685638e+02
2.883264138055096737e+02
2.883264098067658097e+02
2.883263995203586205e+02
2.883214325139134075e+02
2.883264098067658097e+02
2.883264086302358464e+02
2.883261123369787242e+02
2.883243020184768284e+02
2.883228975351414078e+02
2.883020437933413405e+02
2.883262377554935938e+02
2.883214325139134075e+02
2.883264098067658097e+02
2.883264093853782128e+02
2.883264093410339228e+02
2.883264095657972916e+02
2.883264095657972916e+02
2.883264093853782128e+02
2.883263867269159846e+02
2.883271911624217978e+02
2.883253393022548039e+02
