2.876672668457031250e+02
2.879886779785156250e+02
2.879879760742187500e+02
2.879356079101562500e+02
2.882538452148437500e+02
2.880409851074218750e+02
2.881996154785156250e+02
2.878845825195312500e+02
2.876708068847656250e+02
2.880430908203125000e+02
2.882003479003906250e+02
2.879907836914062500e+02
2.882017822265625000e+02
2.880444946289062500e+02
2.864278564453125000e+02
2.881996154785156250e+02
2.878832092285156250e+02
2.877781372070312500e+02
2.874024047851562500e+02
2.879363403320312500e+02
2.879348754882812500e+02
2.876679992675781250e+02
2.876687316894531250e+02
2.872396545410156250e+02
2.872375488281250000e+02
2.871304626464843750e+02
2.863125000000000000e+02
2.871296997070312500e+02
2.869667968750000000e+02
2.865895080566406250e+02
2.865875549316406250e+02
2.865882263183593750e+02
2.868610839843750000e+02
2.871318054199218750e+02
2.872382812500000000e+02
2.865888671875000000e+02
2.868583679199218750e+02
2.869689025878906250e+02
2.865861511230468750e+02
2.869660644531250000e+02
2.872368164062500000e+02
2.869667968750000000e+02
2.865847778320312500e+02
2.868569030761718750e+02
2.865861511230468750e+02
2.871296997070312500e+02
2.864200439453125000e+02
2.863096923828125000e+02
2.865833129882812500e+02
2.866930541992187500e+02
2.866945190429687500e+02
2.866945190429687500e+02
2.865847778320312500e+02
2.868576354980468750e+02
2.868569030761718750e+02
2.865840148925781250e+02
2.869645996093750000e+02
2.866952209472656250e+02
2.868590393066406250e+02
2.865882263183593750e+02
2.863103942871093750e+02
2.865840148925781250e+02
2.865847778320312500e+02
2.869660644531250000e+02
2.866937866210937500e+02
2.866952209472656250e+02
2.868583679199218750e+02
2.872382812500000000e+02
2.866972961425781250e+02
2.861461791992187500e+02
2.863103942871093750e+02
2.860345458984375000e+02
2.861440124511718750e+02
2.864193115234375000e+02
2.866385803222656250e+02
2.864185485839843750e+02
2.868576354980468750e+02
2.866937866210937500e+02
2.869653015136718750e+02
2.866937866210937500e+02
2.863117980957031250e+02
2.868569030761718750e+02
2.864214477539062500e+02
2.866945190429687500e+02
2.871282958984375000e+02
2.868583679199218750e+02
2.869660644531250000e+02
2.863117980957031250e+02
2.866945190429687500e+02
2.869667968750000000e+02
2.871289978027343750e+02
2.871289978027343750e+02
2.871296997070312500e+02
2.869689025878906250e+02
2.866952209472656250e+02
2.871282653808593750e+02
2.871289978027343750e+02
2.871296997070312500e+02
2.869667968750000000e+02
2.871296997070312500e+02
2.871311035156250000e+02
2.867004394531250000e+02
2.863163757324218750e+02
2.864247741699218750e+02
2.871304626464843750e+02
2.868604431152343750e+02
2.868604431152343750e+02
2.871311035156250000e+02
2.872396545410156250e+02
2.872390136718750000e+02
2.872390136718750000e+02
2.864221496582031250e+02
2.866952209472656250e+02
2.864228515625000000e+02
2.866966247558593750e+02
2.866972961425781250e+02
2.867489624023437500e+02
2.864221496582031250e+02
2.865882263183593750e+02
2.869689025878906250e+02
2.873981323242187500e+02
2.876665344238281250e+02
2.875068359375000000e+02
2.874532775878906250e+02
2.870243530273437500e+02
2.869708862304687500e+02
2.868623962402343750e+02
2.868617858886718750e+02
2.869702453613281250e+02
2.865882263183593750e+02
2.868597717285156250e+02
2.873995971679687500e+02
2.875083007812500000e+02
2.874024047851562500e+02
2.875075683593750000e+02
2.876665344238281250e+02
2.872382812500000000e+02
2.874017028808593750e+02
2.874024047851562500e+02
2.863151245117187500e+02
2.874002990722656250e+02
2.874043579101562500e+02
2.874055480957031250e+02
2.868624267578125000e+02
2.868617858886718750e+02
2.869708862304687500e+02
2.865895080566406250e+02
2.871318054199218750e+02
2.877760925292968750e+02
2.877760925292968750e+02
2.879356079101562500e+02
2.869695739746093750e+02
2.877760925292968750e+02
2.872403259277343750e+02
2.876687316894531250e+02
2.876687316894531250e+02
2.868610839843750000e+02
2.879341735839843750e+02
2.879334106445312500e+02
2.876672668457031250e+02
2.875075683593750000e+02
2.876665344238281250e+02
2.879348754882812500e+02
2.879356079101562500e+02
2.861513671875000000e+02
2.876734008789062500e+02
2.879390258789062500e+02
2.877788085937500000e+02
2.879370422363281250e+02
2.877767944335937500e+02
2.877767944335937500e+02
2.880423583984375000e+02
2.871311035156250000e+02
2.877760925292968750e+02
2.877234802246093750e+02
2.877788085937500000e+02
2.877767944335937500e+02
2.877760925292968750e+02
2.876694335937500000e+02
2.876665344238281250e+02
2.873995971679687500e+02
2.876679992675781250e+02
2.865854797363281250e+02
2.865875549316406250e+02
2.868597717285156250e+02
2.866923522949218750e+02
2.868569030761718750e+02
2.866937866210937500e+02
2.869653015136718750e+02
2.874030151367187500e+02
2.876720886230468750e+02
2.864284057617187500e+02
2.865907287597656250e+02
2.864254760742187500e+02
2.872423095703125000e+02
2.871344299316406250e+02
2.872416687011718750e+02
2.875109863281250000e+02
2.875632019042968750e+02
2.865888671875000000e+02
2.871311035156250000e+02
2.875089721679687500e+02
2.877738952636718750e+02
2.877731628417968750e+02
2.876650085449218750e+02
2.864221496582031250e+02
2.877746582031250000e+02
2.876679992675781250e+02
2.876657409667968750e+02
2.879318847656250000e+02
2.876657409667968750e+02
2.877746582031250000e+02
2.876694335937500000e+02
2.875083007812500000e+02
2.875089721679687500e+02
2.875083007812500000e+02
2.876694335937500000e+02
2.877760925292968750e+02
2.869695739746093750e+02
2.877220764160156250e+02
2.876701049804687500e+02
2.876694335937500000e+02
2.876701049804687500e+02
2.876701049804687500e+02
2.878293457031250000e+02
2.875096740722656250e+02
2.874567260742187500e+02
2.877774658203125000e+02
2.879356079101562500e+02
2.877753601074218750e+02
2.879334106445312500e+02
2.880402221679687500e+02
2.881988830566406250e+02
2.877753601074218750e+02
2.879341735839843750e+02
2.880932006835937500e+02
2.879348754882812500e+02
2.876694335937500000e+02
2.877760925292968750e+02
2.880409851074218750e+02
2.881988830566406250e+02
2.879334106445312500e+02
2.881988830566406250e+02
2.879356079101562500e+02
2.880416870117187500e+02
2.881996154785156250e+02
2.883043212890625000e+02
2.876679992675781250e+02
2.883035583496093750e+02
2.881988830566406250e+02
2.881988830566406250e+02
2.880402221679687500e+02
2.880409851074218750e+02
2.879348754882812500e+02
2.879341430664062500e+02
2.881989135742187500e+02
2.880409851074218750e+02
2.879341735839843750e+02
2.880402221679687500e+02
2.878278808593750000e+02
2.880402221679687500e+02
2.881996154785156250e+02
2.881996154785156250e+02
2.884635925292968750e+02
2.879376831054687500e+02
2.877781372070312500e+02
2.879370422363281250e+02
2.880416870117187500e+02
2.882531127929687500e+02
2.879363403320312500e+02
2.882010803222656250e+02
2.880423583984375000e+02
2.880967712402343750e+02
2.882024841308593750e+02
2.882003479003906250e+02
2.882010803222656250e+02
2.883065490722656250e+02
2.882003479003906250e+02
2.881996154785156250e+02
2.880402221679687500e+02
2.879341735839843750e+02
2.880409851074218750e+02
2.882003479003906250e+02
2.880423583984375000e+02
2.883050537109375000e+02
2.879370422363281250e+02
2.877774353027343750e+02
2.883050537109375000e+02
2.883035583496093750e+02
2.874002990722656250e+02
2.879348754882812500e+02
2.881981506347656250e+02
2.879334106445312500e+02
2.877753601074218750e+02
2.882010803222656250e+02
2.879363403320312500e+02
2.883050537109375000e+02
2.880394897460937500e+02
2.880416870117187500e+02
2.881996154785156250e+02
2.873995971679687500e+02
2.875089721679687500e+02
2.882017822265625000e+02
2.879363403320312500e+02
2.883035583496093750e+02
2.881988830566406250e+02
2.882003479003906250e+02
2.883065490722656250e+02
2.879370422363281250e+02
2.883065490722656250e+02
2.882010803222656250e+02
2.881996154785156250e+02
2.880394897460937500e+02
2.879341735839843750e+02
2.879356079101562500e+02
2.879348754882812500e+02
2.881988830566406250e+02
2.881996154785156250e+02
2.883050537109375000e+02
2.883035583496093750e+02
2.876679992675781250e+02
2.880416870117187500e+02
2.880430908203125000e+02
2.879356079101562500e+02
2.877767944335937500e+02
2.869721374511718750e+02
2.879370422363281250e+02
2.874010009765625000e+02
2.880394897460937500e+02
2.879886779785156250e+02
2.879376831054687500e+02
2.879370422363281250e+02
2.877746582031250000e+02
2.879334106445312500e+02
2.876672668457031250e+02
2.876672668457031250e+02
2.879334106445312500e+02
2.876687316894531250e+02
2.877731628417968750e+02
2.869695739746093750e+02
2.876687316894531250e+02
2.876714477539062500e+02
2.875128784179687500e+02
2.872453308105468750e+02
2.876727600097656250e+02
2.876708068847656250e+02
2.876694335937500000e+02
2.876708068847656250e+02
2.874024047851562500e+02
2.872410278320312500e+02
2.874010009765625000e+02
2.875083007812500000e+02
2.865919799804687500e+02
2.874036865234375000e+02
2.869695739746093750e+02
2.871304626464843750e+02
2.872360839843750000e+02
2.872360839843750000e+02
2.871296997070312500e+02
2.873981323242187500e+02
2.872368164062500000e+02
2.873973999023437500e+02
2.869660644531250000e+02
2.871289978027343750e+02
2.872360839843750000e+02
2.872345581054687500e+02
2.871282958984375000e+02
2.871282958984375000e+02
2.869674987792968750e+02
2.871296997070312500e+02
2.865868835449218750e+02
2.868590393066406250e+02
2.871289978027343750e+02
2.869674987792968750e+02
2.868561401367187500e+02
2.868553771972656250e+02
2.871275329589843750e+02
2.871296997070312500e+02
2.872375488281250000e+02
2.869695739746093750e+02
2.868610839843750000e+02
2.869681701660156250e+02
2.871290283203125000e+02
2.871282653808593750e+02
2.873981323242187500e+02
2.865861511230468750e+02
2.868576354980468750e+02
2.868583679199218750e+02
2.865861511230468750e+02
2.869681701660156250e+02
2.865895080566406250e+02
2.865868835449218750e+02
2.866930541992187500e+02
2.868583679199218750e+02
2.866972961425781250e+02
2.863125000000000000e+02
2.864207763671875000e+02
2.866945190429687500e+02
2.868583679199218750e+02
2.861475524902343750e+02
2.865840148925781250e+02
2.863117980957031250e+02
2.865840148925781250e+02
2.861440124511718750e+02
2.864200439453125000e+02
2.868561401367187500e+02
2.869637756347656250e+02
2.865833129882812500e+02
2.863103942871093750e+02
2.866907958984375000e+02
2.864185485839843750e+02
2.866907958984375000e+02
2.865833129882812500e+02
2.861448059082031250e+02
2.865840148925781250e+02
2.864214782714843750e+02
2.868561401367187500e+02
2.865840148925781250e+02
2.864193115234375000e+02
2.868569030761718750e+02
2.869667968750000000e+02
2.866972961425781250e+02
2.866952209472656250e+02
2.868590393066406250e+02
2.871311035156250000e+02
2.864234924316406250e+02
2.865861511230468750e+02
2.866945190429687500e+02
2.871275329589843750e+02
2.872360839843750000e+02
2.871296997070312500e+02
2.871304626464843750e+02
2.866952209472656250e+02
2.873966064453125000e+02
2.866937866210937500e+02
2.869674987792968750e+02
2.871304626464843750e+02
2.868617858886718750e+02
2.864228515625000000e+02
2.864221496582031250e+02
2.861475524902343750e+02
2.857605590820312500e+02
2.871296997070312500e+02
2.865875549316406250e+02
2.871304626464843750e+02
2.869702453613281250e+02
2.868597717285156250e+02
2.875083007812500000e+02
2.876665344238281250e+02
2.860392150878906250e+02
2.869667968750000000e+02
2.873973999023437500e+02
2.871289978027343750e+02
2.872382812500000000e+02
2.874010009765625000e+02
2.869695739746093750e+02
2.865882263183593750e+02
2.869681701660156250e+02
2.869689025878906250e+02
2.877731628417968750e+02
2.875075683593750000e+02
2.864247741699218750e+02
2.875061035156250000e+02
2.876694335937500000e+02
2.877738952636718750e+02
2.877753601074218750e+02
2.877753601074218750e+02
2.875089721679687500e+02
2.874017028808593750e+02
2.879356079101562500e+02
2.876694335937500000e+02
2.874017028808593750e+02
2.876687316894531250e+02
2.876679992675781250e+02
2.876672668457031250e+02
2.879334106445312500e+02
2.877738952636718750e+02
2.874002990722656250e+02
2.880402221679687500e+02
2.881445007324218750e+02
2.879872436523437500e+02
2.880409851074218750e+02
2.876694335937500000e+02
2.877228088378906250e+02
2.879341735839843750e+02
2.881981506347656250e+02
2.881988830566406250e+02
2.880394897460937500e+02
2.879841613769531250e+02
2.880409851074218750e+02
2.879886779785156250e+02
2.871877746582031250e+02
2.879348754882812500e+02
2.880409851074218750e+02
2.881981506347656250e+02
2.883035583496093750e+02
2.880402221679687500e+02
2.881996154785156250e+02
2.881988830566406250e+02
2.881981506347656250e+02
2.880416870117187500e+02
2.874002990722656250e+02
2.880409851074218750e+02
2.880409851074218750e+02
2.876687316894531250e+02
2.880409851074218750e+02
2.876694335937500000e+02
2.880932006835937500e+02
2.882516479492187500e+02
2.876687316894531250e+02
2.876153259277343750e+02
2.877753601074218750e+02
2.880394897460937500e+02
2.880402221679687500e+02
2.879348754882812500e+02
2.877760925292968750e+02
2.879348754882812500e+02
2.880416870117187500e+02
2.882017822265625000e+02
2.879356079101562500e+02
2.880409851074218750e+02
2.879348754882812500e+02
2.881996154785156250e+02
2.883050537109375000e+02
2.883050537109375000e+02
2.883576965332031250e+02
2.881996154785156250e+02
2.881996154785156250e+02
2.883035583496093750e+02
2.883027648925781250e+02
2.881981506347656250e+02
2.881981506347656250e+02
2.881452636718750000e+02
2.879326477050781250e+02
2.875068359375000000e+02
2.877760925292968750e+02
2.878300170898437500e+02
2.881996154785156250e+02
2.880416870117187500e+02
2.880409851074218750e+02
2.882003479003906250e+02
2.878839111328125000e+02
2.883050537109375000e+02
2.879341430664062500e+02
2.880379333496093750e+02
2.879872436523437500e+02
2.880394897460937500e+02
2.881996154785156250e+02
2.877760925292968750e+02
2.881981506347656250e+02
2.879341735839843750e+02
2.879370422363281250e+02
2.882017822265625000e+02
2.876708068847656250e+02
2.877774658203125000e+02
2.876714477539062500e+02
2.876714477539062500e+02
2.877760925292968750e+02
2.876701049804687500e+02
2.875083007812500000e+02
2.877746582031250000e+02
2.876679992675781250e+02
2.876687316894531250e+02
2.876687316894531250e+02
2.876687316894531250e+02
2.880409851074218750e+02
2.874002990722656250e+02
2.876687316894531250e+02
2.879348754882812500e+02
2.875068359375000000e+02
2.877731628417968750e+02
2.875061035156250000e+02
2.877738952636718750e+02
2.877723999023437500e+02
2.877731628417968750e+02
2.875061340332031250e+02
2.875054016113281250e+02
2.872390136718750000e+02
2.875089721679687500e+02
2.876679992675781250e+02
2.876672668457031250e+02
2.877753601074218750e+02
2.871331481933593750e+02
2.871318054199218750e+02
2.872403259277343750e+02
2.875061035156250000e+02
2.876672668457031250e+02
2.875054016113281250e+02
2.872352905273437500e+02
2.869667968750000000e+02
2.872368164062500000e+02
2.869660644531250000e+02
2.872360839843750000e+02
2.872360839843750000e+02
2.871267700195312500e+02
2.871267700195312500e+02
2.869637756347656250e+02
2.871267700195312500e+02
2.871259765625000000e+02
2.872345581054687500e+02
2.869645996093750000e+02
2.868569030761718750e+02
2.866958923339843750e+02
2.869645996093750000e+02
2.869653015136718750e+02
2.869667968750000000e+02
2.869674987792968750e+02
2.868591003417968750e+02
2.864234924316406250e+02
2.865854797363281250e+02
2.866958923339843750e+02
2.869645996093750000e+02
2.866923522949218750e+02
2.865833129882812500e+02
2.868546142578125000e+02
2.868546142578125000e+02
2.866923522949218750e+02
2.865847778320312500e+02
2.872368164062500000e+02
2.865861511230468750e+02
