2.885105942364125440e+02
2.898816059702933785e+02
2.898816059702933785e+02
2.898572268541548169e+02
2.902181709931384148e+02
2.899995629712988716e+02
2.901284416013448322e+02
2.896656110259026491e+02
2.885105942364125440e+02
2.899995629712988716e+02
2.901284416013448322e+02
2.898816059702933785e+02
2.901284416013448322e+02
2.899995629712988716e+02
2.855092025907671314e+02
2.901284416013448322e+02
2.896656110259026491e+02
2.891833212251423220e+02
2.882019961475995160e+02
2.898572268541548169e+02
2.898572268541548169e+02
2.885105942364125440e+02
2.885105942364125440e+02
2.878489391673938371e+02
2.878489391673938371e+02
2.872952838740624202e+02
2.844851900233792321e+02
2.872952838740624202e+02
2.872206867628279952e+02
2.852833091461615709e+02
2.852833091461615709e+02
2.852833091461615709e+02
2.870434669366374010e+02
2.872952838740624202e+02
2.878489391673938371e+02
2.852833091461615709e+02
2.870434669366374010e+02
2.872206867628279952e+02
2.852833091461615709e+02
2.872206867628279952e+02
2.878489391673938371e+02
2.872206867628279952e+02
2.852833091461615709e+02
2.870434669366374010e+02
2.852833091461615709e+02
2.872952838740624202e+02
2.848959409214454013e+02
2.844851900233792321e+02
2.852833091461615709e+02
2.863049242766186353e+02
2.863049242766186353e+02
2.863049242766186353e+02
2.852833091461615709e+02
2.870434669366374010e+02
2.870434669366374010e+02
2.852833091461615709e+02
2.872206867628279952e+02
2.863049242766186353e+02
2.870434669366374010e+02
2.852833091461615709e+02
2.844851900233792321e+02
2.852833091461615709e+02
2.852833091461615709e+02
2.872206867628279952e+02
2.863049242766186353e+02
2.863049242766186353e+02
2.870434669366374010e+02
2.878489391673938371e+02
2.863049242766186353e+02
2.844755988765877532e+02
2.844851900233792321e+02
2.846148512914032835e+02
2.844755988765877532e+02
2.848959409214454013e+02
2.856488568703661599e+02
2.848959409214454013e+02
2.870434669366374010e+02
2.863049242766186353e+02
2.872206867628279952e+02
2.863049242766186353e+02
2.844851900233792321e+02
2.870434669366374010e+02
2.848959409214454013e+02
2.863049242766186353e+02
2.872952838740624202e+02
2.870434669366374010e+02
2.872206867628279952e+02
2.844851900233792321e+02
2.863049242766186353e+02
2.872206867628279952e+02
2.872952838740624202e+02
2.872952838740624202e+02
2.872952838740624202e+02
2.872206867628279952e+02
2.863049242766186353e+02
2.872952838740624202e+02
2.872952838740624202e+02
2.872952838740624202e+02
2.872206867628279952e+02
2.872952838740624202e+02
2.872952838740624202e+02
2.863049242766186353e+02
2.844851900233792321e+02
2.848959409214454013e+02
2.872952838740624202e+02
2.870434669366374010e+02
2.870434669366374010e+02
2.872952838740624202e+02
2.878489391673938371e+02
2.878489391673938371e+02
2.878489391673938371e+02
2.848959409214454013e+02
2.863049242766186353e+02
2.848959409214454013e+02
2.863049242766186353e+02
2.863049242766186353e+02
2.863236120551407566e+02
2.848959409214454013e+02
2.852833091461615709e+02
2.872206867628279952e+02
2.882019961475995160e+02
2.885105942364125440e+02
2.881623759207853936e+02
2.882028668792171402e+02
2.872165699638961200e+02
2.872206867628279952e+02
2.870434669366374010e+02
2.870434669366374010e+02
2.872206867628279952e+02
2.852833091461615709e+02
2.870434669366374010e+02
2.882019961475995160e+02
2.881623759207853936e+02
2.882019961475995160e+02
2.881623759207853936e+02
2.885105942364125440e+02
2.878489391673938371e+02
2.882019961475995160e+02
2.882019961475995160e+02
2.844851900233792321e+02
2.882019961475995160e+02
2.881741241349502616e+02
2.889557029528251633e+02
2.870434669366374010e+02
2.870434669366374010e+02
2.872206867628279952e+02
2.852833091461615709e+02
2.872952838740624202e+02
2.891833212251423220e+02
2.891833212251423220e+02
2.898572268541548169e+02
2.872206867628279952e+02
2.891833212251423220e+02
2.878489391673938371e+02
2.885105942364125440e+02
2.885105942364125440e+02
2.870434669366374010e+02
2.898572268541548169e+02
2.898572268541548169e+02
2.885105942364125440e+02
2.881623759207853936e+02
2.885105942364125440e+02
2.898572268541548169e+02
2.898572268541548169e+02
2.844755988765877532e+02
2.892894200601800208e+02
2.898618606512068823e+02
2.891556164348772313e+02
2.898572268541548169e+02
2.891833212251423220e+02
2.891833212251423220e+02
2.899995629712988716e+02
2.872952838740624202e+02
2.891833212251423220e+02
2.885454942203811015e+02
2.891556164348772313e+02
2.891833212251423220e+02
2.891833212251423220e+02
2.885105942364125440e+02
2.885105942364125440e+02
2.882019961475995160e+02
2.885105942364125440e+02
2.852833091461615709e+02
2.852833091461615709e+02
2.870434669366374010e+02
2.863049242766186353e+02
2.870434669366374010e+02
2.863049242766186353e+02
2.872206867628279952e+02
2.882019961475995160e+02
2.884658883233918232e+02
2.860348412580464128e+02
2.852833091461615709e+02
2.848959409214454013e+02
2.878489391673938371e+02
2.872952838740624202e+02
2.878489391673938371e+02
2.881623759207853936e+02
2.882317606323042014e+02
2.852833091461615709e+02
2.872952838740624202e+02
2.881623759207853936e+02
2.891833212251423220e+02
2.891833212251423220e+02
2.885105942364125440e+02
2.848959409214454013e+02
2.891833212251423220e+02
2.885105942364125440e+02
2.885105942364125440e+02
2.898572268541548169e+02
2.885105942364125440e+02
2.891833212251423220e+02
2.885105942364125440e+02
2.881623759207853936e+02
2.881623759207853936e+02
2.881623759207853936e+02
2.885105942364125440e+02
2.891833212251423220e+02
2.872206867628279952e+02
2.885454942203811015e+02
2.885105942364125440e+02
2.885105942364125440e+02
2.885105942364125440e+02
2.885105942364125440e+02
2.894484650584481642e+02
2.881623759207853936e+02
2.882028668792171402e+02
2.891833212251423220e+02
2.898572268541548169e+02
2.891833212251423220e+02
2.898572268541548169e+02
2.899995629712988716e+02
2.901284416013448322e+02
2.891833212251423220e+02
2.898572268541548169e+02
2.899992733210805227e+02
2.898572268541548169e+02
2.885105942364125440e+02
2.891833212251423220e+02
2.899995629712988716e+02
2.901284416013448322e+02
2.898572268541548169e+02
2.901284416013448322e+02
2.898572268541548169e+02
2.899995629712988716e+02
2.901284416013448322e+02
2.902966349785344278e+02
2.885105942364125440e+02
2.902966349785344278e+02
2.901284416013448322e+02
2.901284416013448322e+02
2.899995629712988716e+02
2.899995629712988716e+02
2.898572268541548169e+02
2.898572268541548169e+02
2.901284416013448322e+02
2.899995629712988716e+02
2.898572268541548169e+02
2.899995629712988716e+02
2.894484650584481642e+02
2.899995629712988716e+02
2.901284416013448322e+02
2.901284416013448322e+02
2.904498752284781062e+02
2.898572268541548169e+02
2.891833212251423220e+02
2.898572268541548169e+02
2.899995629712988716e+02
2.902181709931384148e+02
2.898572268541548169e+02
2.901284416013448322e+02
2.899995629712988716e+02
2.899992733210805227e+02
2.901284416013448322e+02
2.901284416013448322e+02
2.901284416013448322e+02
2.902966349785344278e+02
2.901284416013448322e+02
2.901284416013448322e+02
2.899995629712988716e+02
2.898572268541548169e+02
2.899995629712988716e+02
2.901284416013448322e+02
2.899995629712988716e+02
2.902966349785344278e+02
2.898572268541548169e+02
2.891833212251423220e+02
2.902966349785344278e+02
2.902966349785344278e+02
2.882019961475995160e+02
2.898572268541548169e+02
2.901284416013448322e+02
2.898572268541548169e+02
2.891833212251423220e+02
2.901284416013448322e+02
2.898572268541548169e+02
2.902966349785344278e+02
2.899995629712988716e+02
2.899995629712988716e+02
2.901284416013448322e+02
2.882019961475995160e+02
2.881623759207853936e+02
2.901284416013448322e+02
2.898572268541548169e+02
2.902966349785344278e+02
2.901284416013448322e+02
2.901284416013448322e+02
2.902966349785344278e+02
2.898572268541548169e+02
2.902966349785344278e+02
2.901284416013448322e+02
2.901284416013448322e+02
2.899995629712988716e+02
2.898572268541548169e+02
2.898572268541548169e+02
2.898572268541548169e+02
2.901284416013448322e+02
2.901284416013448322e+02
2.902966349785344278e+02
2.902966349785344278e+02
2.885105942364125440e+02
2.899995629712988716e+02
2.899995629712988716e+02
2.898572268541548169e+02
2.891833212251423220e+02
2.872206867628279952e+02
2.898572268541548169e+02
2.882019961475995160e+02
2.899995629712988716e+02
2.898816059702933785e+02
2.898572268541548169e+02
2.898572268541548169e+02
2.891833212251423220e+02
2.898572268541548169e+02
2.885105942364125440e+02
2.885105942364125440e+02
2.898572268541548169e+02
2.885105942364125440e+02
2.891833212251423220e+02
2.872206867628279952e+02
2.885105942364125440e+02
2.885105942364125440e+02
2.890096941518389144e+02
2.884630393908972223e+02
2.886282665326096435e+02
2.885105942364125440e+02
2.885105942364125440e+02
2.885105942364125440e+02
2.882019961475995160e+02
2.878489391673938371e+02
2.882019961475995160e+02
2.881623759207853936e+02
2.859004200642884825e+02
2.882019961475995160e+02
2.872206867628279952e+02
2.872952838740624202e+02
2.878489391673938371e+02
2.878489391673938371e+02
2.872952838740624202e+02
2.882019961475995160e+02
2.878489391673938371e+02
2.882019961475995160e+02
2.872206867628279952e+02
2.872952838740624202e+02
2.878489391673938371e+02
2.878489391673938371e+02
2.872952838740624202e+02
2.872952838740624202e+02
2.872206867628279952e+02
2.872952838740624202e+02
2.852833091461615709e+02
2.870434669366374010e+02
2.872952838740624202e+02
2.872206867628279952e+02
2.870434669366374010e+02
2.870434669366374010e+02
2.872952838740624202e+02
2.872952838740624202e+02
2.878489391673938371e+02
2.872206867628279952e+02
2.870434669366374010e+02
2.872206867628279952e+02
2.872952838740624202e+02
2.872952838740624202e+02
2.882019961475995160e+02
2.852833091461615709e+02
2.870434669366374010e+02
2.870434669366374010e+02
2.852833091461615709e+02
2.872206867628279952e+02
2.852833091461615709e+02
2.852833091461615709e+02
2.863049242766186353e+02
2.870434669366374010e+02
2.863049242766186353e+02
2.844851900233792321e+02
2.848959409214454013e+02
2.863049242766186353e+02
2.870434669366374010e+02
2.844755988765877532e+02
2.852833091461615709e+02
2.844851900233792321e+02
2.852833091461615709e+02
2.844755988765877532e+02
2.848959409214454013e+02
2.870434669366374010e+02
2.872206867628279952e+02
2.852833091461615709e+02
2.844851900233792321e+02
2.863049242766186353e+02
2.848959409214454013e+02
2.863049242766186353e+02
2.852833091461615709e+02
2.844755988765877532e+02
2.852833091461615709e+02
2.848959409214454013e+02
2.870434669366374010e+02
2.852833091461615709e+02
2.848959409214454013e+02
2.870434669366374010e+02
2.872206867628279952e+02
2.863049242766186353e+02
2.863049242766186353e+02
2.870434669366374010e+02
2.872952838740624202e+02
2.848959409214454013e+02
2.852833091461615709e+02
2.863049242766186353e+02
2.872952838740624202e+02
2.878489391673938371e+02
2.872952838740624202e+02
2.872952838740624202e+02
2.863049242766186353e+02
2.882019961475995160e+02
2.863049242766186353e+02
2.872206867628279952e+02
2.872952838740624202e+02
2.870434669366374010e+02
2.848959409214454013e+02
2.848959409214454013e+02
2.844755988765877532e+02
2.846619018786422544e+02
2.872952838740624202e+02
2.852833091461615709e+02
2.872952838740624202e+02
2.872206867628279952e+02
2.870434669366374010e+02
2.881623759207853936e+02
2.885105942364125440e+02
2.846148512914032835e+02
2.872206867628279952e+02
2.882019961475995160e+02
2.872952838740624202e+02
2.878489391673938371e+02
2.882019961475995160e+02
2.872206867628279952e+02
2.852833091461615709e+02
2.872206867628279952e+02
2.872206867628279952e+02
2.891833212251423220e+02
2.881623759207853936e+02
2.848959409214454013e+02
2.881623759207853936e+02
2.885105942364125440e+02
2.891833212251423220e+02
2.891833212251423220e+02
2.891833212251423220e+02
2.881623759207853936e+02
2.882019961475995160e+02
2.898572268541548169e+02
2.885105942364125440e+02
2.882019961475995160e+02
2.885105942364125440e+02
2.885105942364125440e+02
2.885105942364125440e+02
2.898572268541548169e+02
2.891833212251423220e+02
2.882019961475995160e+02
2.899995629712988716e+02
2.900029567658583574e+02
2.898816059702933785e+02
2.899995629712988716e+02
2.885105942364125440e+02
2.885454942203811015e+02
2.898572268541548169e+02
2.901284416013448322e+02
2.901284416013448322e+02
2.899995629712988716e+02
2.898816059702933785e+02
2.899995629712988716e+02
2.898816059702933785e+02
2.873281668146693733e+02
2.898572268541548169e+02
2.899995629712988716e+02
2.901284416013448322e+02
2.902966349785344278e+02
2.899995629712988716e+02
2.901284416013448322e+02
2.901284416013448322e+02
2.901284416013448322e+02
2.899995629712988716e+02
2.882019961475995160e+02
2.899995629712988716e+02
2.899995629712988716e+02
2.885105942364125440e+02
2.899995629712988716e+02
2.885105942364125440e+02
2.899992733210805227e+02
2.902181709931384148e+02
2.885105942364125440e+02
2.883157301660413623e+02
2.891833212251423220e+02
2.899995629712988716e+02
2.899995629712988716e+02
2.898572268541548169e+02
2.891833212251423220e+02
2.898572268541548169e+02
2.899995629712988716e+02
2.901284416013448322e+02
2.898572268541548169e+02
2.899995629712988716e+02
2.898572268541548169e+02
2.901284416013448322e+02
2.902966349785344278e+02
2.902966349785344278e+02
2.903841024894489919e+02
2.901284416013448322e+02
2.901284416013448322e+02
2.902966349785344278e+02
2.902966349785344278e+02
2.901284416013448322e+02
2.901284416013448322e+02
2.900029567658583574e+02
2.898572268541548169e+02
2.881623759207853936e+02
2.891833212251423220e+02
2.894484650584481642e+02
2.901284416013448322e+02
2.899995629712988716e+02
2.899995629712988716e+02
2.901284416013448322e+02
2.896656110259026491e+02
2.902966349785344278e+02
2.898572268541548169e+02
2.899995629712988716e+02
2.898816059702933785e+02
2.899995629712988716e+02
2.901284416013448322e+02
2.891833212251423220e+02
2.901284416013448322e+02
2.898572268541548169e+02
2.898572268541548169e+02
2.901284416013448322e+02
2.885105942364125440e+02
2.891833212251423220e+02
2.885105942364125440e+02
2.885105942364125440e+02
2.891833212251423220e+02
2.885105942364125440e+02
2.881623759207853936e+02
2.891833212251423220e+02
2.885105942364125440e+02
2.885105942364125440e+02
2.885105942364125440e+02
2.885105942364125440e+02
2.899995629712988716e+02
2.882019961475995160e+02
2.885105942364125440e+02
2.898572268541548169e+02
2.881623759207853936e+02
2.891833212251423220e+02
2.881623759207853936e+02
2.891833212251423220e+02
2.891833212251423220e+02
2.891833212251423220e+02
2.881623759207853936e+02
2.881623759207853936e+02
2.878489391673938371e+02
2.881623759207853936e+02
2.885105942364125440e+02
2.885105942364125440e+02
2.891833212251423220e+02
2.872952838740624202e+02
2.872952838740624202e+02
2.878489391673938371e+02
2.881623759207853936e+02
2.885105942364125440e+02
2.881623759207853936e+02
2.878489391673938371e+02
2.872206867628279952e+02
2.878489391673938371e+02
2.872206867628279952e+02
2.878489391673938371e+02
2.878489391673938371e+02
2.872952838740624202e+02
2.872952838740624202e+02
2.872206867628279952e+02
2.872952838740624202e+02
2.872952838740624202e+02
2.878489391673938371e+02
2.872206867628279952e+02
2.870434669366374010e+02
2.863049242766186353e+02
2.872206867628279952e+02
2.872206867628279952e+02
2.872206867628279952e+02
2.872206867628279952e+02
2.870434669366374010e+02
2.848959409214454013e+02
2.852833091461615709e+02
2.863049242766186353e+02
2.872206867628279952e+02
2.863049242766186353e+02
2.852833091461615709e+02
2.870434669366374010e+02
2.870434669366374010e+02
2.863049242766186353e+02
2.852833091461615709e+02
2.878489391673938371e+02
2.852833091461615709e+02
