2.892416687011718750e+02
2.891419372558593750e+02
2.891752014160156250e+02
2.891419372558593750e+02
2.891086425781250000e+02
2.891752014160156250e+02
2.891752014160156250e+02
2.890419921875000000e+02
2.890753173828125000e+02
2.890753173828125000e+02
2.891419372558593750e+02
2.890419921875000000e+02
2.890753173828125000e+02
2.890086669921875000e+02
2.890086669921875000e+02
2.891752014160156250e+02
2.891086425781250000e+02
2.890419921875000000e+02
2.891086425781250000e+02
2.891086425781250000e+02
2.891752014160156250e+02
2.892084655761718750e+02
2.891752014160156250e+02
2.891752014160156250e+02
2.892749328613281250e+02
2.892416687011718750e+02
2.893081054687500000e+02
2.892749328613281250e+02
2.893081054687500000e+02
2.891419372558593750e+02
2.892416687011718750e+02
2.892084655761718750e+02
2.891752014160156250e+02
2.891752014160156250e+02
2.892416687011718750e+02
2.891752014160156250e+02
2.893081054687500000e+02
2.892084655761718750e+02
2.893081054687500000e+02
2.893412170410156250e+02
2.893081054687500000e+02
2.893081054687500000e+02
2.893743896484375000e+02
2.893743896484375000e+02
2.893081054687500000e+02
2.892749328613281250e+02
2.894075317382812500e+02
2.894406433105468750e+02
2.894406433105468750e+02
2.894075317382812500e+02
2.893412170410156250e+02
2.893412170410156250e+02
2.893743896484375000e+02
2.893412170410156250e+02
2.893743896484375000e+02
2.894075317382812500e+02
2.894075317382812500e+02
2.893081054687500000e+02
2.892749328613281250e+02
2.892084655761718750e+02
2.894075317382812500e+02
2.894075317382812500e+02
2.893743896484375000e+02
2.893412170410156250e+02
2.893743896484375000e+02
2.893081054687500000e+02
2.893081054687500000e+02
2.892416687011718750e+02
2.892084655761718750e+02
2.893743896484375000e+02
2.894075317382812500e+02
2.894406433105468750e+02
2.894737548828125000e+02
2.894406433105468750e+02
2.894075317382812500e+02
2.894737548828125000e+02
2.893412170410156250e+02
2.893743896484375000e+02
2.893743896484375000e+02
2.893743896484375000e+02
2.893412170410156250e+02
2.893743896484375000e+02
2.893412170410156250e+02
2.893412170410156250e+02
2.893412170410156250e+02
2.893081054687500000e+02
2.893412170410156250e+02
2.893412170410156250e+02
2.893412170410156250e+02
2.893081054687500000e+02
2.893081054687500000e+02
2.893081054687500000e+02
2.892749328613281250e+02
2.892084655761718750e+02
2.893081054687500000e+02
2.893412170410156250e+02
2.893081054687500000e+02
2.892749328613281250e+02
2.893081054687500000e+02
2.892749328613281250e+02
2.892084655761718750e+02
2.890419921875000000e+02
2.891086425781250000e+02
2.891752014160156250e+02
2.892416687011718750e+02
2.892084655761718750e+02
2.892084655761718750e+02
2.892084655761718750e+02
2.891752014160156250e+02
2.892084655761718750e+02
2.892084655761718750e+02
2.893081054687500000e+02
2.893081054687500000e+02
2.892749328613281250e+02
2.892416687011718750e+02
2.892084655761718750e+02
2.893412170410156250e+02
2.893081054687500000e+02
2.892084655761718750e+02
2.892084655761718750e+02
2.893081054687500000e+02
2.892749328613281250e+02
2.892416687011718750e+02
2.892416687011718750e+02
2.891419372558593750e+02
2.891086425781250000e+02
2.891086425781250000e+02
2.891419372558593750e+02
2.891419372558593750e+02
2.892084655761718750e+02
2.892416687011718750e+02
2.892416687011718750e+02
2.891752014160156250e+02
2.891086425781250000e+02
2.892084655761718750e+02
2.892749328613281250e+02
2.892416687011718750e+02
2.891419372558593750e+02
2.891086425781250000e+02
2.891752014160156250e+02
2.892084655761718750e+02
2.890086669921875000e+02
2.889418945312500000e+02
2.891086425781250000e+02
2.891419372558593750e+02
2.891086425781250000e+02
2.891419372558593750e+02
2.891752014160156250e+02
2.891419372558593750e+02
2.891419372558593750e+02
2.891419372558593750e+02
2.891752014160156250e+02
2.891419372558593750e+02
2.891419372558593750e+02
2.891752014160156250e+02
2.891752014160156250e+02
2.891752014160156250e+02
2.892084655761718750e+02
2.892416687011718750e+02
2.892416687011718750e+02
2.892084655761718750e+02
2.892749328613281250e+02
2.891752014160156250e+02
2.891419372558593750e+02
2.891086425781250000e+02
2.889418945312500000e+02
2.889753112792968750e+02
2.890086669921875000e+02
2.890753173828125000e+02
2.891086425781250000e+02
2.891086425781250000e+02
2.891086425781250000e+02
2.892084655761718750e+02
2.891419372558593750e+02
2.891086425781250000e+02
2.890086669921875000e+02
2.891086425781250000e+02
2.891419372558593750e+02
2.891419372558593750e+02
2.892749328613281250e+02
2.892416687011718750e+02
2.892084655761718750e+02
2.893412170410156250e+02
2.892416687011718750e+02
2.892416687011718750e+02
2.894406433105468750e+02
2.893743896484375000e+02
2.893743896484375000e+02
2.893743896484375000e+02
2.890753173828125000e+02
2.890086669921875000e+02
2.889753112792968750e+02
2.890753173828125000e+02
2.891419372558593750e+02
2.890419921875000000e+02
2.890419921875000000e+02
2.890753173828125000e+02
2.890419921875000000e+02
2.891086425781250000e+02
2.891752014160156250e+02
2.892084655761718750e+02
2.891419372558593750e+02
2.892416687011718750e+02
2.892749328613281250e+02
2.893412170410156250e+02
2.893081054687500000e+02
2.892084655761718750e+02
2.892084655761718750e+02
2.893081054687500000e+02
2.893081054687500000e+02
2.893081054687500000e+02
2.892084655761718750e+02
2.891419372558593750e+02
2.891752014160156250e+02
2.891419372558593750e+02
2.891752014160156250e+02
2.891419372558593750e+02
2.891419372558593750e+02
2.891752014160156250e+02
2.891752014160156250e+02
2.891086425781250000e+02
2.891419372558593750e+02
2.891086425781250000e+02
2.891086425781250000e+02
2.891419372558593750e+02
2.891086425781250000e+02
2.890753173828125000e+02
2.890753173828125000e+02
2.891419372558593750e+02
2.891752014160156250e+02
2.892416687011718750e+02
2.892084655761718750e+02
2.892084655761718750e+02
2.891752014160156250e+02
2.892084655761718750e+02
2.892084655761718750e+02
2.891752014160156250e+02
2.891419372558593750e+02
2.891419372558593750e+02
2.891752014160156250e+02
2.892084655761718750e+02
2.892416687011718750e+02
2.892084655761718750e+02
2.891419372558593750e+02
2.891419372558593750e+02
2.891752014160156250e+02
2.892084655761718750e+02
2.892084655761718750e+02
2.892416687011718750e+02
2.892084655761718750e+02
2.892084655761718750e+02
2.892084655761718750e+02
2.891752014160156250e+02
2.891752014160156250e+02
2.892084655761718750e+02
2.892084655761718750e+02
2.891752014160156250e+02
2.892084655761718750e+02
2.892084655761718750e+02
2.892084655761718750e+02
2.892084655761718750e+02
2.891752014160156250e+02
2.891752014160156250e+02
2.891419372558593750e+02
2.890419921875000000e+02
2.890419921875000000e+02
2.890753173828125000e+02
2.891419372558593750e+02
2.891419372558593750e+02
2.891086425781250000e+02
2.891086425781250000e+02
2.891086425781250000e+02
2.890419921875000000e+02
2.890419921875000000e+02
2.891419372558593750e+02
2.891086425781250000e+02
2.891086425781250000e+02
2.891419372558593750e+02
2.891752014160156250e+02
2.892084655761718750e+02
2.892084655761718750e+02
2.891752014160156250e+02
2.891419372558593750e+02
2.891086425781250000e+02
2.891752014160156250e+02
2.890753173828125000e+02
2.890753173828125000e+02
2.891752014160156250e+02
2.892416687011718750e+02
2.892084655761718750e+02
2.891752014160156250e+02
2.892416687011718750e+02
2.892416687011718750e+02
2.891752014160156250e+02
2.891086425781250000e+02
2.891086425781250000e+02
2.891752014160156250e+02
2.892416687011718750e+02
2.891419372558593750e+02
2.891752014160156250e+02
2.892416687011718750e+02
2.891419372558593750e+02
2.890753173828125000e+02
2.891086425781250000e+02
2.892416687011718750e+02
2.892084655761718750e+02
2.891419372558593750e+02
2.891086425781250000e+02
2.890753173828125000e+02
2.891086425781250000e+02
2.891086425781250000e+02
2.891752014160156250e+02
2.892416687011718750e+02
2.892084655761718750e+02
2.891419372558593750e+02
2.891752014160156250e+02
2.892084655761718750e+02
2.891752014160156250e+02
2.891752014160156250e+02
2.892416687011718750e+02
2.892084655761718750e+02
2.891419372558593750e+02
2.890753173828125000e+02
2.891419372558593750e+02
2.891086425781250000e+02
2.890419921875000000e+02
2.890753173828125000e+02
2.891752014160156250e+02
2.892416687011718750e+02
2.891419372558593750e+02
2.890419921875000000e+02
2.890753173828125000e+02
2.892084655761718750e+02
2.892416687011718750e+02
2.892416687011718750e+02
2.892416687011718750e+02
2.892416687011718750e+02
2.891752014160156250e+02
2.892749328613281250e+02
2.891752014160156250e+02
2.891752014160156250e+02
2.890419921875000000e+02
2.889418945312500000e+02
2.888750610351562500e+02
2.889753112792968750e+02
2.890753173828125000e+02
2.891419372558593750e+02
2.890753173828125000e+02
2.891086425781250000e+02
2.891086425781250000e+02
2.891752014160156250e+02
2.891752014160156250e+02
2.890086669921875000e+02
2.890419921875000000e+02
2.891752014160156250e+02
2.892416687011718750e+02
2.893412170410156250e+02
2.893412170410156250e+02
2.892749328613281250e+02
2.893081054687500000e+02
2.893081054687500000e+02
2.893412170410156250e+02
2.893412170410156250e+02
2.893081054687500000e+02
2.893412170410156250e+02
2.894075317382812500e+02
2.893412170410156250e+02
2.893412170410156250e+02
2.892749328613281250e+02
2.892749328613281250e+02
2.892749328613281250e+02
2.892749328613281250e+02
2.893081054687500000e+02
2.892749328613281250e+02
2.894075317382812500e+02
2.894406433105468750e+02
2.893743896484375000e+02
2.892749328613281250e+02
2.892749328613281250e+02
2.891752014160156250e+02
2.891752014160156250e+02
2.892416687011718750e+02
2.893081054687500000e+02
2.893412170410156250e+02
2.893081054687500000e+02
2.893081054687500000e+02
2.893412170410156250e+02
2.893081054687500000e+02
2.893081054687500000e+02
2.892416687011718750e+02
2.891419372558593750e+02
2.892749328613281250e+02
2.894075317382812500e+02
2.893081054687500000e+02
2.892084655761718750e+02
2.893081054687500000e+02
2.893743896484375000e+02
2.893412170410156250e+02
2.893081054687500000e+02
2.893081054687500000e+02
2.894075317382812500e+02
2.893412170410156250e+02
2.894075317382812500e+02
2.894737548828125000e+02
2.894075317382812500e+02
2.894075317382812500e+02
2.894406433105468750e+02
2.894406433105468750e+02
2.894075317382812500e+02
2.895068054199218750e+02
2.894737548828125000e+02
2.895068054199218750e+02
2.894406433105468750e+02
2.894406433105468750e+02
2.894075317382812500e+02
2.893412170410156250e+02
2.894075317382812500e+02
2.894075317382812500e+02
2.894406433105468750e+02
2.893743896484375000e+02
2.893081054687500000e+02
2.892084655761718750e+02
2.893081054687500000e+02
2.892749328613281250e+02
2.892084655761718750e+02
2.892416687011718750e+02
2.893081054687500000e+02
2.893412170410156250e+02
2.893743896484375000e+02
2.893412170410156250e+02
2.892749328613281250e+02
2.892416687011718750e+02
2.893081054687500000e+02
2.893743896484375000e+02
2.893743896484375000e+02
2.892749328613281250e+02
2.892416687011718750e+02
2.891419372558593750e+02
2.892749328613281250e+02
2.893081054687500000e+02
2.893081054687500000e+02
2.893081054687500000e+02
2.892749328613281250e+02
2.892416687011718750e+02
2.892416687011718750e+02
2.891419372558593750e+02
2.892416687011718750e+02
2.891752014160156250e+02
2.892749328613281250e+02
2.892084655761718750e+02
2.893081054687500000e+02
2.893412170410156250e+02
2.893081054687500000e+02
2.892416687011718750e+02
2.891752014160156250e+02
2.891752014160156250e+02
2.892084655761718750e+02
2.892416687011718750e+02
2.892084655761718750e+02
2.892749328613281250e+02
2.892084655761718750e+02
2.891752014160156250e+02
2.892749328613281250e+02
2.891419372558593750e+02
2.892416687011718750e+02
2.891752014160156250e+02
2.891752014160156250e+02
2.891419372558593750e+02
2.891419372558593750e+02
2.891419372558593750e+02
2.891419372558593750e+02
2.891419372558593750e+02
2.891752014160156250e+02
2.892084655761718750e+02
2.892416687011718750e+02
2.892416687011718750e+02
2.892416687011718750e+02
2.892084655761718750e+02
2.892084655761718750e+02
2.892749328613281250e+02
2.892084655761718750e+02
2.891752014160156250e+02
2.891419372558593750e+02
2.891419372558593750e+02
2.892084655761718750e+02
2.892416687011718750e+02
2.892084655761718750e+02
2.892416687011718750e+02
2.893412170410156250e+02
2.891752014160156250e+02
2.891419372558593750e+02
2.890753173828125000e+02
2.891752014160156250e+02
2.891752014160156250e+02
2.892416687011718750e+02
2.892416687011718750e+02
2.892084655761718750e+02
2.891752014160156250e+02
2.892084655761718750e+02
2.892416687011718750e+02
2.891419372558593750e+02
2.892084655761718750e+02
2.891752014160156250e+02
2.891752014160156250e+02
2.891752014160156250e+02
2.891752014160156250e+02
2.891419372558593750e+02
2.892084655761718750e+02
2.892084655761718750e+02
2.891752014160156250e+02
2.891752014160156250e+02
2.891752014160156250e+02
2.892416687011718750e+02
2.892084655761718750e+02
2.891752014160156250e+02
2.891419372558593750e+02
2.891752014160156250e+02
2.891419372558593750e+02
2.890753173828125000e+02
2.891419372558593750e+02
2.891752014160156250e+02
2.891752014160156250e+02
2.891752014160156250e+02
2.891752014160156250e+02
2.891752014160156250e+02
2.891752014160156250e+02
2.891752014160156250e+02
2.891752014160156250e+02
2.892416687011718750e+02
2.892749328613281250e+02
2.892416687011718750e+02
2.892416687011718750e+02
2.892416687011718750e+02
2.892749328613281250e+02
2.892416687011718750e+02
2.891419372558593750e+02
2.891086425781250000e+02
2.891752014160156250e+02
2.891419372558593750e+02
2.891752014160156250e+02
2.891419372558593750e+02
2.890753173828125000e+02
2.891752014160156250e+02
2.892084655761718750e+02
2.893081054687500000e+02
2.892084655761718750e+02
2.892416687011718750e+02
2.891752014160156250e+02
2.891419372558593750e+02
2.892416687011718750e+02
2.892084655761718750e+02
2.890753173828125000e+02
2.890753173828125000e+02
2.890753173828125000e+02
2.890753173828125000e+02
2.890419921875000000e+02
2.890419921875000000e+02
2.891419372558593750e+02
2.891086425781250000e+02
2.891752014160156250e+02
2.892084655761718750e+02
2.892084655761718750e+02
2.891752014160156250e+02
2.891752014160156250e+02
2.891752014160156250e+02
2.891752014160156250e+02
2.892084655761718750e+02
2.891752014160156250e+02
2.891752014160156250e+02
2.892416687011718750e+02
2.892749328613281250e+02
2.892749328613281250e+02
2.892416687011718750e+02
2.893081054687500000e+02
2.892749328613281250e+02
2.892749328613281250e+02
2.893081054687500000e+02
2.892084655761718750e+02
2.891419372558593750e+02
2.892084655761718750e+02
2.892416687011718750e+02
2.891752014160156250e+02
2.891086425781250000e+02
2.891752014160156250e+02
2.891419372558593750e+02
2.892749328613281250e+02
2.892416687011718750e+02
2.893081054687500000e+02
2.893743896484375000e+02
2.893081054687500000e+02
2.893081054687500000e+02
2.893412170410156250e+02
2.893412170410156250e+02
2.893412170410156250e+02
2.894075317382812500e+02
2.894075317382812500e+02
2.894406433105468750e+02
2.894075317382812500e+02
2.894406433105468750e+02
2.894075317382812500e+02
2.894075317382812500e+02
2.893743896484375000e+02
2.892749328613281250e+02
2.894075317382812500e+02
2.893743896484375000e+02
2.893081054687500000e+02
2.892749328613281250e+02
2.892749328613281250e+02
2.892416687011718750e+02
2.893412170410156250e+02
2.892749328613281250e+02
2.894075317382812500e+02
2.894406433105468750e+02
2.894406433105468750e+02
2.894737548828125000e+02
2.894737548828125000e+02
2.894406433105468750e+02
2.893743896484375000e+02
2.893081054687500000e+02
2.893081054687500000e+02
