2.852739017401726187e+02
2.837280650916217724e+02
2.851059079846017994e+02
2.831785752121234623e+02
2.860818495038623155e+02
2.839368544710202400e+02
2.846003554941489142e+02
2.845597617732896651e+02
2.819392696070866009e+02
2.828359310525852948e+02
2.824170662948482686e+02
2.827558331136901870e+02
2.831785752121234623e+02
2.815126206362726862e+02
2.832581543198760983e+02
2.855993501842643809e+02
2.839368544710202400e+02
2.840340658455999687e+02
2.847399875235240074e+02
2.844966891297730172e+02
2.837962220104169546e+02
2.858451208908116428e+02
2.832581543198760983e+02
2.831785752121234623e+02
2.851231085874879909e+02
2.843617400122134882e+02
2.850692999589630858e+02
2.852739017401726187e+02
2.847399875235240074e+02
2.851702170674757895e+02
2.857300435521706845e+02
2.834202798040196853e+02
2.837590356503137627e+02
2.834377678046949995e+02
2.814739626076006402e+02
2.834897420300005138e+02
2.856700512356435979e+02
2.864149179468377611e+02
2.852314473487282385e+02
2.860545385403496539e+02
2.844574999025856528e+02
2.858515997413803689e+02
2.858501205793942859e+02
2.851108470079563517e+02
2.832581543198760983e+02
2.860137516910118052e+02
2.831902584416080231e+02
2.837353009219654609e+02
2.835730700001343507e+02
2.857300435521706845e+02
2.860779780382676449e+02
2.859512027368700160e+02
2.834202798040196853e+02
2.825924250709531407e+02
2.836341562749986451e+02
2.817348687523094100e+02
2.807809402485008832e+02
2.816753139063141020e+02
2.837004261428457994e+02
2.851059079846017994e+02
2.832581543198760983e+02
2.818106811212560388e+02
2.858501205793942859e+02
2.855433065411052667e+02
2.824516773231927687e+02
2.832581543198760983e+02
2.837004261428457994e+02
2.829303099343549093e+02
2.815546586922905590e+02
2.837801798121582237e+02
2.828176024090528244e+02
2.839368544710202400e+02
2.852739017401726187e+02
2.824170662948482686e+02
2.835730700001343507e+02
2.846868083842432497e+02
2.821708218298812199e+02
2.847145551397741770e+02
2.851231085874879909e+02
2.824170662948482686e+02
2.838350233923913493e+02
2.827895341433455769e+02
2.814043400924992397e+02
2.815026357126349694e+02
2.814121826169755991e+02
2.815546586922905590e+02
2.815546586922905590e+02
2.816903945638706546e+02
2.825058092571067618e+02
2.834818016801123122e+02
2.832581543198760983e+02
2.847261630347911705e+02
2.815762937079708195e+02
2.837280650916217724e+02
2.837004261428457994e+02
2.831785752121234623e+02
2.841020681907449443e+02
2.827558331136901870e+02
2.851059079846017994e+02
2.837794116902560404e+02
2.846351153510661334e+02
2.806805574035548716e+02
2.816753139063141020e+02
2.821496011226203677e+02
2.860226198215469822e+02
2.850506915130372931e+02
2.838105695525699730e+02
2.834202798040196853e+02
2.856723581512410419e+02
2.834997018923981500e+02
2.858050029313833988e+02
2.845632365733137590e+02
2.824170662948482686e+02
2.831881969785964088e+02
2.831785752121234623e+02
2.838038555139555115e+02
2.824312574053778349e+02
2.838034768897803133e+02
2.820390090755494157e+02
2.842370956659377157e+02
2.820356784362691656e+02
2.823704074198114427e+02
2.815546586922905590e+02
2.820213904386959030e+02
2.847261630347911705e+02
2.830141721815293749e+02
2.849423193066299405e+02
2.840916678519914740e+02
2.850182170553158016e+02
2.838038555139555115e+02
2.835994990017595683e+02
2.815546586922905590e+02
2.821708218298812199e+02
2.825037529641545007e+02
2.860820710560274165e+02
2.834680556541752026e+02
2.847557955492827091e+02
2.842952496207390141e+02
2.829303099343549093e+02
2.832581543198760983e+02
2.813657708767616441e+02
2.825196708168497821e+02
2.854494310623011870e+02
2.843721989168773234e+02
2.855993501842643809e+02
2.834680556541752026e+02
2.837329622064792147e+02
2.825058092571067618e+02
2.834897420300005138e+02
2.847399875235240074e+02
2.843618773173730006e+02
2.827652242281519648e+02
2.842160122281393910e+02
2.845793946071469804e+02
2.832483196101065346e+02
2.828359310525852948e+02
2.831447314417583812e+02
2.850814494766523808e+02
2.861708199108512645e+02
2.831902584416080231e+02
2.832232210275880675e+02
2.855433065411052667e+02
2.835516683055748786e+02
2.847408810137419550e+02
2.827675460640973597e+02
2.835516683055748786e+02
2.827301403879795316e+02
2.831888388013998110e+02
2.827267642583383349e+02
2.830749788582060091e+02
2.827301403879795316e+02
2.822132835601647685e+02
2.833782198136908050e+02
2.842160122281393910e+02
2.830308544142026221e+02
2.839460744512746260e+02
2.860137516910118052e+02
2.826006751093054277e+02
2.824416958393971413e+02
2.828237859570575665e+02
2.858812425123134062e+02
2.853356094832676604e+02
2.861757531360491384e+02
2.834665360701426948e+02
2.837600373895136840e+02
2.815026357126349694e+02
2.837600373895136840e+02
2.842164503854788791e+02
2.849248197810811689e+02
2.841018695114177604e+02
2.830525319972795160e+02
2.840987546287772716e+02
2.832483196101065346e+02
2.844966891297730172e+02
2.866481229150551258e+02
2.849536011472115433e+02
2.858175057595109365e+02
2.860336463816669834e+02
2.834202798040196853e+02
2.852768960161004088e+02
2.839173559566966105e+02
2.842859124235777699e+02
2.857635870208519577e+02
2.845793946071469804e+02
2.846003554941489142e+02
2.839194184473290079e+02
2.855340172454016283e+02
2.851059079846017994e+02
2.834939676697323989e+02
2.840249111106791133e+02
2.830295558229749986e+02
2.842096923652212581e+02
2.867715607520835874e+02
2.859286096111769098e+02
2.835222857086139925e+02
2.852768960161004088e+02
2.852314473487282385e+02
2.842679913382912673e+02
2.843617400122134882e+02
2.849536011472115433e+02
2.852314473487282385e+02
2.857567427877868340e+02
2.852512558040090198e+02
2.837595231532823163e+02
2.856013283723294762e+02
2.855433065411052667e+02
2.841242724518984346e+02
2.851869911613340491e+02
2.841954147559818580e+02
2.836790323520880293e+02
2.864032191201711157e+02
2.837794116902560404e+02
2.828179209266155567e+02
2.840978979102206381e+02
2.859129471852322126e+02
2.845793946071469804e+02
2.852541756315022781e+02
2.844966891297730172e+02
2.852221661757061497e+02
2.846183400433216661e+02
2.836117578377995301e+02
2.852739017401726187e+02
2.831902584416080231e+02
2.842096923652212581e+02
2.852367745361763696e+02
2.852541756315022781e+02
2.837794116902560404e+02
2.833420218176663639e+02
2.831447314417583812e+02
2.836077338799260019e+02
2.837356987614172112e+02
2.828359310525852948e+02
2.826435318272088466e+02
2.835277858752360771e+02
2.840978979102206381e+02
2.848394054387626966e+02
2.851298923722870882e+02
2.834818016801123122e+02
2.832581543198760983e+02
2.821708218298812199e+02
2.843556300773362864e+02
2.820213904386959030e+02
2.837280650916217724e+02
2.831342753785201580e+02
2.834178896423179026e+02
2.838345917651063814e+02
2.855340172454016283e+02
2.852444980508847721e+02
2.827558331136901870e+02
2.857300435521706845e+02
2.831225301444308684e+02
2.817348687523094100e+02
2.833782198136908050e+02
2.860224633302153165e+02
2.852541756315022781e+02
2.857567427877868340e+02
2.818150763261842258e+02
2.843618773173730006e+02
2.852388490196415773e+02
2.856700512356435979e+02
2.835222857086139925e+02
2.839368544710202400e+02
2.860309875235127492e+02
2.843721989168773234e+02
2.851702170674757895e+02
2.837962220104169546e+02
2.831447314417583812e+02
2.842160122281393910e+02
2.822551515029783786e+02
2.847399875235240074e+02
2.857300435521706845e+02
2.842096923652212581e+02
2.850564263407250678e+02
2.852592678065652194e+02
2.843617400122134882e+02
2.834997018923981500e+02
2.842160122281393910e+02
2.839884453960485757e+02
2.834665360701426948e+02
2.855433065411052667e+02
2.840759767747242677e+02
2.859286096111769098e+02
2.837595231532823163e+02
2.859822716693001325e+02
2.844966891297730172e+02
2.830203378115706414e+02
2.845632365733137590e+02
2.870350867232340306e+02
2.847399875235240074e+02
2.853978454681013091e+02
2.851231085874879909e+02
2.860162185909909454e+02
2.858493234084026540e+02
2.847399875235240074e+02
2.863062350409761052e+02
2.834818016801123122e+02
2.825924250709531407e+02
2.847399875235240074e+02
2.830308544142026221e+02
2.852367745361763696e+02
2.837356987614172112e+02
2.847408810137419550e+02
2.850564263407250678e+02
2.844411360551704320e+02
2.864375659804223346e+02
2.845793946071469804e+02
2.842679913382912673e+02
2.844452883614886218e+02
2.845597617732896651e+02
2.858515997413803689e+02
2.856013283723294762e+02
2.833223585587740558e+02
2.860954631281793468e+02
2.846307487757492254e+02
2.833420218176663639e+02
2.860336463816669834e+02
2.836117578377995301e+02
2.846003554941489142e+02
2.852799567443147453e+02
2.860880826159000208e+02
2.842096923652212581e+02
2.841375775649031539e+02
2.824170662948482686e+02
2.816753139063141020e+02
2.860779780382676449e+02
2.852444980508847721e+02
2.859129471852322126e+02
2.849536011472115433e+02
2.832232210275880675e+02
2.830683475400883822e+02
2.843618773173730006e+02
2.837683700516896010e+02
2.821385260578439897e+02
2.843841284040443611e+02
2.837233802778346217e+02
2.842017479755386375e+02
2.830833446888352682e+02
2.831342753785201580e+02
2.825609352508327561e+02
2.824503181304527288e+02
2.825883058098361289e+02
2.830794614720544473e+02
2.840978979102206381e+02
2.828272843084581609e+02
2.824922712739010535e+02
2.833653790983793783e+02
2.821496011226203677e+02
2.829534287686788616e+02
2.850814494766523808e+02
2.837356987614172112e+02
2.854275279804423349e+02
2.836769553125284347e+02
2.859680249949011568e+02
2.830943861600505329e+02
2.859680249949011568e+02
2.851298923722870882e+02
2.848215810750692754e+02
2.833530956417041011e+02
2.860603139763987315e+02
2.832261484696147136e+02
2.843617400122134882e+02
2.831186258802805469e+02
2.831147426634997259e+02
2.851298923722870882e+02
2.827301403879795316e+02
2.845732884658681883e+02
2.836769553125284347e+02
2.829959754570798509e+02
2.841145442151330371e+02
2.837572531341813260e+02
2.836121322258887858e+02
2.835222857086139925e+02
2.841375775649031539e+02
2.845632365733137590e+02
2.842859124235777699e+02
2.819911808831412827e+02
2.855340172454016283e+02
2.832938677589010013e+02
2.852739017401726187e+02
2.809886001646779050e+02
2.848215810750692754e+02
2.839174847957307293e+02
2.833630460158213964e+02
2.839438779529330645e+02
2.830344057990305942e+02
2.829142258837910049e+02
2.852314473487282385e+02
2.829154789434615509e+02
2.815055549875228849e+02
2.848215810750692754e+02
2.820160786581009233e+02
2.845597617732896651e+02
2.837089986962641319e+02
2.818324670418116966e+02
2.836077338799260019e+02
2.816998866003249304e+02
2.836117578377995301e+02
2.852799567443147453e+02
2.853078471798664850e+02
2.820466075426833754e+02
2.867715607520835874e+02
2.825678024215930577e+02
2.837356987614172112e+02
2.831849555846189332e+02
2.837233802778346217e+02
2.827267642583383349e+02
2.839843285897939040e+02
2.820466075426833754e+02
2.843841284040443611e+02
2.848062731699417327e+02
2.827095786816125269e+02
2.845632365733137590e+02
2.850814494766523808e+02
2.831186258802805469e+02
2.819800609383440246e+02
2.827095016081063932e+02
2.826377015951521798e+02
2.842096923652212581e+02
2.831186258802805469e+02
2.834997018923981500e+02
2.859129471852322126e+02
2.831447314417583812e+02
2.833420218176663639e+02
2.852739017401726187e+02
2.830833446888352682e+02
2.860786805686757930e+02
2.835277858752360771e+02
2.853078471798664850e+02
2.835516683055748786e+02
2.833634357766637208e+02
2.818950181460024851e+02
2.825709104800994282e+02
2.839438779529330645e+02
2.857449763336801993e+02
2.852314473487282385e+02
2.823939816694985439e+02
2.830669757385953744e+02
2.845979752355982555e+02
2.823965731272539301e+02
2.837595231532823163e+02
2.827558235474235744e+02
2.853494581305108682e+02
2.840913467715741945e+02
2.828396448691476621e+02
2.840759767747242677e+02
2.843459640260115293e+02
2.827495853944572559e+02
2.845732884658681883e+02
2.827474216316908269e+02
2.835211028269085887e+02
2.826509797768163139e+02
2.848394054387626966e+02
2.823939816694985439e+02
2.837233802778346217e+02
2.827521953572775715e+02
2.837233802778346217e+02
2.827521953572775715e+02
2.843617400122134882e+02
2.840913467715741945e+02
2.840913467715741945e+02
2.830729919626509172e+02
2.856834979617518115e+02
2.830054321721735846e+02
2.837092439653413294e+02
2.859571677875839555e+02
2.827092039591112211e+02
2.842859124235777699e+02
2.827679052034946494e+02
2.835483771452371116e+02
2.833782198136908050e+02
2.859017265893749595e+02
2.826974786800249149e+02
2.844411360551704320e+02
2.835211028269085887e+02
2.855433065411052667e+02
2.859382950032546091e+02
2.855993501842643809e+02
2.837590356503137627e+02
2.859499467065209615e+02
2.860336463816669834e+02
2.859017265893749595e+02
2.828176024090528244e+02
2.852242764343441763e+02
2.838105695525699730e+02
2.858213590644761553e+02
2.864762203853086930e+02
2.852768960161004088e+02
2.850692999589630858e+02
2.867160225655147769e+02
2.840978979102206381e+02
2.852541756315022781e+02
2.837280650916217724e+02
2.832581543198760983e+02
2.824416958393971413e+02
2.831225301444308684e+02
2.829684946185280978e+02
2.839173559566966105e+02
2.824341740757308230e+02
2.856115110871156162e+02
2.854275279804423349e+02
2.848062731699417327e+02
2.833653790983793783e+02
2.869640386198016131e+02
2.839416066987967042e+02
2.837683700516896010e+02
2.841020681907449443e+02
2.851869911613340491e+02
2.846183400433216661e+02
2.828179209266155567e+02
2.830685132837336937e+02
2.856013283723294762e+02
2.849536011472115433e+02
2.840978979102206381e+02
2.860717734083581263e+02
2.851059079846017994e+02
2.834771513899960382e+02
2.832483196101065346e+02
2.834680556541752026e+02
2.834771513899960382e+02
2.834178896423179026e+02
2.842859124235777699e+02
2.833782198136908050e+02
2.846512145929183362e+02
2.834178896423179026e+02
2.823561358604522411e+02
2.819426551029947632e+02
2.824503181304527288e+02
2.833790397909980925e+02
2.821610723153859226e+02
2.811740994580824804e+02
2.819824498172214362e+02
2.812762164483946208e+02
2.832581543198760983e+02
2.847261630347911705e+02
2.815126206362726862e+02
2.827895341433455769e+02
2.845121082960507692e+02
2.842679913382912673e+02
2.858213590644761553e+02
2.852592678065652194e+02
2.861198346241041008e+02
2.852314473487282385e+02
2.847399875235240074e+02
2.858213590644761553e+02
2.861426581401059366e+02
2.860336463816669834e+02
2.866778383681797777e+02
2.834997018923981500e+02
2.860772938351116181e+02
2.841747187215777899e+02
2.861137691261115492e+02
2.841375775649031539e+02
2.817222306267407816e+02
2.831881969785964088e+02
2.834844622170827506e+02
2.859822716693001325e+02
2.839416066987967042e+02
2.844411360551704320e+02
2.841375775649031539e+02
2.849536011472115433e+02
2.823561358604522411e+02
2.845944211450388934e+02
2.840249111106791133e+02
2.844056403719334298e+02
2.839368544710202400e+02
2.837683700516896010e+02
2.832020582682085887e+02
2.806805574035548716e+02
2.859822716693001325e+02
2.841242724518984346e+02
2.852411365240937471e+02
2.852768960161004088e+02
2.859187087240959499e+02
2.855340172454016283e+02
2.837801798121582237e+02
2.838038555139555115e+02
2.825058092571067618e+02
2.825268336395933488e+02
2.836667213084846253e+02
2.831342753785201580e+02
2.841954147559818580e+02
2.840978979102206381e+02
2.837794116902560404e+02
2.850564263407250678e+02
2.848062731699417327e+02
2.851033920798797112e+02
2.852541756315022781e+02
2.840978979102206381e+02
2.828176024090528244e+02
2.836077338799260019e+02
2.822840881964964979e+02
2.830506690956064517e+02
2.819074968201812794e+02
2.819392696070866009e+02
2.837004261428457994e+02
2.843618773173730006e+02
2.837794116902560404e+02
2.840978979102206381e+02
2.850814494766523808e+02
2.852768960161004088e+02
2.819392696070866009e+02
2.852541756315022781e+02
2.836077338799260019e+02
2.849536011472115433e+02
2.853494581305108682e+02
2.835211028269085887e+02
2.832349758139919231e+02
2.852768960161004088e+02
2.851298923722870882e+02
2.838105695525699730e+02
2.850365887926320170e+02
2.836117578377995301e+02
2.828359310525852948e+02
2.840978979102206381e+02
2.824312574053778349e+02
2.831225301444308684e+02
2.835222857086139925e+02
2.838105695525699730e+02
2.821448020368358129e+02
2.822551515029783786e+02
2.843617400122134882e+02
2.837683700516896010e+02
2.856013283723294762e+02
2.834844622170827506e+02
2.851869911613340491e+02
2.828359310525852948e+02
2.826049943370437632e+02
2.832483196101065346e+02
2.821610723153859226e+02
2.832751199265471200e+02
2.830794614720544473e+02
2.842160122281393910e+02
2.853108414030420477e+02
2.832349758139919231e+02
2.821610723153859226e+02
2.847408810137419550e+02
2.845891416640307625e+02
2.843617400122134882e+02
2.834844622170827506e+02
2.850692999589630858e+02
2.839368544710202400e+02
2.831785752121234623e+02
2.834818016801123122e+02
2.836077338799260019e+02
2.841954147559818580e+02
2.831225301444308684e+02
2.821448020368358129e+02
2.846003554941489142e+02
2.822551515029783786e+02
2.831225301444308684e+02
2.830833446888352682e+02
2.842679913382912673e+02
2.837683700516896010e+02
2.835222857086139925e+02
2.823538839997593186e+02
2.831902584416080231e+02
2.830833446888352682e+02
2.828359310525852948e+02
2.852799567443147453e+02
2.817768280151347540e+02
2.824535684030360017e+02
2.826336592649021213e+02
2.820742861317116876e+02
2.820574113974953434e+02
2.824577759182616319e+02
2.824922712739010535e+02
2.827095016081063932e+02
2.827330998268600410e+02
2.827337685781255345e+02
2.816409485216329358e+02
2.823965731272539301e+02
2.826642712257725520e+02
2.820160786581009233e+02
2.800078371645524840e+02
2.817533334804007268e+02
2.825619436832566294e+02
2.818556567728031155e+02
2.819867734279909541e+02
2.827330998268600410e+02
2.827679052034946494e+02
2.834178896423179026e+02
2.819461111910840714e+02
2.821360719522638760e+02
2.825678024215930577e+02
2.822132835601647685e+02
2.848394054387626966e+02
2.827098763306076421e+02
2.831345184413587504e+02
2.827301403879795316e+02
2.828237859570575665e+02
2.827495853944572559e+02
2.837092439653413294e+02
2.829684946185280978e+02
2.820924250797881427e+02
2.830683475400883822e+02
2.860872584682390993e+02
