2.834391174316406250e+02
2.830438842773437500e+02
2.833070678710937500e+02
2.829339904785156250e+02
2.839012756347656250e+02
2.830879821777343750e+02
2.832550354003906250e+02
2.832990417480468750e+02
2.826160278320312500e+02
2.828239135742187500e+02
2.827797241210937500e+02
2.828722839355468750e+02
2.829339904785156250e+02
2.825984802246093750e+02
2.828898315429687500e+02
2.836571960449218750e+02
2.830879821777343750e+02
2.832334289550781250e+02
2.832857666015625000e+02
2.832201232910156250e+02
2.830838317871093750e+02
2.839413146972656250e+02
2.828898315429687500e+02
2.829339904785156250e+02
2.834564208984375000e+02
2.832816162109375000e+02
2.833951416015625000e+02
2.834391174316406250e+02
2.832857666015625000e+02
2.833817749023437500e+02
2.834603271484375000e+02
2.830530395507812500e+02
2.830663452148437500e+02
2.834296875000000000e+02
2.826117858886718750e+02
2.830746765136718750e+02
2.836266479492187500e+02
2.841580200195312500e+02
2.835708618164062500e+02
2.837449951171875000e+02
2.832509155273437500e+02
2.837011108398437500e+02
2.838098449707031250e+02
2.837696228027343750e+02
2.828898315429687500e+02
2.837964172363281250e+02
2.828856506347656250e+02
2.833856506347656250e+02
2.829514770507812500e+02
2.834603271484375000e+02
2.835826721191406250e+02
2.837354431152343750e+02
2.830530395507812500e+02
2.827445373535156250e+02
2.830130920410156250e+02
2.826736755371093750e+02
2.823815917968750000e+02
2.825808715820312500e+02
2.829555664062500000e+02
2.833070678710937500e+02
2.828898315429687500e+02
2.824703063964843750e+02
2.838098449707031250e+02
2.835922241210937500e+02
2.828281250000000000e+02
2.828898315429687500e+02
2.829555664062500000e+02
2.828496704101562500e+02
2.825365600585937500e+02
2.830920104980468750e+02
2.828547668457031250e+02
2.830879821777343750e+02
2.834391174316406250e+02
2.827797241210937500e+02
2.829514770507812500e+02
2.832322998046875000e+02
2.827355041503906250e+02
2.833281250000000000e+02
2.834564208984375000e+02
2.827797241210937500e+02
2.829113464355468750e+02
2.828589782714843750e+02
2.825541381835937500e+02
2.825582580566406250e+02
2.825407409667968750e+02
2.825365600585937500e+02
2.825365600585937500e+02
2.826026000976562500e+02
2.828013916015625000e+02
2.829822692871093750e+02
2.828898315429687500e+02
2.832495422363281250e+02
2.826293640136718750e+02
2.830438842773437500e+02
2.829555664062500000e+02
2.829339904785156250e+02
2.831535034179687500e+02
2.828722839355468750e+02
2.833070678710937500e+02
2.830572204589843750e+02
2.833722229003906250e+02
2.823992309570312500e+02
2.825808715820312500e+02
2.826694335937500000e+02
2.836132507324218750e+02
2.834217529296875000e+02
2.830397949218750000e+02
2.830530395507812500e+02
2.835960998535156250e+02
2.830089721679687500e+02
2.837182922363281250e+02
2.833164367675781250e+02
2.827797241210937500e+02
2.829380798339843750e+02
2.829339904785156250e+02
2.829997253417968750e+02
2.827530517578125000e+02
2.831094055175781250e+02
2.826912231445312500e+02
2.830825805664062500e+02
2.826469421386718750e+02
2.827262268066406250e+02
2.825365600585937500e+02
2.827221374511718750e+02
2.832495422363281250e+02
2.828938903808593750e+02
2.836817016601562500e+02
2.831708068847656250e+02
2.834371948242187500e+02
2.829997253417968750e+02
2.829595031738281250e+02
2.825365600585937500e+02
2.827355041503906250e+02
2.826208496093750000e+02
2.837048950195312500e+02
2.830264282226562500e+02
2.832188415527343750e+02
2.831976318359375000e+02
2.828496704101562500e+02
2.828898315429687500e+02
2.825138244628906250e+02
2.827879638671875000e+02
2.836780700683593750e+02
2.832109680175781250e+02
2.836571960449218750e+02
2.830264282226562500e+02
2.829956054687500000e+02
2.828013916015625000e+02
2.830746765136718750e+02
2.832857666015625000e+02
2.832590637207031250e+02
2.828414611816406250e+02
2.832376098632812500e+02
2.832897338867187500e+02
2.829606018066406250e+02
2.828239135742187500e+02
2.828372192382812500e+02
2.833777465820312500e+02
2.834162597656250000e+02
2.828856506347656250e+02
2.828505249023437500e+02
2.835922241210937500e+02
2.830180358886718750e+02
2.833297729492187500e+02
2.826031188964843750e+02
2.830180358886718750e+02
2.826296386718750000e+02
2.828901977539062500e+02
2.826691894531250000e+02
2.827843017578125000e+02
2.826296386718750000e+02
2.823550415039062500e+02
2.829430847167968750e+02
2.832376098632812500e+02
2.827710876464843750e+02
2.831278991699218750e+02
2.837964172363281250e+02
2.827136535644531250e+02
2.825278625488281250e+02
2.826915283203125000e+02
2.838459472656250000e+02
2.836147460937500000e+02
2.837981567382812500e+02
2.830222473144531250e+02
2.830786132812500000e+02
2.825582580566406250e+02
2.830786132812500000e+02
2.832015991210937500e+02
2.832763977050781250e+02
2.832456665039062500e+02
2.828680725097656250e+02
2.831453857421875000e+02
2.829606018066406250e+02
2.832201232910156250e+02
2.838021545410156250e+02
2.834350585937500000e+02
2.836666564941406250e+02
2.836533203125000000e+02
2.830530395507812500e+02
2.834084777832031250e+02
2.831013183593750000e+02
2.831935729980468750e+02
2.835654907226562500e+02
2.832897338867187500e+02
2.832550354003906250e+02
2.831586914062500000e+02
2.835482788085937500e+02
2.833070678710937500e+02
2.830304565429687500e+02
2.832149658203125000e+02
2.827476501464843750e+02
2.832683410644531250e+02
2.837411193847656250e+02
2.837888488769531250e+02
2.829781188964843750e+02
2.834084777832031250e+02
2.835708618164062500e+02
2.832243347167968750e+02
2.832816162109375000e+02
2.834350585937500000e+02
2.835708618164062500e+02
2.838764343261718750e+02
2.834524230957031250e+02
2.832027282714843750e+02
2.836360778808593750e+02
2.835922241210937500e+02
2.831802368164062500e+02
2.834123840332031250e+02
2.832723999023437500e+02
2.831361694335937500e+02
2.844005737304687500e+02
2.830572204589843750e+02
2.829031982421875000e+02
2.831320495605468750e+02
2.836705322265625000e+02
2.832897338867187500e+02
2.833471069335937500e+02
2.832201232910156250e+02
2.836014709472656250e+02
2.834043884277343750e+02
2.835615844726562500e+02
2.834391174316406250e+02
2.828856506347656250e+02
2.832683410644531250e+02
2.835137023925781250e+02
2.833471069335937500e+02
2.830572204589843750e+02
2.829738769531250000e+02
2.828372192382812500e+02
2.830705261230468750e+02
2.830971069335937500e+02
2.828239135742187500e+02
2.827754821777343750e+02
2.829871826171875000e+02
2.831320495605468750e+02
2.834656982421875000e+02
2.833910827636718750e+02
2.829822692871093750e+02
2.828898315429687500e+02
2.827355041503906250e+02
2.831574401855468750e+02
2.827221374511718750e+02
2.830438842773437500e+02
2.829648132324218750e+02
2.828813781738281250e+02
2.831719360351562500e+02
2.835482788085937500e+02
2.834430541992187500e+02
2.828722839355468750e+02
2.834603271484375000e+02
2.829165039062500000e+02
2.826736755371093750e+02
2.829430847167968750e+02
2.836438293457031250e+02
2.833471069335937500e+02
2.839638977050781250e+02
2.826251525878906250e+02
2.832590637207031250e+02
2.834830322265625000e+02
2.836266479492187500e+02
2.829781188964843750e+02
2.830879821777343750e+02
2.836914978027343750e+02
2.832109680175781250e+02
2.833817749023437500e+02
2.830838317871093750e+02
2.828372192382812500e+02
2.832376098632812500e+02
2.827312316894531250e+02
2.832857666015625000e+02
2.834603271484375000e+02
2.832683410644531250e+02
2.834257812500000000e+02
2.834963378906250000e+02
2.832816162109375000e+02
2.830089721679687500e+02
2.832376098632812500e+02
2.831187438964843750e+02
2.830222473144531250e+02
2.835922241210937500e+02
2.833255920410156250e+02
2.837888488769531250e+02
2.832027282714843750e+02
2.836839294433593750e+02
2.832201232910156250e+02
2.835176391601562500e+02
2.833164367675781250e+02
2.839488220214843750e+02
2.832857666015625000e+02
2.835881652832031250e+02
2.834564208984375000e+02
2.836972045898437500e+02
2.838403625488281250e+02
2.832857666015625000e+02
2.837830505371093750e+02
2.829822692871093750e+02
2.827445373535156250e+02
2.832857666015625000e+02
2.827710876464843750e+02
2.835137023925781250e+02
2.830971069335937500e+02
2.833297729492187500e+02
2.834257812500000000e+02
2.833604431152343750e+02
2.839183349609375000e+02
2.832897338867187500e+02
2.832243347167968750e+02
2.832416992187500000e+02
2.832990417480468750e+02
2.837011108398437500e+02
2.836360778808593750e+02
2.830003967285156250e+02
2.840497436523437500e+02
2.833388671875000000e+02
2.829738769531250000e+02
2.836533203125000000e+02
2.835615844726562500e+02
2.832550354003906250e+02
2.834697570800781250e+02
2.838974914550781250e+02
2.832683410644531250e+02
2.831495361328125000e+02
2.827797241210937500e+02
2.825808715820312500e+02
2.835826721191406250e+02
2.834430541992187500e+02
2.836705322265625000e+02
2.834350585937500000e+02
2.828505249023437500e+02
2.827930603027343750e+02
2.832590637207031250e+02
2.831146240234375000e+02
2.825145874023437500e+02
2.831894226074218750e+02
2.831412048339843750e+02
2.832068786621093750e+02
2.827578430175781250e+02
2.829648132324218750e+02
2.824171142578125000e+02
2.824968872070312500e+02
2.826827087402343750e+02
2.827887268066406250e+02
2.831320495605468750e+02
2.826783142089843750e+02
2.826517639160156250e+02
2.829122009277343750e+02
2.826694335937500000e+02
2.826959838867187500e+02
2.833777465820312500e+02
2.830971069335937500e+02
2.835309753417968750e+02
2.830795898437500000e+02
2.837755432128906250e+02
2.828195800781250000e+02
2.837755432128906250e+02
2.833910827636718750e+02
2.833737182617187500e+02
2.830136108398437500e+02
2.836799621582031250e+02
2.828460693359375000e+02
2.832816162109375000e+02
2.828019409179687500e+02
2.828328552246093750e+02
2.833910827636718750e+02
2.826296386718750000e+02
2.833430480957031250e+02
2.830795898437500000e+02
2.830268249511718750e+02
2.832641906738281250e+02
2.830355224609375000e+02
2.836054992675781250e+02
2.829781188964843750e+02
2.831495361328125000e+02
2.833164367675781250e+02
2.831935729980468750e+02
2.821373596191406250e+02
2.835482788085937500e+02
2.828946228027343750e+02
2.834391174316406250e+02
2.819143066406250000e+02
2.833737182617187500e+02
2.833870239257812500e+02
2.829695739746093750e+02
2.834176635742187500e+02
2.829342956542968750e+02
2.828107299804687500e+02
2.835708618164062500e+02
2.827666015625000000e+02
2.821326599121093750e+02
2.833737182617187500e+02
2.824125366210937500e+02
2.832990417480468750e+02
2.827341613769531250e+02
2.814676208496093750e+02
2.830705261230468750e+02
2.821505737304687500e+02
2.835615844726562500e+02
2.834697570800781250e+02
2.835443115234375000e+02
2.824435729980468750e+02
2.837411193847656250e+02
2.824613952636718750e+02
2.830971069335937500e+02
2.829210815429687500e+02
2.831412048339843750e+02
2.826691894531250000e+02
2.834483337402343750e+02
2.824435729980468750e+02
2.831894226074218750e+02
2.833338012695312500e+02
2.824791564941406250e+02
2.833164367675781250e+02
2.833777465820312500e+02
2.828019409179687500e+02
2.819815063476562500e+02
2.825544433593750000e+02
2.824924316406250000e+02
2.832683410644531250e+02
2.828019409179687500e+02
2.830089721679687500e+02
2.836705322265625000e+02
2.828372192382812500e+02
2.829738769531250000e+02
2.834391174316406250e+02
2.827578430175781250e+02
2.840059814453125000e+02
2.829871826171875000e+02
2.835443115234375000e+02
2.830180358886718750e+02
2.830444641113281250e+02
2.824878540039062500e+02
2.825940246582031250e+02
2.834176635742187500e+02
2.833520812988281250e+02
2.835708618164062500e+02
2.825188598632812500e+02
2.827975158691406250e+02
2.833695678710937500e+02
2.825630493164062500e+02
2.832027282714843750e+02
2.826869812011718750e+02
2.836320800781250000e+02
2.833563232421875000e+02
2.827356872558593750e+02
2.833255920410156250e+02
2.832774353027343750e+02
2.826118164062500000e+02
2.833430480957031250e+02
2.826737976074218750e+02
2.830488281250000000e+02
2.825366516113281250e+02
2.834656982421875000e+02
2.825188598632812500e+02
2.831412048339843750e+02
2.827179260253906250e+02
2.831412048339843750e+02
2.827179260253906250e+02
2.832816162109375000e+02
2.833563232421875000e+02
2.833563232421875000e+02
2.828284606933593750e+02
2.838498535156250000e+02
2.827269287109375000e+02
2.831103820800781250e+02
2.838841857910156250e+02
2.825101623535156250e+02
2.831935729980468750e+02
2.826473388671875000e+02
2.829254760742187500e+02
2.829430847167968750e+02
2.836399841308593750e+02
2.826163635253906250e+02
2.833604431152343750e+02
2.830488281250000000e+02
2.835922241210937500e+02
2.836094055175781250e+02
2.836571960449218750e+02
2.830663452148437500e+02
2.837621765136718750e+02
2.836533203125000000e+02
2.836399841308593750e+02
2.828547668457031250e+02
2.835349121093750000e+02
2.830397949218750000e+02
2.837488098144531250e+02
2.842356567382812500e+02
2.834084777832031250e+02
2.833951416015625000e+02
2.839658508300781250e+02
2.831320495605468750e+02
2.833471069335937500e+02
2.830438842773437500e+02
2.828898315429687500e+02
2.825278625488281250e+02
2.829165039062500000e+02
2.827092285156250000e+02
2.831013183593750000e+02
2.824303588867187500e+02
2.836227722167968750e+02
2.835309753417968750e+02
2.833338012695312500e+02
2.829122009277343750e+02
2.841007995605468750e+02
2.831669311523437500e+02
2.831146240234375000e+02
2.831535034179687500e+02
2.834123840332031250e+02
2.834043884277343750e+02
2.829031982421875000e+02
2.827533874511718750e+02
2.836360778808593750e+02
2.834350585937500000e+02
2.831320495605468750e+02
2.837144470214843750e+02
2.833070678710937500e+02
2.829914245605468750e+02
2.829606018066406250e+02
2.830264282226562500e+02
2.829914245605468750e+02
2.828813781738281250e+02
2.831935729980468750e+02
2.829430847167968750e+02
2.833031005859375000e+02
2.828813781738281250e+02
2.828106079101562500e+02
2.826870117187500000e+02
2.824968872070312500e+02
2.829689331054687500e+02
2.827003479003906250e+02
2.824569702148437500e+02
2.826778564453125000e+02
2.825273132324218750e+02
2.828898315429687500e+02
2.832495422363281250e+02
2.825984802246093750e+02
2.828589782714843750e+02
2.833243408203125000e+02
2.832243347167968750e+02
2.837488098144531250e+02
2.834963378906250000e+02
2.839584350585937500e+02
2.835708618164062500e+02
2.832857666015625000e+02
2.837488098144531250e+02
2.836743774414062500e+02
2.836533203125000000e+02
2.841177978515625000e+02
2.830089721679687500e+02
2.835520935058593750e+02
2.831761474609375000e+02
2.837219848632812500e+02
2.831495361328125000e+02
2.825850830078125000e+02
2.829380798339843750e+02
2.829473266601562500e+02
2.836839294433593750e+02
2.831669311523437500e+02
2.833604431152343750e+02
2.831495361328125000e+02
2.834350585937500000e+02
2.828106079101562500e+02
2.833109130859375000e+02
2.832149658203125000e+02
2.832283325195312500e+02
2.830879821777343750e+02
2.831146240234375000e+02
2.832974548339843750e+02
2.823992309570312500e+02
2.836839294433593750e+02
2.831802368164062500e+02
2.833990478515625000e+02
2.834084777832031250e+02
2.835863952636718750e+02
2.835482788085937500e+02
2.830920104980468750e+02
2.829997253417968750e+02
2.828013916015625000e+02
2.828322448730468750e+02
2.829287109375000000e+02
2.829648132324218750e+02
2.832723999023437500e+02
2.831320495605468750e+02
2.830572204589843750e+02
2.834257812500000000e+02
2.833338012695312500e+02
2.833204040527343750e+02
2.833471069335937500e+02
2.831320495605468750e+02
2.828547668457031250e+02
2.830705261230468750e+02
2.827488403320312500e+02
2.828989562988281250e+02
2.826603088378906250e+02
2.826160278320312500e+02
2.829555664062500000e+02
2.832590637207031250e+02
2.830572204589843750e+02
2.831320495605468750e+02
2.833777465820312500e+02
2.834084777832031250e+02
2.826160278320312500e+02
2.833471069335937500e+02
2.830705261230468750e+02
2.834350585937500000e+02
2.836320800781250000e+02
2.830488281250000000e+02
2.829298095703125000e+02
2.834084777832031250e+02
2.833910827636718750e+02
2.830397949218750000e+02
2.833644714355468750e+02
2.835615844726562500e+02
2.828239135742187500e+02
2.831320495605468750e+02
2.827530517578125000e+02
2.829165039062500000e+02
2.829781188964843750e+02
2.830397949218750000e+02
2.826384582519531250e+02
2.827312316894531250e+02
2.832816162109375000e+02
2.831146240234375000e+02
2.836360778808593750e+02
2.829473266601562500e+02
2.834123840332031250e+02
2.828239135742187500e+02
2.827621154785156250e+02
2.829606018066406250e+02
2.827003479003906250e+02
2.830047302246093750e+02
2.827887268066406250e+02
2.832376098632812500e+02
2.835269470214843750e+02
2.829298095703125000e+02
2.827003479003906250e+02
2.833297729492187500e+02
2.834002380371093750e+02
2.832816162109375000e+02
2.829473266601562500e+02
2.833951416015625000e+02
2.830879821777343750e+02
2.829339904785156250e+02
2.829822692871093750e+02
2.830705261230468750e+02
2.832723999023437500e+02
2.829165039062500000e+02
2.826384582519531250e+02
2.832550354003906250e+02
2.827312316894531250e+02
2.829165039062500000e+02
2.827578430175781250e+02
2.832243347167968750e+02
2.831146240234375000e+02
2.829781188964843750e+02
2.827178955078125000e+02
2.828856506347656250e+02
2.827578430175781250e+02
2.828239135742187500e+02
2.834697570800781250e+02
2.825632324218750000e+02
2.825588684082031250e+02
2.824481506347656250e+02
2.821995849609375000e+02
2.821419067382812500e+02
2.823861083984375000e+02
2.826517639160156250e+02
2.825544433593750000e+02
2.825676269531250000e+02
2.825986633300781250e+02
2.823325500488281250e+02
2.825630493164062500e+02
2.826250305175781250e+02
2.824125366210937500e+02
2.820211486816406250e+02
2.822260437011718750e+02
2.825056457519531250e+02
2.822882690429687500e+02
2.821062011718750000e+02
2.825676269531250000e+02
2.826473388671875000e+02
2.828813781738281250e+02
2.822439270019531250e+02
2.823993225097656250e+02
2.824613952636718750e+02
2.823550415039062500e+02
2.834656982421875000e+02
2.825234375000000000e+02
2.828637695312500000e+02
2.826296081542968750e+02
2.826915283203125000e+02
2.826118164062500000e+02
2.831103515625000000e+02
2.827092285156250000e+02
2.824215698242187500e+02
2.827930297851562500e+02
2.838365173339843750e+02
