2.836689147949218750e+02
2.835938720703125000e+02
2.836659545898437500e+02
2.835582275390625000e+02
2.837979125976562500e+02
2.835948486328125000e+02
2.836250915527343750e+02
2.836261291503906250e+02
2.835111999511718750e+02
2.835224304199218750e+02
2.835214843750000000e+02
2.835435180664062500e+02
2.835582275390625000e+02
2.834974670410156250e+02
2.835571899414062500e+02
2.837398071289062500e+02
2.835948486328125000e+02
2.835914306640625000e+02
2.836323852539062500e+02
2.835978088378906250e+02
2.835748596191406250e+02
2.837792053222656250e+02
2.835571899414062500e+02
2.835582275390625000e+02
2.836825561523437500e+02
2.836124572753906250e+02
2.836679382324218750e+02
2.836689147949218750e+02
2.836323852539062500e+02
2.836742248535156250e+02
2.837024230957031250e+02
2.835674743652343750e+02
2.835611267089843750e+02
2.836951293945312500e+02
2.834910888671875000e+02
2.836011657714843750e+02
2.837325134277343750e+02
2.838496704101562500e+02
2.836719665527343750e+02
2.837418823242187500e+02
2.836051330566406250e+02
2.837408447265625000e+02
2.837761230468750000e+02
2.837948303222656250e+02
2.835571899414062500e+02
2.837823791503906250e+02
2.835371093750000000e+02
2.836941223144531250e+02
2.835718688964843750e+02
2.837024230957031250e+02
2.837315368652343750e+02
2.837678527832031250e+02
2.835674743652343750e+02
2.834940185546875000e+02
2.835865173339843750e+02
2.835057678222656250e+02
2.834459533691406250e+02
2.834837036132812500e+02
2.835918273925781250e+02
2.836659545898437500e+02
2.835571899414062500e+02
2.834478759765625000e+02
2.837761230468750000e+02
2.837054443359375000e+02
2.835425109863281250e+02
2.835571899414062500e+02
2.835918273925781250e+02
2.835762634277343750e+02
2.834827575683593750e+02
2.836148071289062500e+02
2.835297851562500000e+02
2.835948486328125000e+02
2.836689147949218750e+02
2.835214843750000000e+02
2.835718688964843750e+02
2.836576538085937500e+02
2.835204772949218750e+02
2.836993713378906250e+02
2.836825561523437500e+02
2.835214843750000000e+02
2.835908813476562500e+02
2.835498657226562500e+02
2.834965209960937500e+02
2.835166015625000000e+02
2.835028381347656250e+02
2.834827575683593750e+02
2.834827575683593750e+02
2.835175476074218750e+02
2.835552368164062500e+02
2.835791931152343750e+02
2.835571899414062500e+02
2.836712341308593750e+02
2.835048217773437500e+02
2.835938720703125000e+02
2.835918273925781250e+02
2.835582275390625000e+02
2.836294555664062500e+02
2.835435180664062500e+02
2.836659545898437500e+02
2.835874938964843750e+02
2.837004089355468750e+02
2.834597167968750000e+02
2.834837036132812500e+02
2.834856872558593750e+02
2.837388000488281250e+02
2.836553649902343750e+02
2.835738220214843750e+02
2.835674743652343750e+02
2.837252502441406250e+02
2.835665283203125000e+02
2.837543945312500000e+02
2.836397399902343750e+02
2.835214843750000000e+02
2.835782165527343750e+02
2.835582275390625000e+02
2.835928649902343750e+02
2.835342102050781250e+02
2.836284790039062500e+02
2.835195312500000000e+02
2.836410522460937500e+02
2.835185546875000000e+02
2.835469055175781250e+02
2.834827575683593750e+02
2.835268859863281250e+02
2.836712341308593750e+02
2.835772399902343750e+02
2.837927856445312500e+02
2.836430358886718750e+02
2.837346801757812500e+02
2.835928649902343750e+02
2.836118164062500000e+02
2.834827575683593750e+02
2.835204772949218750e+02
2.834645690917968750e+02
2.837606201171875000e+02
2.835802001953125000e+02
2.836639404296875000e+02
2.836304321289062500e+02
2.835762634277343750e+02
2.835571899414062500e+02
2.835156250000000000e+02
2.835615844726562500e+02
2.837730407714843750e+02
2.836241455078125000e+02
2.837398071289062500e+02
2.835802001953125000e+02
2.835728149414062500e+02
2.835552368164062500e+02
2.836011657714843750e+02
2.836323852539062500e+02
2.836450500488281250e+02
2.835361633300781250e+02
2.836114807128906250e+02
2.836523437500000000e+02
2.835454406738281250e+02
2.835224304199218750e+02
2.835160827636718750e+02
2.836543579101562500e+02
2.837013854980468750e+02
2.835371093750000000e+02
2.835096435546875000e+02
2.837054443359375000e+02
2.835401000976562500e+02
2.836334228515625000e+02
2.834507141113281250e+02
2.835401000976562500e+02
2.834378662109375000e+02
2.834904785156250000e+02
2.834185180664062500e+02
2.834747924804687500e+02
2.834378662109375000e+02
2.833916320800781250e+02
2.835317687988281250e+02
2.836114807128906250e+02
2.834812011718750000e+02
2.835758056640625000e+02
2.837823791503906250e+02
2.834866333007812500e+02
2.834423828125000000e+02
2.834526367187500000e+02
2.837376098632812500e+02
2.836729736328125000e+02
2.837167358398437500e+02
2.835601806640625000e+02
2.836210937500000000e+02
2.835166015625000000e+02
2.836210937500000000e+02
2.836503601074218750e+02
2.836586608886718750e+02
2.836513671875000000e+02
2.835234069824218750e+02
2.835894775390625000e+02
2.835454406738281250e+02
2.835978088378906250e+02
2.837366027832031250e+02
2.836490173339843750e+02
2.837137145996093750e+02
2.837200317382812500e+02
2.835674743652343750e+02
2.836617126464843750e+02
2.835885009765625000e+02
2.836104736328125000e+02
2.837179565429687500e+02
2.836523437500000000e+02
2.836250915527343750e+02
2.835831298828125000e+02
2.837044372558593750e+02
2.836659545898437500e+02
2.836002197265625000e+02
2.836440734863281250e+02
2.835805969238281250e+02
2.836187438964843750e+02
2.837220458984375000e+02
2.837428588867187500e+02
2.835591735839843750e+02
2.836617126464843750e+02
2.836719665527343750e+02
2.836177673339843750e+02
2.836124572753906250e+02
2.836490173339843750e+02
2.836719665527343750e+02
2.837449340820312500e+02
2.836626892089843750e+02
2.835841674804687500e+02
2.837064208984375000e+02
2.837054443359375000e+02
2.836168212890625000e+02
2.836815795898437500e+02
2.836387329101562500e+02
2.836158142089843750e+02
2.838795776367187500e+02
2.835874938964843750e+02
2.835508422851562500e+02
2.835958557128906250e+02
2.837335510253906250e+02
2.836523437500000000e+02
2.836470336914062500e+02
2.835978088378906250e+02
2.836792602539062500e+02
2.836417541503906250e+02
2.836981811523437500e+02
2.836689147949218750e+02
2.835371093750000000e+02
2.836187438964843750e+02
2.836773071289062500e+02
2.836470336914062500e+02
2.835874938964843750e+02
2.835391540527343750e+02
2.835160827636718750e+02
2.835811767578125000e+02
2.835684509277343750e+02
2.835224304199218750e+02
2.835013427734375000e+02
2.835327148437500000e+02
2.835958557128906250e+02
2.836563415527343750e+02
2.836480102539062500e+02
2.835791931152343750e+02
2.835571899414062500e+02
2.835204772949218750e+02
2.836493530273437500e+02
2.835268859863281250e+02
2.835938720703125000e+02
2.835655212402343750e+02
2.835170288085937500e+02
2.835767822265625000e+02
2.837044372558593750e+02
2.836888122558593750e+02
2.835435180664062500e+02
2.837024230957031250e+02
2.835444641113281250e+02
2.835057678222656250e+02
2.835317687988281250e+02
2.837460937500000000e+02
2.836470336914062500e+02
2.837469177246093750e+02
2.834846801757812500e+02
2.836450500488281250e+02
2.836699829101562500e+02
2.837325134277343750e+02
2.835591735839843750e+02
2.835948486328125000e+02
2.837668457031250000e+02
2.836241455078125000e+02
2.836742248535156250e+02
2.835748596191406250e+02
2.835160827636718750e+02
2.836114807128906250e+02
2.835003967285156250e+02
2.836323852539062500e+02
2.837024230957031250e+02
2.836187438964843750e+02
2.836752624511718750e+02
2.836636657714843750e+02
2.836124572753906250e+02
2.835665283203125000e+02
2.836114807128906250e+02
2.836021423339843750e+02
2.835601806640625000e+02
2.837054443359375000e+02
2.836134338378906250e+02
2.837428588867187500e+02
2.835841674804687500e+02
2.837272949218750000e+02
2.835978088378906250e+02
2.836971435546875000e+02
2.836397399902343750e+02
2.838186035156250000e+02
2.836323852539062500e+02
2.836855773925781250e+02
2.836825561523437500e+02
2.837210388183593750e+02
2.837833557128906250e+02
2.836323852539062500e+02
2.837886047363281250e+02
2.835791931152343750e+02
2.834940185546875000e+02
2.836323852539062500e+02
2.834812011718750000e+02
2.836773071289062500e+02
2.835684509277343750e+02
2.836334228515625000e+02
2.836752624511718750e+02
2.836407165527343750e+02
2.838113708496093750e+02
2.836523437500000000e+02
2.836177673339843750e+02
2.836314392089843750e+02
2.836261291503906250e+02
2.837408447265625000e+02
2.837064208984375000e+02
2.835263061523437500e+02
2.838144836425781250e+02
2.836071166992187500e+02
2.835391540527343750e+02
2.837200317382812500e+02
2.836981811523437500e+02
2.836250915527343750e+02
2.836762695312500000e+02
2.837781677246093750e+02
2.836187438964843750e+02
2.836094970703125000e+02
2.835214843750000000e+02
2.834837036132812500e+02
2.837315368652343750e+02
2.836888122558593750e+02
2.837335510253906250e+02
2.836490173339843750e+02
2.835096435546875000e+02
2.835150756835937500e+02
2.836450500488281250e+02
2.835821533203125000e+02
2.834487915039062500e+02
2.835904541015625000e+02
2.835694580078125000e+02
2.836041564941406250e+02
2.834876098632812500e+02
2.835655212402343750e+02
2.834064331054687500e+02
2.834349975585937500e+02
2.834792480468750000e+02
2.834949645996093750e+02
2.835958557128906250e+02
2.834590759277343750e+02
2.834718933105468750e+02
2.835243835449218750e+02
2.834856872558593750e+02
2.834728393554687500e+02
2.836543579101562500e+02
2.835684509277343750e+02
2.836908874511718750e+02
2.835547790527343750e+02
2.837491149902343750e+02
2.835023193359375000e+02
2.837491149902343750e+02
2.836480102539062500e+02
2.836343994140625000e+02
2.835199279785156250e+02
2.837074584960937500e+02
2.834895324707031250e+02
2.836124572753906250e+02
2.834885559082031250e+02
2.834959411621093750e+02
2.836480102539062500e+02
2.834378662109375000e+02
2.836270751953125000e+02
2.835547790527343750e+02
2.835135803222656250e+02
2.835987548828125000e+02
2.835537719726562500e+02
2.836991882324218750e+02
2.835591735839843750e+02
2.836094970703125000e+02
2.836397399902343750e+02
2.836104736328125000e+02
2.833397827148437500e+02
2.837044372558593750e+02
2.835106201171875000e+02
2.836689147949218750e+02
2.832673339843750000e+02
2.836343994140625000e+02
2.836280517578125000e+02
2.835189819335937500e+02
2.836354064941406250e+02
2.834914245605468750e+02
2.834619445800781250e+02
2.836719665527343750e+02
2.834609985351562500e+02
2.833193664550781250e+02
2.836343994140625000e+02
2.833861083984375000e+02
2.836261291503906250e+02
2.835869445800781250e+02
2.831900939941406250e+02
2.835811767578125000e+02
2.833333129882812500e+02
2.836981811523437500e+02
2.836762695312500000e+02
2.836845703125000000e+02
2.833935546875000000e+02
2.837220458984375000e+02
2.834073791503906250e+02
2.835684509277343750e+02
2.834978637695312500e+02
2.835694580078125000e+02
2.834185180664062500e+02
2.836427001953125000e+02
2.833935546875000000e+02
2.835904541015625000e+02
2.836533813476562500e+02
2.834212036132812500e+02
2.836397399902343750e+02
2.836543579101562500e+02
2.834885559082031250e+02
2.833026733398437500e+02
2.834295349121093750e+02
2.834147644042968750e+02
2.836187438964843750e+02
2.834885559082031250e+02
2.835665283203125000e+02
2.837335510253906250e+02
2.835160827636718750e+02
2.835391540527343750e+02
2.836689147949218750e+02
2.834876098632812500e+02
2.838134155273437500e+02
2.835327148437500000e+02
2.836845703125000000e+02
2.835401000976562500e+02
2.835272521972656250e+02
2.833944091796875000e+02
2.834101867675781250e+02
2.836354064941406250e+02
2.836007690429687500e+02
2.836719665527343750e+02
2.834018554687500000e+02
2.834683532714843750e+02
2.836145019531250000e+02
2.834028015136718750e+02
2.835841674804687500e+02
2.834323730468750000e+02
2.836865539550781250e+02
2.836207580566406250e+02
2.834535827636718750e+02
2.836134338378906250e+02
2.835924377441406250e+02
2.834240112304687500e+02
2.836270751953125000e+02
2.834388732910156250e+02
2.835474243164062500e+02
2.834157104492187500e+02
2.836563415527343750e+02
2.834018554687500000e+02
2.835694580078125000e+02
2.834398193359375000e+02
2.835694580078125000e+02
2.834398193359375000e+02
2.836124572753906250e+02
2.836207580566406250e+02
2.836207580566406250e+02
2.834757690429687500e+02
2.837574157714843750e+02
2.834802246093750000e+02
2.835621032714843750e+02
2.837843933105468750e+02
2.834285583496093750e+02
2.836104736328125000e+02
2.834516906738281250e+02
2.835180053710937500e+02
2.835317687988281250e+02
2.837262878417968750e+02
2.834443054199218750e+02
2.836407165527343750e+02
2.835474243164062500e+02
2.837054443359375000e+02
2.837189941406250000e+02
2.837398071289062500e+02
2.835611267089843750e+02
2.837553710937500000e+02
2.837200317382812500e+02
2.837262878417968750e+02
2.835297851562500000e+02
2.837106628417968750e+02
2.835738220214843750e+02
2.837615966796875000e+02
2.838680114746093750e+02
2.836617126464843750e+02
2.836679382324218750e+02
2.838320617675781250e+02
2.835958557128906250e+02
2.836470336914062500e+02
2.835938720703125000e+02
2.835571899414062500e+02
2.834423828125000000e+02
2.835444641113281250e+02
2.834664611816406250e+02
2.835885009765625000e+02
2.833999633789062500e+02
2.837127380371093750e+02
2.836908874511718750e+02
2.836533813476562500e+02
2.835243835449218750e+02
2.838548278808593750e+02
2.836231384277343750e+02
2.835821533203125000e+02
2.836294555664062500e+02
2.836815795898437500e+02
2.836417541503906250e+02
2.835508422851562500e+02
2.834674072265625000e+02
2.837064208984375000e+02
2.836490173339843750e+02
2.835958557128906250e+02
2.837345886230468750e+02
2.836659545898437500e+02
2.835528259277343750e+02
2.835454406738281250e+02
2.835802001953125000e+02
2.835528259277343750e+02
2.835170288085937500e+02
2.836104736328125000e+02
2.835317687988281250e+02
2.836460266113281250e+02
2.835170288085937500e+02
2.835288085937500000e+02
2.834994201660156250e+02
2.834349975585937500e+02
2.835855712890625000e+02
2.834930114746093750e+02
2.834542846679687500e+02
2.835258789062500000e+02
2.835092773437500000e+02
2.835571899414062500e+02
2.836712341308593750e+02
2.834974670410156250e+02
2.835498657226562500e+02
2.836795349121093750e+02
2.836177673339843750e+02
2.837615966796875000e+02
2.836636657714843750e+02
2.837927246093750000e+02
2.836719665527343750e+02
2.836323852539062500e+02
2.837615966796875000e+02
2.837532958984375000e+02
2.837200317382812500e+02
2.838624267578125000e+02
2.835665283203125000e+02
2.837242736816406250e+02
2.835968322753906250e+02
2.837740783691406250e+02
2.836094970703125000e+02
2.835038757324218750e+02
2.835782165527343750e+02
2.835517883300781250e+02
2.837272949218750000e+02
2.836231384277343750e+02
2.836407165527343750e+02
2.836094970703125000e+02
2.836490173339843750e+02
2.835288085937500000e+02
2.836857910156250000e+02
2.836440734863281250e+02
2.836377563476562500e+02
2.835948486328125000e+02
2.835821533203125000e+02
2.836920776367187500e+02
2.834597167968750000e+02
2.837272949218750000e+02
2.836168212890625000e+02
2.836878356933593750e+02
2.836617126464843750e+02
2.837513122558593750e+02
2.837044372558593750e+02
2.836148071289062500e+02
2.835928649902343750e+02
2.835552368164062500e+02
2.835625305175781250e+02
2.836045227050781250e+02
2.835655212402343750e+02
2.836387329101562500e+02
2.835958557128906250e+02
2.835874938964843750e+02
2.836752624511718750e+02
2.836533813476562500e+02
2.836596374511718750e+02
2.836470336914062500e+02
2.835958557128906250e+02
2.835297851562500000e+02
2.835811767578125000e+02
2.835141296386718750e+02
2.835307617187500000e+02
2.835121459960937500e+02
2.835111999511718750e+02
2.835918273925781250e+02
2.836450500488281250e+02
2.835874938964843750e+02
2.835958557128906250e+02
2.836543579101562500e+02
2.836617126464843750e+02
2.835111999511718750e+02
2.836470336914062500e+02
2.835811767578125000e+02
2.836490173339843750e+02
2.836865539550781250e+02
2.835474243164062500e+02
2.835380554199218750e+02
2.836617126464843750e+02
2.836480102539062500e+02
2.835738220214843750e+02
2.836606140136718750e+02
2.836981811523437500e+02
2.835224304199218750e+02
2.835958557128906250e+02
2.835342102050781250e+02
2.835444641113281250e+02
2.835591735839843750e+02
2.835738220214843750e+02
2.834783020019531250e+02
2.835003967285156250e+02
2.836124572753906250e+02
2.835821533203125000e+02
2.837064208984375000e+02
2.835517883300781250e+02
2.836815795898437500e+02
2.835224304199218750e+02
2.835077514648437500e+02
2.835454406738281250e+02
2.834930114746093750e+02
2.835464477539062500e+02
2.834949645996093750e+02
2.836114807128906250e+02
2.836709289550781250e+02
2.835380554199218750e+02
2.834930114746093750e+02
2.836334228515625000e+02
2.836217651367187500e+02
2.836124572753906250e+02
2.835517883300781250e+02
2.836679382324218750e+02
2.835948486328125000e+02
2.835582275390625000e+02
2.835791931152343750e+02
2.835811767578125000e+02
2.836387329101562500e+02
2.835444641113281250e+02
2.834783020019531250e+02
2.836250915527343750e+02
2.835003967285156250e+02
2.835444641113281250e+02
2.834876098632812500e+02
2.836177673339843750e+02
2.835821533203125000e+02
2.835591735839843750e+02
2.835067443847656250e+02
2.835371093750000000e+02
2.834876098632812500e+02
2.835224304199218750e+02
2.836762695312500000e+02
2.834699707031250000e+02
2.834497680664062500e+02
2.834137878417968750e+02
2.833545837402343750e+02
2.833601379394531250e+02
2.833990173339843750e+02
2.834718933105468750e+02
2.834295349121093750e+02
2.834230957031250000e+02
2.834304809570312500e+02
2.833574218750000000e+02
2.834028015136718750e+02
2.834176330566406250e+02
2.833861083984375000e+02
2.832831115722656250e+02
2.833416748046875000e+02
2.834082641601562500e+02
2.833564758300781250e+02
2.833323364257812500e+02
2.834230957031250000e+02
2.834516906738281250e+02
2.835170288085937500e+02
2.833555297851562500e+02
2.833925781250000000e+02
2.834073791503906250e+02
2.833916320800781250e+02
2.836563415527343750e+02
2.834221496582031250e+02
2.835032653808593750e+02
2.834378967285156250e+02
2.834526672363281250e+02
2.834240417480468750e+02
2.835621032714843750e+02
2.834664306640625000e+02
2.834266967773437500e+02
2.835150756835937500e+02
2.837636718750000000e+02
