2.853223503995995429e+02
2.833710416455621726e+02
2.848906633431792557e+02
2.828511646943631490e+02
2.861717969156507593e+02
2.836875048230759830e+02
2.845422532900141164e+02
2.846556525972144982e+02
2.815363022714345789e+02
2.824616721123867364e+02
2.820309422077796739e+02
2.825112922569710463e+02
2.828511646943631490e+02
2.812280275930754101e+02
2.825952370560640361e+02
2.859440979708412556e+02
2.836875048230759830e+02
2.841211896877053960e+02
2.846798170421453733e+02
2.842308799660868317e+02
2.837918352319300084e+02
2.861230291056992314e+02
2.825952370560640361e+02
2.828511646943631490e+02
2.853360190771037423e+02
2.844209773460928545e+02
2.851050752799246197e+02
2.853223503995995429e+02
2.846798170421453733e+02
2.850721525173825626e+02
2.856556742882780782e+02
2.836754404793528010e+02
2.838460548666175782e+02
2.855276814185293119e+02
2.811957735531881326e+02
2.835260007146525254e+02
2.858854045245542466e+02
2.857723515896719846e+02
2.851411757720940159e+02
2.861866177884846252e+02
2.843226194291059414e+02
2.859932433247841459e+02
2.861320610918124885e+02
2.854867589063311470e+02
2.825952370560640361e+02
2.861904915168803996e+02
2.827314095746937141e+02
2.855563190384619361e+02
2.829077177705553936e+02
2.856556742882780782e+02
2.860183021379966704e+02
2.861839207326947303e+02
2.836754404793528010e+02
2.827147417866716523e+02
2.832166745270606611e+02
2.814848548447761232e+02
2.802428532703996780e+02
2.810642893250404200e+02
2.830675775741966618e+02
2.848906633431792557e+02
2.825952370560640361e+02
2.812301851786290285e+02
2.861320610918124885e+02
2.858570553050935814e+02
2.822773214955531103e+02
2.825952370560640361e+02
2.830675775741966618e+02
2.827486548088066911e+02
2.809099584866982013e+02
2.836171448276946876e+02
2.825921357737238964e+02
2.836875048230759830e+02
2.853223503995995429e+02
2.820309422077796739e+02
2.829077177705553936e+02
2.847034671836143502e+02
2.817962816815646647e+02
2.846447712229885951e+02
2.853360190771037423e+02
2.820309422077796739e+02
2.830601417190073903e+02
2.824369374109159594e+02
2.812361491101781326e+02
2.815221774354874924e+02
2.813695828920505733e+02
2.809099584866982013e+02
2.809099584866982013e+02
2.816292727977615300e+02
2.823624221026397549e+02
2.830624100144838167e+02
2.825952370560640361e+02
2.848536174313536549e+02
2.813886538965664954e+02
2.833710416455621726e+02
2.830675775741966618e+02
2.828511646943631490e+02
2.839686518218622382e+02
2.825112922569710463e+02
2.848906633431792557e+02
2.835253483677809641e+02
2.853537804440911714e+02
2.804884520974492261e+02
2.810642893250404200e+02
2.819990416816584684e+02
2.860733601947671900e+02
2.851873754903510871e+02
2.834976423580302480e+02
2.836754404793528010e+02
2.858180174496105792e+02
2.833405123496394822e+02
2.860384829866180780e+02
2.848144341895111893e+02
2.820309422077796739e+02
2.828473313399096583e+02
2.828511646943631490e+02
2.831378191168721514e+02
2.820062641952997637e+02
2.839308754977178069e+02
2.817044287148237345e+02
2.839338414500659837e+02
2.816814713585769141e+02
2.821674354258481685e+02
2.809099584866982013e+02
2.818573517389554013e+02
2.848536174313536549e+02
2.827716742147774198e+02
2.838685357401712963e+02
2.843157358687501528e+02
2.839575872419529787e+02
2.831378191168721514e+02
2.834253427935024661e+02
2.809099584866982013e+02
2.817962816815646647e+02
2.825550675543008197e+02
2.861701015752227022e+02
2.833600351302684430e+02
2.847044774809962178e+02
2.841558981057525557e+02
2.827486548088066911e+02
2.825952370560640361e+02
2.814801374473848341e+02
2.824513663133017189e+02
2.856415161068334783e+02
2.843004455747752104e+02
2.859440979708412556e+02
2.833600351302684430e+02
2.831920530660558484e+02
2.823624221026397549e+02
2.835260007146525254e+02
2.846798170421453733e+02
2.844728482867908497e+02
2.823454508314810028e+02
2.843993110246111087e+02
2.846289438284919697e+02
2.833387607101431627e+02
2.824616721123867364e+02
2.829413663394594778e+02
2.850748362302445003e+02
2.856886248234815184e+02
2.827314095746937141e+02
2.833672502531644568e+02
2.858570553050935814e+02
2.837848344673068368e+02
2.847867542284969318e+02
2.829225507685937373e+02
2.837848344673068368e+02
2.829263872453414592e+02
2.834145686936608399e+02
2.829375783420092034e+02
2.832756101434698053e+02
2.829263872453414592e+02
2.826893248186726169e+02
2.835731476550085972e+02
2.843993110246111087e+02
2.833135498042735207e+02
2.839888439114234870e+02
2.861904915168803996e+02
2.826582599046191149e+02
2.825484499072950371e+02
2.830717602861079740e+02
2.856233994658382471e+02
2.847092503952391667e+02
2.849445975641017412e+02
2.835608893357201055e+02
2.837446189819250435e+02
2.815221774354874924e+02
2.837446189819250435e+02
2.845104073910324018e+02
2.847095748475098276e+02
2.845244438493913322e+02
2.830326317973115238e+02
2.840296046859572812e+02
2.833387607101431627e+02
2.842308799660868317e+02
2.861119762117362484e+02
2.850095905637570013e+02
2.861059597246918997e+02
2.860197291392050829e+02
2.836754404793528010e+02
2.852003579318614470e+02
2.838089044516548256e+02
2.842579952583071758e+02
2.857412434321726096e+02
2.846289438284919697e+02
2.845422532900141164e+02
2.840648330916218924e+02
2.856362877113983814e+02
2.848906633431792557e+02
2.832910704655234326e+02
2.843377388456115114e+02
2.826473814643061360e+02
2.845264632432462122e+02
2.860697646216100907e+02
2.862869513474145720e+02
2.831838494883397743e+02
2.852003579318614470e+02
2.851411757720940159e+02
2.844016694653033710e+02
2.844209773460928545e+02
2.850095905637570013e+02
2.851411757720940159e+02
2.855893485413607777e+02
2.853207941998643378e+02
2.840651847403074157e+02
2.860222134921656334e+02
2.858570553050935814e+02
2.841527100530414600e+02
2.852070096688094054e+02
2.845847919397654096e+02
2.838389688470329588e+02
2.846630905256857318e+02
2.835253483677809641e+02
2.826804121549599813e+02
2.839614353937790838e+02
2.859368708851714587e+02
2.846289438284919697e+02
2.849461298715780231e+02
2.842308799660868317e+02
2.852454872742337102e+02
2.848810104677962727e+02
2.857628752914743018e+02
2.853223503995995429e+02
2.827314095746937141e+02
2.845264632432462122e+02
2.855802321216422115e+02
2.849461298715780231e+02
2.835253483677809641e+02
2.836413634902805256e+02
2.829413663394594778e+02
2.836540798971935828e+02
2.839162488915178528e+02
2.824616721123867364e+02
2.827813673568919057e+02
2.837361370500947828e+02
2.839614353937790838e+02
2.851410116691577059e+02
2.850532588107982406e+02
2.830624100144838167e+02
2.825952370560640361e+02
2.817962816815646647e+02
2.843875616546808942e+02
2.818573517389554013e+02
2.833710416455621726e+02
2.830221120171305529e+02
2.834357831415787814e+02
2.840139561825388910e+02
2.856362877113983814e+02
2.853334228372667098e+02
2.825112922569710463e+02
2.856556742882780782e+02
2.828776486649587127e+02
2.814848548447761232e+02
2.835731476550085972e+02
2.861161243802933427e+02
2.849461298715780231e+02
2.840665977190209333e+02
2.814322305049439592e+02
2.844728482867908497e+02
2.854522455286021341e+02
2.858854045245542466e+02
2.831838494883397743e+02
2.836875048230759830e+02
2.861323519844110024e+02
2.843004455747752104e+02
2.850721525173825626e+02
2.837918352319300084e+02
2.829413663394594778e+02
2.843993110246111087e+02
2.821405152314283100e+02
2.846798170421453733e+02
2.856556742882780782e+02
2.845264632432462122e+02
2.852233310842577225e+02
2.852733352337207293e+02
2.844209773460928545e+02
2.833405123496394822e+02
2.843993110246111087e+02
2.838462045751055030e+02
2.835608893357201055e+02
2.858570553050935814e+02
2.843276068447887610e+02
2.862869513474145720e+02
2.840651847403074157e+02
2.860864133375500273e+02
2.842308799660868317e+02
2.855428975570057446e+02
2.848144341895111893e+02
2.860990154641756362e+02
2.846798170421453733e+02
2.856522219682642572e+02
2.853360190771037423e+02
2.861755523580919203e+02
2.861516230578047839e+02
2.846798170421453733e+02
2.860470788064071712e+02
2.830624100144838167e+02
2.827147417866716523e+02
2.846798170421453733e+02
2.833135498042735207e+02
2.855802321216422115e+02
2.839162488915178528e+02
2.847867542284969318e+02
2.852233310842577225e+02
2.849194635135153248e+02
2.861305664609737391e+02
2.846289438284919697e+02
2.844016694653033710e+02
2.844444888046119786e+02
2.846556525972144982e+02
2.859932433247841459e+02
2.860222134921656334e+02
2.836580279279668844e+02
2.859462662638208030e+02
2.841200987577091155e+02
2.836413634902805256e+02
2.860197291392050829e+02
2.857628752914743018e+02
2.845422532900141164e+02
2.854403121724192260e+02
2.862225732550988369e+02
2.845264632432462122e+02
2.840012925409976674e+02
2.820309422077796739e+02
2.810642893250404200e+02
2.860183021379966704e+02
2.853334228372667098e+02
2.859368708851714587e+02
2.850095905637570013e+02
2.833672502531644568e+02
2.823418211179892978e+02
2.844728482867908497e+02
2.839099038027522965e+02
2.819293837241735901e+02
2.841452068904495718e+02
2.839662575177498525e+02
2.842741861731366839e+02
2.831705628870733449e+02
2.830221120171305529e+02
2.827573595818380454e+02
2.825633813105987997e+02
2.826126036159249111e+02
2.832337555085661620e+02
2.839614353937790838e+02
2.831138640233910451e+02
2.825781813099928854e+02
2.835045618377872643e+02
2.819990416816584684e+02
2.830558877808937837e+02
2.850748362302445003e+02
2.839162488915178528e+02
2.856614064853565083e+02
2.838761668206909121e+02
2.862189611532327831e+02
2.832996288445990558e+02
2.862189611532327831e+02
2.850532588107982406e+02
2.847568562836555088e+02
2.835780925684695148e+02
2.859494143100500310e+02
2.833999307146955289e+02
2.844209773460928545e+02
2.833804581806870146e+02
2.834462413945276467e+02
2.850532588107982406e+02
2.829263872453414592e+02
2.846383282017433771e+02
2.838761668206909121e+02
2.835317764590934075e+02
2.841830648496676304e+02
2.837773372588057441e+02
2.859259410029864625e+02
2.831838494883397743e+02
2.840012925409976674e+02
2.848144341895111893e+02
2.842579952583071758e+02
2.821909780788095645e+02
2.856362877113983814e+02
2.835713934560955067e+02
2.853223503995995429e+02
2.809043264415961403e+02
2.847568562836555088e+02
2.845019399119059358e+02
2.836125877877820471e+02
2.845996094515018626e+02
2.834490433109181708e+02
2.832794864717477594e+02
2.851411757720940159e+02
2.831961307868375002e+02
2.813085480507363059e+02
2.847568562836555088e+02
2.823292444189624462e+02
2.846556525972144982e+02
2.826841456945141999e+02
2.821456755556189933e+02
2.836540798971935828e+02
2.817395303303495098e+02
2.857628752914743018e+02
2.854403121724192260e+02
2.857030679658924441e+02
2.824268588747343642e+02
2.860697646216100907e+02
2.826771204490256650e+02
2.839162488915178528e+02
2.834594830389273170e+02
2.839662575177498525e+02
2.829375783420092034e+02
2.847030868457970314e+02
2.824268588747343642e+02
2.841452068904495718e+02
2.848536396652648932e+02
2.828088546011845779e+02
2.848144341895111893e+02
2.850748362302445003e+02
2.833804581806870146e+02
2.817397108787194497e+02
2.828646910580193321e+02
2.827417369902887572e+02
2.845264632432462122e+02
2.833804581806870146e+02
2.833405123496394822e+02
2.859368708851714587e+02
2.829413663394594778e+02
2.836413634902805256e+02
2.853223503995995429e+02
2.831705628870733449e+02
2.861097266275101560e+02
2.837361370500947828e+02
2.857030679658924441e+02
2.837848344673068368e+02
2.836139717488949827e+02
2.824321646545147360e+02
2.827257818057434520e+02
2.845996094515018626e+02
2.839497009295797056e+02
2.851411757720940159e+02
2.825365687973031186e+02
2.832572116339762260e+02
2.841755600393873351e+02
2.826186449120846191e+02
2.840651847403074157e+02
2.830057459608608497e+02
2.853425249495424509e+02
2.844110804526885090e+02
2.831304037617048266e+02
2.843276068447887610e+02
2.840207221499699131e+02
2.828199512003391192e+02
2.846383282017433771e+02
2.829847222043806596e+02
2.838312185755297605e+02
2.826919089899641904e+02
2.851410116691577059e+02
2.825365687973031186e+02
2.839662575177498525e+02
2.830849166877421226e+02
2.839662575177498525e+02
2.830849166877421226e+02
2.844209773460928545e+02
2.844110804526885090e+02
2.844110804526885090e+02
2.833138028070495125e+02
2.862732868441005962e+02
2.831109905368372210e+02
2.839207670928564085e+02
2.861694510982844122e+02
2.828333464601661831e+02
2.842579952583071758e+02
2.830495951327337139e+02
2.836296047998594076e+02
2.835731476550085972e+02
2.858729455990468864e+02
2.829868541510084015e+02
2.849194635135153248e+02
2.838312185755297605e+02
2.858570553050935814e+02
2.858014857703298617e+02
2.859440979708412556e+02
2.838460548666175782e+02
2.860832958907460011e+02
2.860197291392050829e+02
2.858729455990468864e+02
2.825921357737238964e+02
2.856545514953275529e+02
2.834976423580302480e+02
2.860756004803635619e+02
2.855311664140758126e+02
2.852003579318614470e+02
2.851050752799246197e+02
2.856995652866706905e+02
2.839614353937790838e+02
2.849461298715780231e+02
2.833710416455621726e+02
2.825952370560640361e+02
2.825484499072950371e+02
2.828776486649587127e+02
2.831795702886612958e+02
2.838089044516548256e+02
2.826086776898374637e+02
2.859429854721721540e+02
2.856614064853565083e+02
2.848536396652648932e+02
2.835045618377872643e+02
2.858021695605509080e+02
2.839970790264946459e+02
2.839099038027522965e+02
2.839686518218622382e+02
2.852070096688094054e+02
2.848810104677962727e+02
2.826804121549599813e+02
2.832097190055752094e+02
2.860222134921656334e+02
2.850095905637570013e+02
2.839614353937790838e+02
2.861422615412489563e+02
2.848906633431792557e+02
2.834485018838954034e+02
2.833387607101431627e+02
2.833600351302684430e+02
2.834485018838954034e+02
2.834357831415787814e+02
2.842579952583071758e+02
2.835731476550085972e+02
2.847212410760239436e+02
2.834357831415787814e+02
2.821846966132113153e+02
2.816308589387400048e+02
2.825633813105987997e+02
2.829902718574957703e+02
2.820617987634782367e+02
2.806666279214472297e+02
2.818229557502600073e+02
2.814033205948043133e+02
2.825952370560640361e+02
2.848536174313536549e+02
2.812280275930754101e+02
2.824369374109159594e+02
2.852474023986915768e+02
2.844016694653033710e+02
2.860756004803635619e+02
2.852733352337207293e+02
2.861483468194272177e+02
2.851411757720940159e+02
2.846798170421453733e+02
2.860756004803635619e+02
2.861479220713292193e+02
2.860197291392050829e+02
2.852462310504004108e+02
2.833405123496394822e+02
2.859497604548475351e+02
2.841509938308744836e+02
2.861125494567259011e+02
2.840012925409976674e+02
2.813876447118812507e+02
2.828473313399096583e+02
2.830290365185705355e+02
2.860864133375500273e+02
2.839970790264946459e+02
2.849194635135153248e+02
2.840012925409976674e+02
2.850095905637570013e+02
2.821846966132113153e+02
2.851257916643022554e+02
2.843377388456115114e+02
2.843147894033741636e+02
2.836875048230759830e+02
2.839099038027522965e+02
2.845787515755498021e+02
2.804884520974492261e+02
2.860864133375500273e+02
2.841527100530414600e+02
2.853856649966213581e+02
2.852003579318614470e+02
2.857033476685723485e+02
2.856362877113983814e+02
2.836171448276946876e+02
2.831378191168721514e+02
2.823624221026397549e+02
2.824960399811367893e+02
2.832832105328989769e+02
2.830221120171305529e+02
2.845847919397654096e+02
2.839614353937790838e+02
2.835253483677809641e+02
2.852233310842577225e+02
2.848536396652648932e+02
2.847817809572908914e+02
2.849461298715780231e+02
2.839614353937790838e+02
2.825921357737238964e+02
2.836540798971935828e+02
2.818861344458643430e+02
2.831299582384337441e+02
2.815479009489641840e+02
2.815363022714345789e+02
2.830675775741966618e+02
2.844728482867908497e+02
2.835253483677809641e+02
2.839614353937790838e+02
2.850748362302445003e+02
2.852003579318614470e+02
2.815363022714345789e+02
2.849461298715780231e+02
2.836540798971935828e+02
2.850095905637570013e+02
2.853425249495424509e+02
2.838312185755297605e+02
2.832323124874271798e+02
2.852003579318614470e+02
2.850532588107982406e+02
2.834976423580302480e+02
2.849817047327679234e+02
2.857628752914743018e+02
2.824616721123867364e+02
2.839614353937790838e+02
2.820062641952997637e+02
2.828776486649587127e+02
2.831838494883397743e+02
2.834976423580302480e+02
2.819527960313266703e+02
2.821405152314283100e+02
2.844209773460928545e+02
2.839099038027522965e+02
2.860222134921656334e+02
2.830290365185705355e+02
2.852070096688094054e+02
2.824616721123867364e+02
2.822342694973137895e+02
2.833387607101431627e+02
2.820617987634782367e+02
2.837093061519558432e+02
2.832337555085661620e+02
2.843993110246111087e+02
2.854043197551818594e+02
2.832323124874271798e+02
2.820617987634782367e+02
2.847867542284969318e+02
2.842349578608619822e+02
2.844209773460928545e+02
2.830290365185705355e+02
2.851050752799246197e+02
2.836875048230759830e+02
2.828511646943631490e+02
2.830624100144838167e+02
2.836540798971935828e+02
2.845847919397654096e+02
2.828776486649587127e+02
2.819527960313266703e+02
2.845422532900141164e+02
2.821405152314283100e+02
2.828776486649587127e+02
2.831705628870733449e+02
2.844016694653033710e+02
2.839099038027522965e+02
2.831838494883397743e+02
2.817521782892881106e+02
2.827314095746937141e+02
2.831705628870733449e+02
2.824616721123867364e+02
2.854403121724192260e+02
2.812995039893386888e+02
2.825411285794367586e+02
2.827841866147820724e+02
2.823741407459582433e+02
2.825013564880175636e+02
2.827263664579428450e+02
2.825781813099928854e+02
2.828646910580193321e+02
2.827727380025086177e+02
2.828507436909055173e+02
2.818351828388431386e+02
2.826186449120846191e+02
2.828260731281300195e+02
2.823292444189624462e+02
2.806201194563344643e+02
2.816510827477431462e+02
2.826077040189659328e+02
2.818897584234836131e+02
2.820937941251656866e+02
2.827727380025086177e+02
2.830495951327337139e+02
2.834357831415787814e+02
2.820710333952549149e+02
2.825351826566811724e+02
2.826771204490256650e+02
2.826893248186726169e+02
2.851410116691577059e+02
2.828038380896659874e+02
2.835101108750786807e+02
2.829263872453414592e+02
2.830717602861079740e+02
2.828199512003391192e+02
2.839207670928564085e+02
2.831795702886612958e+02
2.820503321788091853e+02
2.823418211179892978e+02
2.862462220425143755e+02
