2.836551818847656250e+02
2.835061035156250000e+02
2.836220092773437500e+02
2.834532165527343750e+02
2.838581542968750000e+02
2.835171813964843750e+02
2.835791931152343750e+02
2.835902099609375000e+02
2.833425292968750000e+02
2.833999633789062500e+02
2.833888549804687500e+02
2.834274902343750000e+02
2.834532165527343750e+02
2.833277587890625000e+02
2.834420776367187500e+02
2.837586975097656250e+02
2.835171813964843750e+02
2.835486145019531250e+02
2.835918884277343750e+02
2.835503234863281250e+02
2.835009765625000000e+02
2.838538513183593750e+02
2.834420776367187500e+02
2.834532165527343750e+02
2.836693725585937500e+02
2.835758056640625000e+02
2.836441345214843750e+02
2.836551818847656250e+02
2.835918884277343750e+02
2.836457214355468750e+02
2.836850280761718750e+02
2.834881286621093750e+02
2.834863891601562500e+02
2.836724548339843750e+02
2.833259582519531250e+02
2.835188903808593750e+02
2.837461853027343750e+02
2.839554138183593750e+02
2.836881408691406250e+02
2.837806701660156250e+02
2.835630798339843750e+02
2.837696838378906250e+02
2.838209533691406250e+02
2.838251953125000000e+02
2.834420776367187500e+02
2.838224182128906250e+02
2.834257202148437500e+02
2.836614379882812500e+02
2.834677429199218750e+02
2.836850280761718750e+02
2.837351989746093750e+02
2.837975769042968750e+02
2.834881286621093750e+02
2.833593139648437500e+02
2.834933471679687500e+02
2.833518676757812500e+02
2.832367553710937500e+02
2.833130187988281250e+02
2.834839172363281250e+02
2.836220092773437500e+02
2.834420776367187500e+02
2.832590942382812500e+02
2.838209533691406250e+02
2.837181091308593750e+02
2.834164123535156250e+02
2.834420776367187500e+02
2.834839172363281250e+02
2.834472045898437500e+02
2.833018493652343750e+02
2.835332641601562500e+02
2.834128417968750000e+02
2.835171813964843750e+02
2.836551818847656250e+02
2.833888549804687500e+02
2.834677429199218750e+02
2.835983581542968750e+02
2.833777160644531250e+02
2.836518859863281250e+02
2.836693725585937500e+02
2.833888549804687500e+02
2.834728088378906250e+02
2.834292297363281250e+02
2.833166198730468750e+02
2.833330993652343750e+02
2.833184204101562500e+02
2.833018493652343750e+02
2.833018493652343750e+02
2.833442993164062500e+02
2.834198608398437500e+02
2.834805297851562500e+02
2.834420776367187500e+02
2.836125488281250000e+02
2.833407287597656250e+02
2.835061035156250000e+02
2.834839172363281250e+02
2.834532165527343750e+02
2.835587158203125000e+02
2.834274902343750000e+02
2.836220092773437500e+02
2.835044250488281250e+02
2.836629333496093750e+02
2.832516479492187500e+02
2.833130187988281250e+02
2.833352661132812500e+02
2.837476806640625000e+02
2.836408996582031250e+02
2.834898986816406250e+02
2.834881286621093750e+02
2.837336730957031250e+02
2.834770812988281250e+02
2.837836608886718750e+02
2.836045532226562500e+02
2.833888549804687500e+02
2.834694519042968750e+02
2.834532165527343750e+02
2.834950256347656250e+02
2.833923950195312500e+02
2.835476379394531250e+02
2.833666076660156250e+02
2.835508422851562500e+02
2.833554687500000000e+02
2.833958435058593750e+02
2.833018493652343750e+02
2.833794860839843750e+02
2.836125488281250000e+02
2.834583435058593750e+02
2.838031311035156250e+02
2.835729980468750000e+02
2.837034912109375000e+02
2.834950256347656250e+02
2.834999694824218750e+02
2.833018493652343750e+02
2.833777160644531250e+02
2.833074035644531250e+02
2.837851257324218750e+02
2.834916381835937500e+02
2.835999145507812500e+02
2.835697937011718750e+02
2.834472045898437500e+02
2.834420776367187500e+02
2.833219299316406250e+02
2.834215698242187500e+02
2.837879333496093750e+02
2.835681457519531250e+02
2.837586975097656250e+02
2.834916381835937500e+02
2.834788208007812500e+02
2.834198608398437500e+02
2.835188903808593750e+02
2.835918884277343750e+02
2.835951538085937500e+02
2.834146423339843750e+02
2.835647888183593750e+02
2.836078491210937500e+02
2.834496154785156250e+02
2.833999633789062500e+02
2.833981323242187500e+02
2.836298828125000000e+02
2.836740112304687500e+02
2.834257202148437500e+02
2.833963012695312500e+02
2.837181091308593750e+02
2.834589233398437500e+02
2.836029052734375000e+02
2.832924804687500000e+02
2.834589233398437500e+02
2.832885742187500000e+02
2.833906250000000000e+02
2.832825927734375000e+02
2.833536682128906250e+02
2.832885742187500000e+02
2.831877136230468750e+02
2.834349975585937500e+02
2.835647888183593750e+02
2.833555603027343750e+02
2.835120239257812500e+02
2.838224182128906250e+02
2.833463745117187500e+02
2.832683105468750000e+02
2.833146667480468750e+02
2.838010559082031250e+02
2.836990661621093750e+02
2.837744445800781250e+02
2.834753723144531250e+02
2.835349426269531250e+02
2.833330993652343750e+02
2.835349426269531250e+02
2.835856933593750000e+02
2.836094055175781250e+02
2.835967712402343750e+02
2.834110107421875000e+02
2.835265502929687500e+02
2.834496154785156250e+02
2.835503234863281250e+02
2.837901000976562500e+02
2.836392517089843750e+02
2.837416076660156250e+02
2.837431640625000000e+02
2.834881286621093750e+02
2.836425170898437500e+02
2.835154724121093750e+02
2.835537719726562500e+02
2.837211608886718750e+02
2.836078491210937500e+02
2.835791931152343750e+02
2.835247497558593750e+02
2.837070922851562500e+02
2.836220092773437500e+02
2.835077819824218750e+02
2.835841064453125000e+02
2.834265441894531250e+02
2.835774841308593750e+02
2.837651367187500000e+02
2.837916259765625000e+02
2.834642639160156250e+02
2.836425170898437500e+02
2.836881408691406250e+02
2.835664672851562500e+02
2.835758056640625000e+02
2.836392517089843750e+02
2.836881408691406250e+02
2.838135070800781250e+02
2.836535339355468750e+02
2.835358581542968750e+02
2.837290649414062500e+02
2.837181091308593750e+02
2.835554199218750000e+02
2.836582946777343750e+02
2.835935363769531250e+02
2.835443725585937500e+02
2.840532226562500000e+02
2.835044250488281250e+02
2.834403686523437500e+02
2.835282592773437500e+02
2.837572021484375000e+02
2.836078491210937500e+02
2.836172485351562500e+02
2.835503234863281250e+02
2.837007446289062500e+02
2.836265869140625000e+02
2.837055358886718750e+02
2.836551818847656250e+02
2.834257202148437500e+02
2.835774841308593750e+02
2.836787719726562500e+02
2.836172485351562500e+02
2.835044250488281250e+02
2.834478759765625000e+02
2.833981323242187500e+02
2.835026855468750000e+02
2.834992370605468750e+02
2.833999633789062500e+02
2.833722839355468750e+02
2.834460754394531250e+02
2.835282592773437500e+02
2.836519165039062500e+02
2.836282348632812500e+02
2.834805297851562500e+02
2.834420776367187500e+02
2.833777160644531250e+02
2.835746154785156250e+02
2.833794860839843750e+02
2.835061035156250000e+02
2.834660034179687500e+02
2.834092102050781250e+02
2.835230407714843750e+02
2.837070922851562500e+02
2.836709289550781250e+02
2.834274902343750000e+02
2.836850280761718750e+02
2.834385986328125000e+02
2.833518676757812500e+02
2.834349975585937500e+02
2.837601623535156250e+02
2.836172485351562500e+02
2.838353576660156250e+02
2.833241271972656250e+02
2.835951538085937500e+02
2.836661376953125000e+02
2.837461853027343750e+02
2.834642639160156250e+02
2.835171813964843750e+02
2.837865600585937500e+02
2.835681457519531250e+02
2.836457214355468750e+02
2.835009765625000000e+02
2.833981323242187500e+02
2.835647888183593750e+02
2.833611755371093750e+02
2.835918884277343750e+02
2.836850280761718750e+02
2.835774841308593750e+02
2.836567687988281250e+02
2.836645507812500000e+02
2.835758056640625000e+02
2.834770812988281250e+02
2.835647888183593750e+02
2.835299377441406250e+02
2.834753723144531250e+02
2.837181091308593750e+02
2.835867919921875000e+02
2.837916259765625000e+02
2.835358581542968750e+02
2.837556762695312500e+02
2.835503234863281250e+02
2.836945190429687500e+02
2.836045532226562500e+02
2.838842468261718750e+02
2.835918884277343750e+02
2.837023315429687500e+02
2.836693725585937500e+02
2.837541503906250000e+02
2.838333740234375000e+02
2.835918884277343750e+02
2.838238220214843750e+02
2.834805297851562500e+02
2.833593139648437500e+02
2.835918884277343750e+02
2.833555603027343750e+02
2.836787719726562500e+02
2.834992370605468750e+02
2.836029052734375000e+02
2.836567687988281250e+02
2.836155700683593750e+02
2.838719177246093750e+02
2.836078491210937500e+02
2.835664672851562500e+02
2.835808105468750000e+02
2.835902099609375000e+02
2.837696838378906250e+02
2.837290649414062500e+02
2.834441833496093750e+02
2.839047851562500000e+02
2.835851135253906250e+02
2.834478759765625000e+02
2.837431640625000000e+02
2.837055358886718750e+02
2.835791931152343750e+02
2.836677856445312500e+02
2.838428955078125000e+02
2.835774841308593750e+02
2.835426940917968750e+02
2.833888549804687500e+02
2.833130187988281250e+02
2.837351989746093750e+02
2.836709289550781250e+02
2.837572021484375000e+02
2.836392517089843750e+02
2.833963012695312500e+02
2.833870544433593750e+02
2.835951538085937500e+02
2.835137634277343750e+02
2.832702026367187500e+02
2.835375976562500000e+02
2.835102539062500000e+02
2.835520324707031250e+02
2.833574829101562500e+02
2.834660034179687500e+02
2.832139892578125000e+02
2.832552490234375000e+02
2.833333740234375000e+02
2.833704528808593750e+02
2.835282592773437500e+02
2.833165588378906250e+02
2.833204040527343750e+02
2.834221191406250000e+02
2.833352661132812500e+02
2.833315124511718750e+02
2.836298828125000000e+02
2.834992370605468750e+02
2.836929626464843750e+02
2.834846191406250000e+02
2.837931518554687500e+02
2.833833618164062500e+02
2.837931518554687500e+02
2.836282348632812500e+02
2.836139221191406250e+02
2.834423522949218750e+02
2.837400512695312500e+02
2.833796081542968750e+02
2.835758056640625000e+02
2.833685302734375000e+02
2.833814697265625000e+02
2.836282348632812500e+02
2.832885742187500000e+02
2.836012573242187500e+02
2.834846191406250000e+02
2.834404907226562500e+02
2.835613403320312500e+02
2.834735717773437500e+02
2.837164916992187500e+02
2.834642639160156250e+02
2.835426940917968750e+02
2.836045532226562500e+02
2.835537719726562500e+02
2.830953063964843750e+02
2.837070922851562500e+02
2.834073486328125000e+02
2.836551818847656250e+02
2.829844665527343750e+02
2.836139221191406250e+02
2.836122436523437500e+02
2.834313354492187500e+02
2.836249389648437500e+02
2.834017333984375000e+02
2.833497924804687500e+02
2.836881408691406250e+02
2.833387756347656250e+02
2.830778503417968750e+02
2.836139221191406250e+02
2.831968078613281250e+02
2.835902099609375000e+02
2.834281616210937500e+02
2.828161315917968750e+02
2.835026855468750000e+02
2.830932006835937500e+02
2.837055358886718750e+02
2.836677856445312500e+02
2.836913757324218750e+02
2.832099304199218750e+02
2.837651367187500000e+02
2.832251281738281250e+02
2.834992370605468750e+02
2.834035949707031250e+02
2.835102539062500000e+02
2.832825927734375000e+02
2.836376037597656250e+02
2.832099304199218750e+02
2.835375976562500000e+02
2.836188659667968750e+02
2.832402038574218750e+02
2.836045532226562500e+02
2.836298828125000000e+02
2.833685302734375000e+02
2.830289001464843750e+02
2.832644042968750000e+02
2.832382202148437500e+02
2.835774841308593750e+02
2.833685302734375000e+02
2.834770812988281250e+02
2.837572021484375000e+02
2.833981323242187500e+02
2.834478759765625000e+02
2.836551818847656250e+02
2.833574829101562500e+02
2.838938598632812500e+02
2.834460754394531250e+02
2.836913757324218750e+02
2.834589233398437500e+02
2.834552307128906250e+02
2.832210693359375000e+02
2.832583923339843750e+02
2.836249389648437500e+02
2.835833740234375000e+02
2.836881408691406250e+02
2.832342224121093750e+02
2.833517150878906250e+02
2.835977783203125000e+02
2.832453002929687500e+02
2.835358581542968750e+02
2.832976684570312500e+02
2.837133178710937500e+02
2.835995178222656250e+02
2.833257141113281250e+02
2.835867919921875000e+02
2.835596008300781250e+02
2.832735290527343750e+02
2.836012573242187500e+02
2.832996826171875000e+02
2.834717712402343750e+02
2.832493286132812500e+02
2.836519165039062500e+02
2.832342224121093750e+02
2.835102539062500000e+02
2.833107299804687500e+02
2.835102539062500000e+02
2.833107299804687500e+02
2.835758056640625000e+02
2.835995178222656250e+02
2.835995178222656250e+02
2.833647155761718750e+02
2.838165588378906250e+02
2.833444824218750000e+02
2.834974365234375000e+02
2.838443298339843750e+02
2.832532958984375000e+02
2.835537719726562500e+02
2.833035583496093750e+02
2.834202575683593750e+02
2.834349975585937500e+02
2.837446899414062500e+02
2.832905273437500000e+02
2.836155700683593750e+02
2.834717712402343750e+02
2.837181091308593750e+02
2.837321777343750000e+02
2.837586975097656250e+02
2.834863891601562500e+02
2.837946166992187500e+02
2.837431640625000000e+02
2.837446899414062500e+02
2.834128417968750000e+02
2.837086181640625000e+02
2.834898986816406250e+02
2.837961120605468750e+02
2.839934997558593750e+02
2.836425170898437500e+02
2.836441345214843750e+02
2.838979492187500000e+02
2.835282592773437500e+02
2.836172485351562500e+02
2.835061035156250000e+02
2.834420776367187500e+02
2.832683105468750000e+02
2.834385986328125000e+02
2.833295898437500000e+02
2.835154724121093750e+02
2.832119750976562500e+02
2.837306213378906250e+02
2.836929626464843750e+02
2.836188659667968750e+02
2.834221191406250000e+02
2.839458312988281250e+02
2.835570983886718750e+02
2.835137634277343750e+02
2.835587158203125000e+02
2.836582946777343750e+02
2.836265869140625000e+02
2.834403686523437500e+02
2.833406677246093750e+02
2.837290649414062500e+02
2.836392517089843750e+02
2.835282592773437500e+02
2.837681579589843750e+02
2.836220092773437500e+02
2.834624938964843750e+02
2.834496154785156250e+02
2.834916381835937500e+02
2.834624938964843750e+02
2.834092102050781250e+02
2.835537719726562500e+02
2.834349975585937500e+02
2.836062011718750000e+02
2.834092102050781250e+02
2.834017333984375000e+02
2.833500366210937500e+02
2.832552490234375000e+02
2.834822387695312500e+02
2.833482360839843750e+02
2.832609558105468750e+02
2.833683471679687500e+02
2.833201599121093750e+02
2.834420776367187500e+02
2.836125488281250000e+02
2.833277587890625000e+02
2.834292297363281250e+02
2.836362304687500000e+02
2.835664672851562500e+02
2.837961120605468750e+02
2.836645507812500000e+02
2.838677062988281250e+02
2.836881408691406250e+02
2.835918884277343750e+02
2.837961120605468750e+02
2.837726440429687500e+02
2.837431640625000000e+02
2.839593811035156250e+02
2.834770812988281250e+02
2.837226867675781250e+02
2.835393066406250000e+02
2.837989807128906250e+02
2.835426940917968750e+02
2.833295593261718750e+02
2.834694519042968750e+02
2.834514465332031250e+02
2.837556762695312500e+02
2.835570983886718750e+02
2.836155700683593750e+02
2.835426940917968750e+02
2.836392517089843750e+02
2.834017333984375000e+02
2.836377868652343750e+02
2.835841064453125000e+02
2.835824890136718750e+02
2.835171813964843750e+02
2.835137634277343750e+02
2.836392822265625000e+02
2.832516479492187500e+02
2.837556762695312500e+02
2.835554199218750000e+02
2.836598815917968750e+02
2.836425170898437500e+02
2.837506103515625000e+02
2.837070922851562500e+02
2.835332641601562500e+02
2.834950256347656250e+02
2.834198608398437500e+02
2.834327087402343750e+02
2.834872131347656250e+02
2.834660034179687500e+02
2.835935363769531250e+02
2.835282592773437500e+02
2.835044250488281250e+02
2.836567687988281250e+02
2.836188659667968750e+02
2.836204833984375000e+02
2.836172485351562500e+02
2.835282592773437500e+02
2.834128417968750000e+02
2.835026855468750000e+02
2.833759460449218750e+02
2.834239196777343750e+02
2.833536682128906250e+02
2.833425292968750000e+02
2.834839172363281250e+02
2.835951538085937500e+02
2.835044250488281250e+02
2.835282592773437500e+02
2.836298828125000000e+02
2.836425170898437500e+02
2.833425292968750000e+02
2.836172485351562500e+02
2.835026855468750000e+02
2.836392517089843750e+02
2.837133178710937500e+02
2.834717712402343750e+02
2.834367980957031250e+02
2.836425170898437500e+02
2.836282348632812500e+02
2.834898986816406250e+02
2.836315307617187500e+02
2.837055358886718750e+02
2.833999633789062500e+02
2.835282592773437500e+02
2.833923950195312500e+02
2.834385986328125000e+02
2.834642639160156250e+02
2.834898986816406250e+02
2.833222961425781250e+02
2.833611755371093750e+02
2.835758056640625000e+02
2.835137634277343750e+02
2.837290649414062500e+02
2.834514465332031250e+02
2.836582946777343750e+02
2.833999633789062500e+02
2.833741149902343750e+02
2.834496154785156250e+02
2.833482360839843750e+02
2.834607238769531250e+02
2.833704528808593750e+02
2.835647888183593750e+02
2.836771545410156250e+02
2.834367980957031250e+02
2.833482360839843750e+02
2.836029052734375000e+02
2.836105346679687500e+02
2.835758056640625000e+02
2.834514465332031250e+02
2.836441345214843750e+02
2.835171813964843750e+02
2.834532165527343750e+02
2.834805297851562500e+02
2.835026855468750000e+02
2.835935363769531250e+02
2.834385986328125000e+02
2.833222961425781250e+02
2.835791931152343750e+02
2.833611755371093750e+02
2.834385986328125000e+02
2.833574829101562500e+02
2.835664672851562500e+02
2.835137634277343750e+02
2.834642639160156250e+02
2.833630065917968750e+02
2.834257202148437500e+02
2.833574829101562500e+02
2.833999633789062500e+02
2.836677856445312500e+02
2.832981567382812500e+02
2.832813720703125000e+02
2.832271118164062500e+02
2.831217651367187500e+02
2.831126403808593750e+02
2.832008666992187500e+02
2.833204040527343750e+02
2.832644042968750000e+02
2.832624206542968750e+02
2.832755126953125000e+02
2.831552124023437500e+02
2.832453002929687500e+02
2.832715148925781250e+02
2.831968078613281250e+02
2.830223999023437500e+02
2.831176147460937500e+02
2.832362365722656250e+02
2.831440734863281250e+02
2.830820617675781250e+02
2.832624206542968750e+02
2.833035583496093750e+02
2.834092102050781250e+02
2.831329345703125000e+02
2.831988525390625000e+02
2.832251281738281250e+02
2.831877136230468750e+02
2.836519165039062500e+02
2.832513122558593750e+02
2.833944396972656250e+02
2.832885742187500000e+02
2.833146667480468750e+02
2.832734985351562500e+02
2.834974365234375000e+02
2.833295898437500000e+02
2.832310180664062500e+02
2.833870544433593750e+02
2.838180541992187500e+02
