2.893600386902478476e+02
2.892578837444343662e+02
2.892922123606697937e+02
2.886047009012478952e+02
2.871986237090357577e+02
2.885762210009410751e+02
2.881624326682720607e+02
2.894762008116700827e+02
2.895832629103866793e+02
2.891034401162463610e+02
2.892128803921632993e+02
2.888599206989151753e+02
2.896034000253648060e+02
2.900015305832703802e+02
2.892188888616892655e+02
2.892975854413311367e+02
2.896343521345866634e+02
2.893515992627467313e+02
2.893515992627467313e+02
2.899595187785438952e+02
2.895576604196979247e+02
2.893068157238940330e+02
2.897062169077544809e+02
2.896034000253648060e+02
2.896343521345866634e+02
2.890317325688606047e+02
2.892389482509025243e+02
2.894530063459822600e+02
2.898319599489904590e+02
2.894021807903724834e+02
2.893515992627467313e+02
2.894021807903724834e+02
2.892609256997976672e+02
2.891745498343841518e+02
2.899619740880363565e+02
2.897062169077544809e+02
2.895576604196979247e+02
2.896343521345866634e+02
2.895805636722245140e+02
2.897723860368330975e+02
2.894530063459822600e+02
2.896617956442480022e+02
2.897412348550536763e+02
2.898840205947738582e+02
2.896343521345866634e+02
2.887573621055126409e+02
2.895886505636262314e+02
2.897412348550536763e+02
2.893468725253791831e+02
2.899595187785438952e+02
2.896034000253648060e+02
2.893737097912379568e+02
2.897412348550536763e+02
2.893575910949954277e+02
2.893787248872600344e+02
2.893516068735783051e+02
2.893453309781820053e+02
2.869408019068266640e+02
2.893184058137526904e+02
2.886401554011642361e+02
2.896331842206767533e+02
2.896331842206767533e+02
2.892918153304127031e+02
2.896740813027008130e+02
2.898623065259184273e+02
2.893414237152336455e+02
2.893662079964728377e+02
2.893662079964728377e+02
2.893414237152336455e+02
2.893781871277279265e+02
2.894855383185597475e+02
2.895886505636262314e+02
2.894138032831879741e+02
2.892572765313579453e+02
2.900387756528004388e+02
2.896331842206767533e+02
2.899144365966577084e+02
2.900237500772047383e+02
2.897168192339855182e+02
2.898096029813084442e+02
2.885310654881682240e+02
2.897412348550536763e+02
2.897412348550536763e+02
2.896762438619301747e+02
2.895432754742686825e+02
2.893414237152336455e+02
2.892922123606697937e+02
2.894950962654132240e+02
2.900458241992342892e+02
2.893516068735783051e+02
2.893662079964728377e+02
2.898270062365472199e+02
2.897850585124846816e+02
2.897535964546956393e+02
2.898256665879158049e+02
2.893787248872600344e+02
2.892635787164099952e+02
2.893935885062474540e+02
2.892635787164099952e+02
2.893468725253791831e+02
2.894519970719051116e+02
2.892635787164099952e+02
2.894519970719051116e+02
2.894855383185597475e+02
2.892563578124098171e+02
2.892586942417628961e+02
2.893935885062474540e+02
2.892467701768773054e+02
2.892747677486640328e+02
2.893159756913257752e+02
2.892747677486640328e+02
2.894519970719051116e+02
2.892563578124098171e+02
2.892572765313579453e+02
2.892578837444343662e+02
2.894519970719051116e+02
2.894350450358161879e+02
2.893279779729704160e+02
2.893453309781820053e+02
2.892586942417628961e+02
2.893935796432563166e+02
2.894866977142360724e+02
2.892586942417628961e+02
2.892635787164099952e+02
2.893159756913257752e+02
2.894705447912828618e+02
2.894950962654132240e+02
2.892586210393365604e+02
2.893575910949954277e+02
2.898096029813084442e+02
2.894519970719051116e+02
2.894855383185597475e+02
2.894118401872575532e+02
2.894504227192435906e+02
2.894705447912828618e+02
2.892563578124098171e+02
2.892783757040361365e+02
2.893153318111235421e+02
2.894401405610855136e+02
2.893279779729704160e+02
2.893279779729704160e+02
2.896519831588628904e+02
2.897236164348834677e+02
2.873158215242337974e+02
2.885762210009410751e+02
2.892635787164099952e+02
2.892578837444343662e+02
2.893781871277279265e+02
2.894617131400592029e+02
2.893787248872600344e+02
2.894724333234134406e+02
2.896448348862654711e+02
2.896448348862654711e+02
2.896948109565759069e+02
2.897113703983412165e+02
2.895807791692191699e+02
2.892130403654765587e+02
2.893184058137526904e+02
2.894475021372915648e+02
2.893414237152336455e+02
2.892922123606697937e+02
2.893935885062474540e+02
2.896762438619301747e+02
2.894118401872575532e+02
2.897815564382695470e+02
2.896762438619301747e+02
2.893935885062474540e+02
2.896762438619301747e+02
2.894118401872575532e+02
2.893414237152336455e+02
2.892635787164099952e+02
2.893328385462588699e+02
2.895886505636262314e+02
2.890948885575014060e+02
2.894762008116700827e+02
2.894475021372915648e+02
2.890948885575014060e+02
2.894959294384576651e+02
2.894959294384576651e+02
2.893516068735783051e+02
2.893184058137526904e+02
2.887673470342367068e+02
2.894138032831879741e+02
2.894877835286098957e+02
2.893010472435586280e+02
2.895353002775159439e+02
2.896818815669990954e+02
2.894877835286098957e+02
2.896818815669990954e+02
2.897236164348834677e+02
2.892783757040361365e+02
2.893650534489954680e+02
2.895739940193493567e+02
2.893787248872600344e+02
2.889727259037898648e+02
2.893662079964728377e+02
2.893787248872600344e+02
2.882959308131201510e+02
2.894877835286098957e+02
2.879815140016280566e+02
2.894138032831879741e+02
2.894138032831879741e+02
2.893414237152336455e+02
2.892389482509025243e+02
2.893184058137526904e+02
2.892747677486640328e+02
2.894617131400592029e+02
2.896272224224151728e+02
2.893662079964728377e+02
2.895886505636262314e+02
2.896331842206767533e+02
2.892609256997976672e+02
2.893328385462588699e+02
2.894959294384576651e+02
2.893184058137526904e+02
2.893662079964728377e+02
2.898840205947738582e+02
2.895576604196979247e+02
2.897412348550536763e+02
2.893516068735783051e+02
2.893575910949954277e+02
2.893159756913257752e+02
2.893328385462588699e+02
2.895886505636262314e+02
2.894021807903724834e+02
2.897062169077544809e+02
2.897412348550536763e+02
2.893737097912379568e+02
2.889411330684678205e+02
2.895296193450892588e+02
2.892188888616892655e+02
2.893328385462588699e+02
2.883100925347142720e+02
2.889389306967517541e+02
2.893328385462588699e+02
2.893515992627467313e+02
2.891034401162463610e+02
2.890249783057736863e+02
2.893515992627467313e+02
2.893184058137526904e+02
2.894504385465855307e+02
2.890249783057736863e+02
2.889389306967517541e+02
2.890411920323143136e+02
2.897723860368330975e+02
2.895432754742686825e+02
2.891206272735325342e+02
2.894530063459822600e+02
2.892975854413311367e+02
2.892918153304127031e+02
2.893414237152336455e+02
2.888455363187797502e+02
2.887005555757591537e+02
2.893068157238940330e+02
2.889603993343140473e+02
2.895576604196979247e+02
2.893068157238940330e+02
2.892661655860182464e+02
2.897062169077544809e+02
2.895576604196979247e+02
2.898840205947738582e+02
2.898840205947738582e+02
2.882360760976226857e+02
2.894769757638090368e+02
2.891745498343841518e+02
2.893575910949954277e+02
2.896740813027008130e+02
2.894504385465855307e+02
2.893515992627467313e+02
2.893414237152336455e+02
2.891745498343841518e+02
2.899144365966577084e+02
2.894504385465855307e+02
2.893468725253791831e+02
2.888455363187797502e+02
2.888599206989151753e+02
2.892918153304127031e+02
2.894530063459822600e+02
2.895296193450892588e+02
2.896740813027008130e+02
2.898042455371098072e+02
2.895432754742686825e+02
2.895296193450892588e+02
2.897412348550536763e+02
2.884202883559957513e+02
2.897062169077544809e+02
2.894530063459822600e+02
2.898840205947738582e+02
2.895805636722245140e+02
2.898042455371098072e+02
2.898840205947738582e+02
2.896762438619301747e+02
2.894530063459822600e+02
2.895886505636262314e+02
2.897850585124846816e+02
2.899144365966577084e+02
2.898840205947738582e+02
2.897168192339855182e+02
2.893600386902478476e+02
2.894401405610855136e+02
2.895677910873283167e+02
2.895557132180236977e+02
2.894782682035656194e+02
2.893600386902478476e+02
2.893159756913257752e+02
2.895832629103866793e+02
2.894118401872575532e+02
2.894118401872575532e+02
2.893781871277279265e+02
2.893328385462588699e+02
2.897850585124846816e+02
2.900189591343363418e+02
2.893662079964728377e+02
2.897168192339855182e+02
2.900405652174223974e+02
2.898096029813084442e+02
2.898256665879158049e+02
2.897535964546956393e+02
2.897535964546956393e+02
2.893662079964728377e+02
2.894950962654132240e+02
2.898318461493631730e+02
2.896331842206767533e+02
2.894705447912828618e+02
2.894519970719051116e+02
2.892635787164099952e+02
2.893279779729704160e+02
2.861566273051326448e+02
2.892609256997976672e+02
2.894475021372915648e+02
2.894519970719051116e+02
2.897168192339855182e+02
2.900405652174223974e+02
2.893515992627467313e+02
2.894118401872575532e+02
2.893453309781820053e+02
2.893328385462588699e+02
2.893781871277279265e+02
2.894705447912828618e+02
2.893781871277279265e+02
2.891745498343841518e+02
2.893328385462588699e+02
2.893414237152336455e+02
2.895026170762609468e+02
2.893414237152336455e+02
2.890948885575014060e+02
2.893787248872600344e+02
2.881009776228806913e+02
2.893575910949954277e+02
2.885930076166018239e+02
2.894923632845261068e+02
2.891745498343841518e+02
2.896331842206767533e+02
2.893575910949954277e+02
2.895832629103866793e+02
2.892747677486640328e+02
2.893515992627467313e+02
2.897168192339855182e+02
2.893468725253791831e+02
2.893787248872600344e+02
2.893600386902478476e+02
2.894401405610855136e+02
2.894138032831879741e+02
2.883728212840036349e+02
2.893159756913257752e+02
2.893781871277279265e+02
2.900237500772047383e+02
2.894118401872575532e+02
2.894617131400592029e+02
2.893159756913257752e+02
2.897850585124846816e+02
2.890249783057736863e+02
2.893935885062474540e+02
2.897168192339855182e+02
2.881009776228806913e+02
2.894504385465855307e+02
2.894959294384576651e+02
2.894138032831879741e+02
2.893453309781820053e+02
2.894118401872575532e+02
2.892747677486640328e+02
2.892747677486640328e+02
2.892563578124098171e+02
2.894021807903724834e+02
2.893184058137526904e+02
2.892975854413311367e+02
2.893516068735783051e+02
2.897535964546956393e+02
2.894504385465855307e+02
2.893328385462588699e+02
2.880510664424481888e+02
2.893468725253791831e+02
2.899144365966577084e+02
2.891034401162463610e+02
2.892389482509025243e+02
2.891148511398754977e+02
2.897086760121970883e+02
2.896343521345866634e+02
2.890411920323143136e+02
2.893931008690402678e+02
2.892975854413311367e+02
2.894530063459822600e+02
2.895296193450892588e+02
2.897062169077544809e+02
2.883567176869606214e+02
2.892074068411156986e+02
2.894530063459822600e+02
2.891206272735325342e+02
2.892074068411156986e+02
2.896343521345866634e+02
2.890249783057736863e+02
2.898319599489904590e+02
2.890249783057736863e+02
2.894530063459822600e+02
2.893068157238940330e+02
2.892188888616892655e+02
2.891913755768105148e+02
2.892188888616892655e+02
2.894704692841473275e+02
2.892661655860182464e+02
2.890631437793486498e+02
2.891148511398754977e+02
2.892661655860182464e+02
2.890631437793486498e+02
2.893382529377788615e+02
2.896251665310662133e+02
2.891124204909686455e+02
2.896251665310662133e+02
2.888524132081948892e+02
2.892661655860182464e+02
2.891576092700660752e+02
2.894704692841473275e+02
2.896251665310662133e+02
2.896740813027008130e+02
2.898319599489904590e+02
2.893068157238940330e+02
2.894972734633278719e+02
2.895432754742686825e+02
2.898840205947738582e+02
2.894530063459822600e+02
2.897062169077544809e+02
2.900405652174223974e+02
2.899963575664787641e+02
2.897412348550536763e+02
2.898042455371098072e+02
2.891300886370832472e+02
2.897723860368330975e+02
2.899995403086526267e+02
2.892356641483532371e+02
2.892636081133300081e+02
2.899861710420101986e+02
2.897168192339855182e+02
2.885761430669655283e+02
2.900015305832703802e+02
2.897850585124846816e+02
2.893781871277279265e+02
2.894975301267724035e+02
2.892578837444343662e+02
2.897535964546956393e+02
2.897850585124846816e+02
2.897850585124846816e+02
2.894950962654132240e+02
2.900458241992342892e+02
2.899619740880363565e+02
2.900458241992342892e+02
2.895432754742686825e+02
2.900387756528004388e+02
2.900015305832703802e+02
2.894855383185597475e+02
2.892747677486640328e+02
2.898256665879158049e+02
2.898096029813084442e+02
2.895296193450892588e+02
2.899701626606017157e+02
2.899619740880363565e+02
2.900189591343363418e+02
2.898042455371098072e+02
2.894318236210398823e+02
2.889411330684678205e+02
2.893159756913257752e+02
2.894705447912828618e+02
2.892635787164099952e+02
2.892586942417628961e+02
2.893279779729704160e+02
2.892578837444343662e+02
2.892563578124098171e+02
2.892563578124098171e+02
2.892635787164099952e+02
2.893159756913257752e+02
2.894318236210398823e+02
2.894866977142360724e+02
2.893414237152336455e+02
2.894975301267724035e+02
2.897850585124846816e+02
2.894519970719051116e+02
2.894519970719051116e+02
2.897850585124846816e+02
2.894118401872575532e+02
2.892586942417628961e+02
2.892578837444343662e+02
2.898096029813084442e+02
2.894519970719051116e+02
2.879218675758721702e+02
2.892918153304127031e+02
2.895432754742686825e+02
2.893662079964728377e+02
2.893787248872600344e+02
2.894877835286098957e+02
2.882028650148388920e+02
2.882575281932674898e+02
2.896740813027008130e+02
2.899595187785438952e+02
2.891745498343841518e+02
2.883288006414472875e+02
2.895886505636262314e+02
2.893414237152336455e+02
2.892609256997976672e+02
2.893468725253791831e+02
2.893515992627467313e+02
2.892389482509025243e+02
2.888455363187797502e+02
2.881935095517729337e+02
2.899144365966577084e+02
2.895432754742686825e+02
2.893575910949954277e+02
2.893575910949954277e+02
2.894138032831879741e+02
2.892578837444343662e+02
2.891494080401444080e+02
2.890249783057736863e+02
2.894617131400592029e+02
2.880066569967864893e+02
2.894972734633278719e+02
2.894972734633278719e+02
2.893328385462588699e+02
2.891034401162463610e+02
2.888599206989151753e+02
2.899144365966577084e+02
2.893662079964728377e+02
2.899595187785438952e+02
2.886230956930577349e+02
2.891745498343841518e+02
2.897535964546956393e+02
2.893781871277279265e+02
2.893184058137526904e+02
2.896331842206767533e+02
2.895432754742686825e+02
2.891034401162463610e+02
2.893516068735783051e+02
2.897412348550536763e+02
2.892975854413311367e+02
2.899144365966577084e+02
2.897412348550536763e+02
2.889411330684678205e+02
2.891300886370832472e+02
2.891148511398754977e+02
2.891979530628938733e+02
2.889555802780625413e+02
2.887277198189743785e+02
2.895287257753589643e+02
2.893382529377788615e+02
2.890411920323143136e+02
2.886059765404454538e+02
2.892661655860182464e+02
2.896251665310662133e+02
2.887842623172939511e+02
2.892661655860182464e+02
2.897062169077544809e+02
2.894704692841473275e+02
2.892661655860182464e+02
2.896343521345866634e+02
2.895576604196979247e+02
2.893931008690402678e+02
2.891148511398754977e+02
2.892984702498446268e+02
2.891979530628938733e+02
2.897723860368330975e+02
2.888691416754306260e+02
2.893382529377788615e+02
