2.871678161621093750e+02
2.872149353027343750e+02
2.871575927734375000e+02
2.868223266601562500e+02
2.866958618164062500e+02
2.868310852050781250e+02
2.867925109863281250e+02
2.870426940917968750e+02
2.870721740722656250e+02
2.869833679199218750e+02
2.869746704101562500e+02
2.868977050781250000e+02
2.871073303222656250e+02
2.872882690429687500e+02
2.870198974609375000e+02
2.870410461425781250e+02
2.871159667968750000e+02
2.870602111816406250e+02
2.870602111816406250e+02
2.872222290039062500e+02
2.870967712402343750e+02
2.870391540527343750e+02
2.871351928710937500e+02
2.871073303222656250e+02
2.871159667968750000e+02
2.869728088378906250e+02
2.870218200683593750e+02
2.870689392089843750e+02
2.871734924316406250e+02
2.870794067382812500e+02
2.870602416992187500e+02
2.870794067382812500e+02
2.869938964843750000e+02
2.870025939941406250e+02
2.872308959960937500e+02
2.871351928710937500e+02
2.870967712402343750e+02
2.871159667968750000e+02
2.871629028320312500e+02
2.871542968750000000e+02
2.870689392089843750e+02
2.872012634277343750e+02
2.871456298828125000e+02
2.871926269531250000e+02
2.871159667968750000e+02
2.869150390625000000e+02
2.871560974121093750e+02
2.871456298828125000e+02
2.870898437500000000e+02
2.872222290039062500e+02
2.871073303222656250e+02
2.870497436523437500e+02
2.871456298828125000e+02
2.871281738281250000e+02
2.871001892089843750e+02
2.871090087890625000e+02
2.871193237304687500e+02
2.866571044921875000e+02
2.870323181152343750e+02
2.868870849609375000e+02
2.871752624511718750e+02
2.871752624511718750e+02
2.870305175781250000e+02
2.871265258789062500e+02
2.871839904785156250e+02
2.870706481933593750e+02
2.871473083496093750e+02
2.871473083496093750e+02
2.870706481933593750e+02
2.871664123535156250e+02
2.872810363769531250e+02
2.871560974121093750e+02
2.870810241699218750e+02
2.872530517578125000e+02
2.873177185058593750e+02
2.871752624511718750e+02
2.872031250000000000e+02
2.872604675292968750e+02
2.872134704589843750e+02
2.872707824707031250e+02
2.868678283691406250e+02
2.871456298828125000e+02
2.871456298828125000e+02
2.871943969726562500e+02
2.871369628906250000e+02
2.870706481933593750e+02
2.871575927734375000e+02
2.873001403808593750e+02
2.872986755371093750e+02
2.871090087890625000e+02
2.871473083496093750e+02
2.873280029296875000e+02
2.872516784667968750e+02
2.872326049804687500e+02
2.872898864746093750e+02
2.871001892089843750e+02
2.871958007812500000e+02
2.871855773925781250e+02
2.871958007812500000e+02
2.870898437500000000e+02
2.872428894042968750e+02
2.871958007812500000e+02
2.872428894042968750e+02
2.872810363769531250e+02
2.872339782714843750e+02
2.872721862792968750e+02
2.871855773925781250e+02
2.873293457031250000e+02
2.871767272949218750e+02
2.871384582519531250e+02
2.871767272949218750e+02
2.872428894042968750e+02
2.872339782714843750e+02
2.872530517578125000e+02
2.872149353027343750e+02
2.872428894042968750e+02
2.871779174804687500e+02
2.871869201660156250e+02
2.871193237304687500e+02
2.872721862792968750e+02
2.871970214843750000e+02
2.871104736328125000e+02
2.872721862792968750e+02
2.871958007812500000e+02
2.871384582519531250e+02
2.872619628906250000e+02
2.873001403808593750e+02
2.872911987304687500e+02
2.871281738281250000e+02
2.872707824707031250e+02
2.872428894042968750e+02
2.872810363769531250e+02
2.872046813964843750e+02
2.873762817382812500e+02
2.872619628906250000e+02
2.872339782714843750e+02
2.872250976562500000e+02
2.872351379394531250e+02
2.871295776367187500e+02
2.871869201660156250e+02
2.871869201660156250e+02
2.870823669433593750e+02
2.870249023437500000e+02
2.866658020019531250e+02
2.868310852050781250e+02
2.871958007812500000e+02
2.872149353027343750e+02
2.871664123535156250e+02
2.869658813476562500e+02
2.871001892089843750e+02
2.869289550781250000e+02
2.869570312500000000e+02
2.869570312500000000e+02
2.869954223632812500e+02
2.870440673828125000e+02
2.869378356933593750e+02
2.868801269531250000e+02
2.870323181152343750e+02
2.870618591308593750e+02
2.870706481933593750e+02
2.871575927734375000e+02
2.871855773925781250e+02
2.871943969726562500e+02
2.872046813964843750e+02
2.873661193847656250e+02
2.871943969726562500e+02
2.871855773925781250e+02
2.871943969726562500e+02
2.872046813964843750e+02
2.870706481933593750e+02
2.871958007812500000e+02
2.870514831542968750e+02
2.871560974121093750e+02
2.868889465332031250e+02
2.870426940917968750e+02
2.870618591308593750e+02
2.868889465332031250e+02
2.870235290527343750e+02
2.870235290527343750e+02
2.871090087890625000e+02
2.870323181152343750e+02
2.868503723144531250e+02
2.870810241699218750e+02
2.869186096191406250e+02
2.872059936523437500e+02
2.870913085937500000e+02
2.869762268066406250e+02
2.869186096191406250e+02
2.869762268066406250e+02
2.870249023437500000e+02
2.872250976562500000e+02
2.868993530273437500e+02
2.869481506347656250e+02
2.871001892089843750e+02
2.869169311523437500e+02
2.871473083496093750e+02
2.871001892089843750e+02
2.868134765625000000e+02
2.869186096191406250e+02
2.867819213867187500e+02
2.870810241699218750e+02
2.870810241699218750e+02
2.870706481933593750e+02
2.870218200683593750e+02
2.870323181152343750e+02
2.871767272949218750e+02
2.869658813476562500e+02
2.870530090332031250e+02
2.871473083496093750e+02
2.871560974121093750e+02
2.871752624511718750e+02
2.869938964843750000e+02
2.870514831542968750e+02
2.870235290527343750e+02
2.870323181152343750e+02
2.871473083496093750e+02
2.871926269531250000e+02
2.870967712402343750e+02
2.871456298828125000e+02
2.871090087890625000e+02
2.871281738281250000e+02
2.871384582519531250e+02
2.870514831542968750e+02
2.871560974121093750e+02
2.870794067382812500e+02
2.871351928710937500e+02
2.871456298828125000e+02
2.870497436523437500e+02
2.869535522460937500e+02
2.870881347656250000e+02
2.870198974609375000e+02
2.870514831542968750e+02
2.868292236328125000e+02
2.869449157714843750e+02
2.870514831542968750e+02
2.870602111816406250e+02
2.869833679199218750e+02
2.869641418457031250e+02
2.870602111816406250e+02
2.870323181152343750e+02
2.870986022949218750e+02
2.869641418457031250e+02
2.869449157714843750e+02
2.869813842773437500e+02
2.871542968750000000e+02
2.871369628906250000e+02
2.869920654296875000e+02
2.870689392089843750e+02
2.870410461425781250e+02
2.870305175781250000e+02
2.870706481933593750e+02
2.869256286621093750e+02
2.869042968750000000e+02
2.870391540527343750e+02
2.869899597167968750e+02
2.870967712402343750e+02
2.870391540527343750e+02
2.870669555664062500e+02
2.871351928710937500e+02
2.870967712402343750e+02
2.871926269531250000e+02
2.871926269531250000e+02
2.867496643066406250e+02
2.870775756835937500e+02
2.870025939941406250e+02
2.871281738281250000e+02
2.871264953613281250e+02
2.870986022949218750e+02
2.870602111816406250e+02
2.870706481933593750e+02
2.870025939941406250e+02
2.872031250000000000e+02
2.870986022949218750e+02
2.870898437500000000e+02
2.869256286621093750e+02
2.868977050781250000e+02
2.870305175781250000e+02
2.870689392089843750e+02
2.870881347656250000e+02
2.871264953613281250e+02
2.871648254394531250e+02
2.871369628906250000e+02
2.870881347656250000e+02
2.871456298828125000e+02
2.868485107421875000e+02
2.871351928710937500e+02
2.870689392089843750e+02
2.871926574707031250e+02
2.871629028320312500e+02
2.871648254394531250e+02
2.871926269531250000e+02
2.871943969726562500e+02
2.870689392089843750e+02
2.871560974121093750e+02
2.872516784667968750e+02
2.872031250000000000e+02
2.871926269531250000e+02
2.872134704589843750e+02
2.871678161621093750e+02
2.871295776367187500e+02
2.871206359863281250e+02
2.869776000976562500e+02
2.871588439941406250e+02
2.871678161621093750e+02
2.871384582519531250e+02
2.870721740722656250e+02
2.872046813964843750e+02
2.872046813964843750e+02
2.871664123535156250e+02
2.870514831542968750e+02
2.872516784667968750e+02
2.873368225097656250e+02
2.871473083496093750e+02
2.872134704589843750e+02
2.872795410156250000e+02
2.872707824707031250e+02
2.872898864746093750e+02
2.872326049804687500e+02
2.872325744628906250e+02
2.871473083496093750e+02
2.873001403808593750e+02
2.873089599609375000e+02
2.871752624511718750e+02
2.872619628906250000e+02
2.872428894042968750e+02
2.871958007812500000e+02
2.871869201660156250e+02
2.866395874023437500e+02
2.869938964843750000e+02
2.870618591308593750e+02
2.872428894042968750e+02
2.872134704589843750e+02
2.872795410156250000e+02
2.870602111816406250e+02
2.872046813964843750e+02
2.871193237304687500e+02
2.870514831542968750e+02
2.871664123535156250e+02
2.872619628906250000e+02
2.871664123535156250e+02
2.870025939941406250e+02
2.870514831542968750e+02
2.870706481933593750e+02
2.870043029785156250e+02
2.870706481933593750e+02
2.868889465332031250e+02
2.871001892089843750e+02
2.867905578613281250e+02
2.871281738281250000e+02
2.868591003417968750e+02
2.869850769042968750e+02
2.870025939941406250e+02
2.871752624511718750e+02
2.871281738281250000e+02
2.870721740722656250e+02
2.871767272949218750e+02
2.870602111816406250e+02
2.872134704589843750e+02
2.870898437500000000e+02
2.871001892089843750e+02
2.871678161621093750e+02
2.871295776367187500e+02
2.870810241699218750e+02
2.868118286132812500e+02
2.871384582519531250e+02
2.871664123535156250e+02
2.872604675292968750e+02
2.872046813964843750e+02
2.869658813476562500e+02
2.871384582519531250e+02
2.872516784667968750e+02
2.869641418457031250e+02
2.871855773925781250e+02
2.872134704589843750e+02
2.867905578613281250e+02
2.870986022949218750e+02
2.870235290527343750e+02
2.870810241699218750e+02
2.871193237304687500e+02
2.872046813964843750e+02
2.871767272949218750e+02
2.871767272949218750e+02
2.872340087890625000e+02
2.870794067382812500e+02
2.870323181152343750e+02
2.870410461425781250e+02
2.871090087890625000e+02
2.872326049804687500e+02
2.870986022949218750e+02
2.870514831542968750e+02
2.867217712402343750e+02
2.870898437500000000e+02
2.872031250000000000e+02
2.869833679199218750e+02
2.870218200683593750e+02
2.870284729003906250e+02
2.872395629882812500e+02
2.871159667968750000e+02
2.869813842773437500e+02
2.870583496093750000e+02
2.870410461425781250e+02
2.870689392089843750e+02
2.870881347656250000e+02
2.871351928710937500e+02
2.867968444824218750e+02
2.870112609863281250e+02
2.870689392089843750e+02
2.869920654296875000e+02
2.870112609863281250e+02
2.871159667968750000e+02
2.869641418457031250e+02
2.871734924316406250e+02
2.869641418457031250e+02
2.870689392089843750e+02
2.870391235351562500e+02
2.870198974609375000e+02
2.870476989746093750e+02
2.870198974609375000e+02
2.871245422363281250e+02
2.870669555664062500e+02
2.870946655273437500e+02
2.870284729003906250e+02
2.870669555664062500e+02
2.870946655273437500e+02
2.870861511230468750e+02
2.871820983886718750e+02
2.871138916015625000e+02
2.871820983886718750e+02
2.871799621582031250e+02
2.870669555664062500e+02
2.871330566406250000e+02
2.871245422363281250e+02
2.871820983886718750e+02
2.871264953613281250e+02
2.871734924316406250e+02
2.870391540527343750e+02
2.871177673339843750e+02
2.871369628906250000e+02
2.871926269531250000e+02
2.870689392089843750e+02
2.871351928710937500e+02
2.872795410156250000e+02
2.872413635253906250e+02
2.871456298828125000e+02
2.871648254394531250e+02
2.870006713867187500e+02
2.871542968750000000e+02
2.872691650390625000e+02
2.873437194824218750e+02
2.873246154785156250e+02
2.872500610351562500e+02
2.872134704589843750e+02
2.868764343261718750e+02
2.872882690429687500e+02
2.872516784667968750e+02
2.871664123535156250e+02
2.873191528320312500e+02
2.872149353027343750e+02
2.872326049804687500e+02
2.872516784667968750e+02
2.872516784667968750e+02
2.873001403808593750e+02
2.872986755371093750e+02
2.872308959960937500e+02
2.872986755371093750e+02
2.871369628906250000e+02
2.873177185058593750e+02
2.872882690429687500e+02
2.872810363769531250e+02
2.871767272949218750e+02
2.872898864746093750e+02
2.872707824707031250e+02
2.870881347656250000e+02
2.873264465332031250e+02
2.872308959960937500e+02
2.873368225097656250e+02
2.871648254394531250e+02
2.872237854003906250e+02
2.869535522460937500e+02
2.871384582519531250e+02
2.872619628906250000e+02
2.871958007812500000e+02
2.872721862792968750e+02
2.871869201660156250e+02
2.872149353027343750e+02
2.872339782714843750e+02
2.872339782714843750e+02
2.871958007812500000e+02
2.871384582519531250e+02
2.872237854003906250e+02
2.871104736328125000e+02
2.870706481933593750e+02
2.873191528320312500e+02
2.872516784667968750e+02
2.872428894042968750e+02
2.872428894042968750e+02
2.872516784667968750e+02
2.872046813964843750e+02
2.872721862792968750e+02
2.872149353027343750e+02
2.872707824707031250e+02
2.872428894042968750e+02
2.867518920898437500e+02
2.870305175781250000e+02
2.871369628906250000e+02
2.871473083496093750e+02
2.871001892089843750e+02
2.869186096191406250e+02
2.868099060058593750e+02
2.867991943359375000e+02
2.871265258789062500e+02
2.872222290039062500e+02
2.870025939941406250e+02
2.868185119628906250e+02
2.871560974121093750e+02
2.870706481933593750e+02
2.869938964843750000e+02
2.870898437500000000e+02
2.870602111816406250e+02
2.870218200683593750e+02
2.869256286621093750e+02
2.867798156738281250e+02
2.872031250000000000e+02
2.871369628906250000e+02
2.871281738281250000e+02
2.871281738281250000e+02
2.870810241699218750e+02
2.872149353027343750e+02
2.869554138183593750e+02
2.869641418457031250e+02
2.869658813476562500e+02
2.867712707519531250e+02
2.871177673339843750e+02
2.871177673339843750e+02
2.870514831542968750e+02
2.869833679199218750e+02
2.868977050781250000e+02
2.872031250000000000e+02
2.871473083496093750e+02
2.872222290039062500e+02
2.868850097656250000e+02
2.870025939941406250e+02
2.872325744628906250e+02
2.871664123535156250e+02
2.870323181152343750e+02
2.871752624511718750e+02
2.871369628906250000e+02
2.869833679199218750e+02
2.871090087890625000e+02
2.871456298828125000e+02
2.870410461425781250e+02
2.872031250000000000e+02
2.871456298828125000e+02
2.869535522460937500e+02
2.870006713867187500e+02
2.870284729003906250e+02
2.871522827148437500e+02
2.870562133789062500e+02
2.869791564941406250e+02
2.871437377929687500e+02
2.870861511230468750e+02
2.869813842773437500e+02
2.868935241699218750e+02
2.870669555664062500e+02
2.871820983886718750e+02
2.869984436035156250e+02
2.870669555664062500e+02
2.871351928710937500e+02
2.871245422363281250e+02
2.870669555664062500e+02
2.871159667968750000e+02
2.870967712402343750e+02
2.870583496093750000e+02
2.870284729003906250e+02
2.872289733886718750e+02
2.871522827148437500e+02
2.871542968750000000e+02
2.871991577148437500e+02
2.870861511230468750e+02
