2.887621459960937500e+02
2.887709960937500000e+02
2.887572937011718750e+02
2.886794738769531250e+02
2.886466979980468750e+02
2.886791381835937500e+02
2.886698913574218750e+02
2.887298278808593750e+02
2.887392578125000000e+02
2.887108459472656250e+02
2.887111511230468750e+02
2.886926879882812500e+02
2.887380981445312500e+02
2.887790832519531250e+02
2.887148437500000000e+02
2.887246398925781250e+02
2.887378234863281250e+02
2.887292175292968750e+02
2.887292175292968750e+02
2.887656250000000000e+02
2.887332458496093750e+02
2.887194213867187500e+02
2.887424316406250000e+02
2.887380981445312500e+02
2.887378234863281250e+02
2.887059020996093750e+02
2.887200317382812500e+02
2.887289733886718750e+02
2.887515869140625000e+02
2.887338562011718750e+02
2.887292175292968750e+02
2.887338562011718750e+02
2.887157287597656250e+02
2.887154235839843750e+02
2.887653503417968750e+02
2.887424316406250000e+02
2.887332458496093750e+02
2.887378234863281250e+02
2.887467041015625000e+02
2.887470092773437500e+02
2.887289733886718750e+02
2.887558898925781250e+02
2.887473449707031250e+02
2.887561645507812500e+02
2.887378234863281250e+02
2.886920776367187500e+02
2.887521667480468750e+02
2.887473449707031250e+02
2.887387390136718750e+02
2.887656250000000000e+02
2.887380981445312500e+02
2.887243652343750000e+02
2.887473449707031250e+02
2.887478637695312500e+02
2.887435913085937500e+02
2.887433166503906250e+02
2.887481079101562500e+02
2.886374206542968750e+02
2.887249450683593750e+02
2.886877746582031250e+02
2.887567443847656250e+02
2.887567443847656250e+02
2.887197265625000000e+02
2.887427368164062500e+02
2.887564697265625000e+02
2.887341308593750000e+02
2.887524719238281250e+02
2.887524719238281250e+02
2.887341308593750000e+02
2.887570495605468750e+02
2.887843933105468750e+02
2.887521667480468750e+02
2.887389831542968750e+02
2.887801208496093750e+02
2.887884216308593750e+02
2.887567443847656250e+02
2.887610473632812500e+02
2.887747497558593750e+02
2.887659301757812500e+02
2.887796020507812500e+02
2.886831359863281250e+02
2.887473449707031250e+02
2.887473449707031250e+02
2.887613525390625000e+02
2.887476196289062500e+02
2.887341308593750000e+02
2.887572937011718750e+02
2.887889709472656250e+02
2.887838745117187500e+02
2.887433166503906250e+02
2.887524719238281250e+02
2.887932128906250000e+02
2.887750549316406250e+02
2.887704772949218750e+02
2.887841491699218750e+02
2.887435607910156250e+02
2.887664489746093750e+02
2.887615661621093750e+02
2.887664489746093750e+02
2.887387390136718750e+02
2.887752990722656250e+02
2.887664489746093750e+02
2.887752990722656250e+02
2.887843933105468750e+02
2.887755737304687500e+02
2.887846069335937500e+02
2.887615661621093750e+02
2.887982482910156250e+02
2.887618713378906250e+02
2.887527160644531250e+02
2.887618713378906250e+02
2.887752990722656250e+02
2.887755737304687500e+02
2.887801208496093750e+02
2.887709960937500000e+02
2.887752990722656250e+02
2.887669677734375000e+02
2.887667236328125000e+02
2.887481079101562500e+02
2.887846069335937500e+02
2.887714843750000000e+02
2.887484436035156250e+02
2.887846069335937500e+02
2.887664489746093750e+02
2.887527160644531250e+02
2.887798461914062500e+02
2.887889709472656250e+02
2.887891540527343750e+02
2.887478637695312500e+02
2.887796020507812500e+02
2.887752990722656250e+02
2.887843933105468750e+02
2.887662048339843750e+02
2.888070373535156250e+02
2.887798461914062500e+02
2.887755737304687500e+02
2.887758178710937500e+02
2.887806091308593750e+02
2.887529907226562500e+02
2.887667236328125000e+02
2.887667236328125000e+02
2.887440795898437500e+02
2.887303771972656250e+02
2.886370849609375000e+02
2.886791381835937500e+02
2.887664489746093750e+02
2.887709960937500000e+02
2.887570495605468750e+02
2.887114257812500000e+02
2.887435913085937500e+02
2.887073974609375000e+02
2.887117309570312500e+02
2.887117309570312500e+02
2.887208862304687500e+02
2.887349853515625000e+02
2.887071228027343750e+02
2.886932983398437500e+02
2.887249450683593750e+02
2.887344055175781250e+02
2.887341308593750000e+02
2.887572937011718750e+02
2.887615661621093750e+02
2.887613525390625000e+02
2.887662048339843750e+02
2.888022766113281250e+02
2.887613525390625000e+02
2.887615661621093750e+02
2.887613525390625000e+02
2.887662048339843750e+02
2.887341308593750000e+02
2.887664489746093750e+02
2.887294921875000000e+02
2.887521667480468750e+02
2.886930236816406250e+02
2.887298278808593750e+02
2.887344055175781250e+02
2.886930236816406250e+02
2.887252197265625000e+02
2.887252197265625000e+02
2.887433166503906250e+02
2.887249450683593750e+02
2.886837463378906250e+02
2.887389831542968750e+02
2.887025146484375000e+02
2.887712707519531250e+02
2.887438659667968750e+02
2.887163085937500000e+02
2.887025146484375000e+02
2.887163085937500000e+02
2.887303771972656250e+02
2.887758178710937500e+02
2.886979064941406250e+02
2.887120056152343750e+02
2.887435913085937500e+02
2.886972961425781250e+02
2.887524719238281250e+02
2.887435913085937500e+02
2.886797485351562500e+02
2.887025146484375000e+02
2.886649475097656250e+02
2.887389831542968750e+02
2.887389831542968750e+02
2.887341308593750000e+02
2.887200317382812500e+02
2.887249450683593750e+02
2.887618713378906250e+02
2.887114257812500000e+02
2.887346801757812500e+02
2.887524719238281250e+02
2.887521667480468750e+02
2.887567443847656250e+02
2.887157287597656250e+02
2.887294921875000000e+02
2.887252197265625000e+02
2.887249450683593750e+02
2.887524719238281250e+02
2.887561645507812500e+02
2.887332458496093750e+02
2.887473449707031250e+02
2.887433166503906250e+02
2.887478637695312500e+02
2.887527160644531250e+02
2.887295227050781250e+02
2.887521667480468750e+02
2.887338562011718750e+02
2.887424316406250000e+02
2.887473449707031250e+02
2.887243652343750000e+02
2.887012939453125000e+02
2.887335205078125000e+02
2.887148437500000000e+02
2.887294921875000000e+02
2.886738586425781250e+02
2.887015991210937500e+02
2.887294921875000000e+02
2.887292175292968750e+02
2.887108459472656250e+02
2.887062072753906250e+02
2.887292175292968750e+02
2.887249450683593750e+02
2.887384338378906250e+02
2.887062072753906250e+02
2.887015991210937500e+02
2.887055969238281250e+02
2.887470092773437500e+02
2.887476196289062500e+02
2.887105407714843750e+02
2.887289733886718750e+02
2.887246398925781250e+02
2.887197265625000000e+02
2.887341308593750000e+02
2.886969604492187500e+02
2.886871032714843750e+02
2.887194213867187500e+02
2.887052612304687500e+02
2.887332458496093750e+02
2.887194213867187500e+02
2.887236938476562500e+02
2.887424316406250000e+02
2.887332458496093750e+02
2.887561645507812500e+02
2.887561645507812500e+02
2.886499938964843750e+02
2.887286376953125000e+02
2.887154235839843750e+02
2.887478637695312500e+02
2.887427368164062500e+02
2.887384338378906250e+02
2.887292175292968750e+02
2.887341308593750000e+02
2.887154235839843750e+02
2.887610473632812500e+02
2.887384338378906250e+02
2.887387390136718750e+02
2.886969604492187500e+02
2.886926879882812500e+02
2.887197265625000000e+02
2.887289733886718750e+02
2.887335205078125000e+02
2.887427368164062500e+02
2.887519226074218750e+02
2.887476196289062500e+02
2.887335205078125000e+02
2.887473449707031250e+02
2.886785278320312500e+02
2.887424316406250000e+02
2.887289733886718750e+02
2.887561645507812500e+02
2.887467041015625000e+02
2.887519226074218750e+02
2.887561645507812500e+02
2.887613525390625000e+02
2.887289733886718750e+02
2.887521667480468750e+02
2.887750549316406250e+02
2.887610473632812500e+02
2.887561645507812500e+02
2.887659301757812500e+02
2.887621459960937500e+02
2.887529907226562500e+02
2.887532958984375000e+02
2.887214660644531250e+02
2.887623901367187500e+02
2.887621459960937500e+02
2.887527160644531250e+02
2.887392578125000000e+02
2.887662048339843750e+02
2.887662048339843750e+02
2.887570495605468750e+02
2.887294921875000000e+02
2.887750549316406250e+02
2.887929382324218750e+02
2.887524719238281250e+02
2.887659301757812500e+02
2.887793273925781250e+02
2.887796020507812500e+02
2.887841491699218750e+02
2.887704772949218750e+02
2.887704772949218750e+02
2.887524719238281250e+02
2.887889709472656250e+02
2.887886962890625000e+02
2.887567443847656250e+02
2.887798461914062500e+02
2.887752990722656250e+02
2.887664489746093750e+02
2.887667236328125000e+02
2.886380615234375000e+02
2.887157287597656250e+02
2.887344055175781250e+02
2.887752990722656250e+02
2.887659301757812500e+02
2.887793273925781250e+02
2.887292175292968750e+02
2.887662048339843750e+02
2.887481079101562500e+02
2.887294921875000000e+02
2.887570495605468750e+02
2.887798461914062500e+02
2.887570495605468750e+02
2.887154235839843750e+02
2.887294921875000000e+02
2.887341308593750000e+02
2.887206420898437500e+02
2.887341308593750000e+02
2.886930236816406250e+02
2.887435913085937500e+02
2.886646118164062500e+02
2.887478637695312500e+02
2.886834411621093750e+02
2.887160034179687500e+02
2.887154235839843750e+02
2.887567443847656250e+02
2.887478637695312500e+02
2.887392578125000000e+02
2.887618713378906250e+02
2.887292175292968750e+02
2.887659301757812500e+02
2.887387390136718750e+02
2.887435913085937500e+02
2.887621459960937500e+02
2.887529907226562500e+02
2.887389831542968750e+02
2.886745300292968750e+02
2.887527160644531250e+02
2.887570495605468750e+02
2.887747497558593750e+02
2.887662048339843750e+02
2.887114257812500000e+02
2.887527160644531250e+02
2.887750549316406250e+02
2.887062072753906250e+02
2.887615661621093750e+02
2.887659301757812500e+02
2.886646118164062500e+02
2.887384338378906250e+02
2.887252197265625000e+02
2.887389831542968750e+02
2.887481079101562500e+02
2.887662048339843750e+02
2.887618713378906250e+02
2.887618713378906250e+02
2.887755737304687500e+02
2.887338562011718750e+02
2.887249450683593750e+02
2.887246398925781250e+02
2.887433166503906250e+02
2.887704772949218750e+02
2.887384338378906250e+02
2.887294921875000000e+02
2.886456604003906250e+02
2.887387390136718750e+02
2.887610473632812500e+02
2.887108459472656250e+02
2.887200317382812500e+02
2.887145080566406250e+02
2.887650451660156250e+02
2.887378234863281250e+02
2.887055969238281250e+02
2.887240295410156250e+02
2.887246398925781250e+02
2.887289733886718750e+02
2.887335205078125000e+02
2.887424316406250000e+02
2.886589050292968750e+02
2.887151184082031250e+02
2.887289733886718750e+02
2.887105407714843750e+02
2.887151184082031250e+02
2.887378234863281250e+02
2.887062072753906250e+02
2.887515869140625000e+02
2.887062072753906250e+02
2.887289733886718750e+02
2.887194213867187500e+02
2.887148437500000000e+02
2.887191162109375000e+02
2.887148437500000000e+02
2.887375183105468750e+02
2.887236938476562500e+02
2.887279663085937500e+02
2.887145080566406250e+02
2.887236938476562500e+02
2.887279663085937500e+02
2.887283325195312500e+02
2.887513122558593750e+02
2.887326354980468750e+02
2.887513122558593750e+02
2.887461242675781250e+02
2.887236938476562500e+02
2.887372131347656250e+02
2.887375183105468750e+02
2.887513122558593750e+02
2.887427368164062500e+02
2.887515869140625000e+02
2.887194213867187500e+02
2.887430114746093750e+02
2.887476196289062500e+02
2.887561645507812500e+02
2.887289733886718750e+02
2.887424316406250000e+02
2.887793273925781250e+02
2.887702026367187500e+02
2.887473449707031250e+02
2.887519226074218750e+02
2.887101745605468750e+02
2.887470092773437500e+02
2.887744750976562500e+02
2.887875976562500000e+02
2.887830505371093750e+02
2.887698974609375000e+02
2.887659301757812500e+02
2.886828002929687500e+02
2.887790832519531250e+02
2.887750549316406250e+02
2.887570495605468750e+02
2.887934570312500000e+02
2.887709960937500000e+02
2.887704772949218750e+02
2.887750549316406250e+02
2.887750549316406250e+02
2.887889709472656250e+02
2.887838745117187500e+02
2.887653503417968750e+02
2.887838745117187500e+02
2.887476196289062500e+02
2.887884216308593750e+02
2.887790832519531250e+02
2.887843933105468750e+02
2.887618713378906250e+02
2.887841491699218750e+02
2.887796020507812500e+02
2.887335205078125000e+02
2.887881164550781250e+02
2.887653503417968750e+02
2.887929382324218750e+02
2.887519226074218750e+02
2.887707519531250000e+02
2.887012939453125000e+02
2.887527160644531250e+02
2.887798461914062500e+02
2.887664489746093750e+02
2.887846069335937500e+02
2.887667236328125000e+02
2.887709960937500000e+02
2.887755737304687500e+02
2.887755737304687500e+02
2.887664489746093750e+02
2.887527160644531250e+02
2.887707519531250000e+02
2.887484436035156250e+02
2.887341308593750000e+02
2.887934570312500000e+02
2.887750549316406250e+02
2.887752990722656250e+02
2.887752990722656250e+02
2.887750549316406250e+02
2.887662048339843750e+02
2.887846069335937500e+02
2.887709960937500000e+02
2.887796020507812500e+02
2.887752990722656250e+02
2.886553039550781250e+02
2.887197265625000000e+02
2.887476196289062500e+02
2.887524719238281250e+02
2.887435913085937500e+02
2.887025146484375000e+02
2.886692504882812500e+02
2.886643066406250000e+02
2.887427368164062500e+02
2.887656250000000000e+02
2.887154235839843750e+02
2.886689147949218750e+02
2.887521667480468750e+02
2.887341308593750000e+02
2.887157287597656250e+02
2.887387390136718750e+02
2.887292175292968750e+02
2.887200317382812500e+02
2.886969604492187500e+02
2.886596069335937500e+02
2.887610473632812500e+02
2.887476196289062500e+02
2.887478637695312500e+02
2.887478637695312500e+02
2.887389831542968750e+02
2.887709960937500000e+02
2.887065124511718750e+02
2.887062072753906250e+02
2.887114257812500000e+02
2.886599731445312500e+02
2.887430114746093750e+02
2.887430114746093750e+02
2.887294921875000000e+02
2.887108459472656250e+02
2.886926879882812500e+02
2.887610473632812500e+02
2.887524719238281250e+02
2.887656250000000000e+02
2.886824645996093750e+02
2.887154235839843750e+02
2.887704772949218750e+02
2.887570495605468750e+02
2.887249450683593750e+02
2.887567443847656250e+02
2.887476196289062500e+02
2.887108459472656250e+02
2.887433166503906250e+02
2.887473449707031250e+02
2.887246398925781250e+02
2.887610473632812500e+02
2.887473449707031250e+02
2.887012939453125000e+02
2.887101745605468750e+02
2.887145080566406250e+02
2.887418212890625000e+02
2.887187805175781250e+02
2.887003479003906250e+02
2.887421264648437500e+02
2.887283325195312500e+02
2.887055969238281250e+02
2.886821289062500000e+02
2.887236938476562500e+02
2.887513122558593750e+02
2.887049255371093750e+02
2.887236938476562500e+02
2.887424316406250000e+02
2.887375183105468750e+02
2.887236938476562500e+02
2.887378234863281250e+02
2.887332458496093750e+02
2.887240295410156250e+02
2.887145080566406250e+02
2.887601928710937500e+02
2.887418212890625000e+02
2.887470092773437500e+02
2.887507019042968750e+02
2.887283325195312500e+02
