2.898057844779881975e+02
2.890795701828765800e+02
2.893732634244572068e+02
2.883785060700238887e+02
2.849985095585041108e+02
2.877340443279772444e+02
2.880569730504906261e+02
2.896691342311859216e+02
2.893219021360122838e+02
2.889141878985853964e+02
2.895938212203537887e+02
2.893605389517598496e+02
2.892045193399182494e+02
2.898852724615387615e+02
2.891115650094653233e+02
2.893571233634914392e+02
2.881298025064324406e+02
2.880018399415221779e+02
2.880018399415221779e+02
2.908017966969993040e+02
2.892350700751149475e+02
2.890789854128215666e+02
2.893986135471002967e+02
2.892045193399182494e+02
2.881298025064324406e+02
2.884980571670431004e+02
2.888738854504400706e+02
2.890133582871840190e+02
2.894441114465328155e+02
2.892095747869126399e+02
2.880018399415221779e+02
2.892095747869126399e+02
2.895474369438500162e+02
2.893286713853754009e+02
2.903647648919914559e+02
2.893986135471002967e+02
2.892350700751149475e+02
2.881298025064324406e+02
2.894022252721003383e+02
2.893093910958534138e+02
2.890133582871840190e+02
2.894454687715328305e+02
2.893336383027129841e+02
2.898991898246690653e+02
2.881298025064324406e+02
2.894543876407983021e+02
2.902390825666423666e+02
2.893336383027129841e+02
2.890273900627823878e+02
2.908017966969993040e+02
2.892045193399182494e+02
2.884491706394394441e+02
2.893336383027129841e+02
2.898834138140372261e+02
2.895308629187395013e+02
2.891321902379764310e+02
2.890015513629059001e+02
2.864626239408865445e+02
2.878379533182061891e+02
2.893940410968033916e+02
2.902200361583091421e+02
2.902200361583091421e+02
2.887109422278099942e+02
2.891297177924088260e+02
2.902926725027902535e+02
2.890271907352153562e+02
2.891506369678351120e+02
2.891506369678351120e+02
2.890271907352153562e+02
2.895599520080177740e+02
2.890413648447093351e+02
2.902390825666423666e+02
2.894887968500585771e+02
2.887930817484618728e+02
2.897157859479637523e+02
2.902200361583091421e+02
2.903481760919914905e+02
2.898686836615388529e+02
2.901239451974435042e+02
2.898052039201912180e+02
2.884699633758137338e+02
2.893336383027129841e+02
2.893336383027129841e+02
2.907825922258601281e+02
2.899417583558222873e+02
2.890271907352153562e+02
2.893732634244572068e+02
2.891350102947095024e+02
2.897360944748934344e+02
2.891321902379764310e+02
2.891506369678351120e+02
2.896189210573490982e+02
2.898937015851641377e+02
2.899302466534264795e+02
2.897804859432615103e+02
2.895308629187395013e+02
2.891395200516261639e+02
2.897826230187508827e+02
2.891395200516261639e+02
2.890273900627823878e+02
2.893030157545297811e+02
2.891395200516261639e+02
2.893030157545297811e+02
2.890413648447093351e+02
2.890343216262385795e+02
2.889099710984620515e+02
2.897826230187508827e+02
2.889014602984620979e+02
2.892008911836508673e+02
2.894390826793468818e+02
2.892008911836508673e+02
2.893030157545297811e+02
2.890343216262385795e+02
2.887930817484618728e+02
2.890795701828765800e+02
2.893030157545297811e+02
2.890735733900724540e+02
2.894418107895226626e+02
2.890015513629059001e+02
2.889099710984620515e+02
2.882196637192591879e+02
2.899210575390933968e+02
2.889099710984620515e+02
2.891395200516261639e+02
2.894390826793468818e+02
2.892644056649497770e+02
2.891350102947095024e+02
2.889014602984620979e+02
2.898834138140372261e+02
2.898052039201912180e+02
2.893030157545297811e+02
2.890413648447093351e+02
2.894220627251810924e+02
2.891264994947095488e+02
2.892644056649497770e+02
2.890343216262385795e+02
2.887163793836093078e+02
2.883563373074413221e+02
2.896594818549152706e+02
2.894418107895226626e+02
2.894418107895226626e+02
2.895287868485057174e+02
2.896504731346576591e+02
2.868434100712286181e+02
2.877340443279772444e+02
2.891395200516261639e+02
2.890795701828765800e+02
2.895599520080177740e+02
2.893810679793985514e+02
2.895308629187395013e+02
2.897645205208693255e+02
2.893223494316362121e+02
2.893223494316362121e+02
2.897098289217214528e+02
2.893808140451067743e+02
2.896023289830986869e+02
2.890943475964555773e+02
2.878379533182061891e+02
2.895469746207947423e+02
2.890271907352153562e+02
2.893732634244572068e+02
2.897826230187508827e+02
2.907825922258601281e+02
2.894220627251810924e+02
2.896104102573490877e+02
2.907825922258601281e+02
2.897826230187508827e+02
2.907825922258601281e+02
2.894220627251810924e+02
2.890271907352153562e+02
2.891395200516261639e+02
2.890323796010669071e+02
2.902390825666423666e+02
2.888983269583332572e+02
2.896691342311859216e+02
2.895469746207947423e+02
2.888983269583332572e+02
2.892950472581630947e+02
2.892950472581630947e+02
2.891321902379764310e+02
2.878379533182061891e+02
2.889521292432825703e+02
2.894887968500585771e+02
2.894338411180917774e+02
2.893728702217819659e+02
2.885324984210162711e+02
2.894466745789737274e+02
2.894338411180917774e+02
2.894466745789737274e+02
2.896504731346576591e+02
2.887163793836093078e+02
2.891530228007345613e+02
2.895072484717030648e+02
2.895308629187395013e+02
2.889844578081669511e+02
2.891506369678351120e+02
2.895308629187395013e+02
2.883886960587120711e+02
2.894338411180917774e+02
2.875741159815375454e+02
2.894887968500585771e+02
2.894887968500585771e+02
2.890271907352153562e+02
2.888738854504400706e+02
2.878379533182061891e+02
2.892008911836508673e+02
2.893810679793985514e+02
2.896717896763782960e+02
2.891506369678351120e+02
2.902390825666423666e+02
2.902200361583091421e+02
2.895474369438500162e+02
2.890323796010669071e+02
2.892950472581630947e+02
2.878379533182061891e+02
2.891506369678351120e+02
2.898991898246690653e+02
2.892350700751149475e+02
2.893336383027129841e+02
2.891321902379764310e+02
2.898834138140372261e+02
2.894390826793468818e+02
2.890323796010669071e+02
2.902390825666423666e+02
2.892095747869126399e+02
2.893986135471002967e+02
2.893336383027129841e+02
2.884491706394394441e+02
2.891754666506149078e+02
2.880255687776848390e+02
2.891115650094653233e+02
2.890323796010669071e+02
2.878407510767187318e+02
2.882450901915873374e+02
2.890323796010669071e+02
2.880018399415221779e+02
2.889141878985853964e+02
2.882666356112270591e+02
2.880018399415221779e+02
2.878379533182061891e+02
2.892777276586387529e+02
2.882666356112270591e+02
2.882450901915873374e+02
2.893737556706204259e+02
2.893093910958534138e+02
2.899417583558222873e+02
2.884114917599279693e+02
2.890133582871840190e+02
2.893571233634914392e+02
2.887109422278099942e+02
2.890271907352153562e+02
2.890955988929222258e+02
2.876524956756506413e+02
2.890789854128215666e+02
2.897493678511871735e+02
2.892350700751149475e+02
2.890789854128215666e+02
2.890799880128216159e+02
2.893986135471002967e+02
2.892350700751149475e+02
2.898991898246690653e+02
2.898991898246690653e+02
2.852968423818170436e+02
2.886865112838344203e+02
2.893286713853754009e+02
2.898834138140372261e+02
2.891297177924088260e+02
2.892777276586387529e+02
2.880018399415221779e+02
2.890271907352153562e+02
2.893286713853754009e+02
2.903481760919914905e+02
2.892777276586387529e+02
2.890273900627823878e+02
2.890955988929222258e+02
2.893605389517598496e+02
2.887109422278099942e+02
2.890133582871840190e+02
2.880255687776848390e+02
2.891297177924088260e+02
2.898348480753381864e+02
2.899417583558222873e+02
2.880255687776848390e+02
2.893336383027129841e+02
2.876483153756506681e+02
2.893986135471002967e+02
2.890133582871840190e+02
2.898991898246690653e+02
2.894022252721003383e+02
2.898348480753381864e+02
2.898991898246690653e+02
2.907825922258601281e+02
2.890133582871840190e+02
2.902390825666423666e+02
2.898937015851641377e+02
2.903481760919914905e+02
2.898991898246690653e+02
2.901239451974435042e+02
2.898057844779881975e+02
2.896594818549152706e+02
2.897485515900393125e+02
2.893610513495835903e+02
2.891588771086545080e+02
2.898057844779881975e+02
2.894390826793468818e+02
2.893219021360122838e+02
2.894220627251810924e+02
2.894220627251810924e+02
2.895599520080177740e+02
2.890323796010669071e+02
2.898937015851641377e+02
2.894768289499693878e+02
2.891506369678351120e+02
2.901239451974435042e+02
2.898237106365769478e+02
2.898052039201912180e+02
2.897804859432615103e+02
2.899302466534264795e+02
2.899302466534264795e+02
2.891506369678351120e+02
2.891350102947095024e+02
2.895333998573489112e+02
2.902200361583091421e+02
2.892644056649497770e+02
2.893030157545297811e+02
2.891395200516261639e+02
2.894418107895226626e+02
2.865745449826729327e+02
2.895474369438500162e+02
2.895469746207947423e+02
2.893030157545297811e+02
2.901239451974435042e+02
2.898237106365769478e+02
2.880018399415221779e+02
2.894220627251810924e+02
2.890015513629059001e+02
2.890323796010669071e+02
2.895599520080177740e+02
2.892644056649497770e+02
2.895599520080177740e+02
2.893286713853754009e+02
2.890323796010669071e+02
2.890271907352153562e+02
1.663259075396827598e+02
2.890271907352153562e+02
2.888983269583332572e+02
2.895308629187395013e+02
2.870576645178913395e+02
2.898834138140372261e+02
2.894971969025634735e+02
2.893481413970786775e+02
2.893286713853754009e+02
2.902200361583091421e+02
2.898834138140372261e+02
2.893219021360122838e+02
2.892008911836508673e+02
2.880018399415221779e+02
2.901239451974435042e+02
2.890273900627823878e+02
2.895308629187395013e+02
2.898057844779881975e+02
2.896594818549152706e+02
2.894887968500585771e+02
2.882091668984567150e+02
2.894390826793468818e+02
2.895599520080177740e+02
2.898686836615388529e+02
2.894220627251810924e+02
2.893810679793985514e+02
2.894390826793468818e+02
2.898937015851641377e+02
2.882666356112270591e+02
2.897826230187508827e+02
2.901239451974435042e+02
2.870576645178913395e+02
2.892777276586387529e+02
2.892950472581630947e+02
2.894887968500585771e+02
2.890015513629059001e+02
2.894220627251810924e+02
2.892008911836508673e+02
2.892008911836508673e+02
2.890343216262385795e+02
2.892095747869126399e+02
2.878379533182061891e+02
2.893571233634914392e+02
2.891321902379764310e+02
2.899302466534264795e+02
2.892777276586387529e+02
2.890323796010669071e+02
2.852968423818170436e+02
2.890273900627823878e+02
2.903481760919914905e+02
2.889141878985853964e+02
2.888738854504400706e+02
2.887567277586937848e+02
2.903271524113616238e+02
2.881298025064324406e+02
2.893737556706204259e+02
2.890365222576759265e+02
2.893571233634914392e+02
2.890133582871840190e+02
2.880255687776848390e+02
2.893986135471002967e+02
2.858719044430538929e+02
2.885319937706735800e+02
2.890133582871840190e+02
2.884114917599279693e+02
2.885319937706735800e+02
2.881298025064324406e+02
2.882666356112270591e+02
2.894441114465328155e+02
2.882666356112270591e+02
2.890133582871840190e+02
2.890789854128215666e+02
2.891115650094653233e+02
2.891122334094653752e+02
2.891115650094653233e+02
2.892374094751149300e+02
2.890799880128216159e+02
2.890799880128216159e+02
2.887567277586937848e+02
2.890799880128216159e+02
2.890799880128216159e+02
2.890376919576759178e+02
2.893123344208534036e+02
2.890376919576759178e+02
2.893123344208534036e+02
2.892374094751149300e+02
2.890799880128216159e+02
2.886881822838344647e+02
2.892374094751149300e+02
2.893123344208534036e+02
2.891297177924088260e+02
2.894441114465328155e+02
2.890789854128215666e+02
2.898201453440623823e+02
2.899417583558222873e+02
2.898991898246690653e+02
2.890133582871840190e+02
2.893986135471002967e+02
2.898237106365769478e+02
2.900635343136479491e+02
2.893336383027129841e+02
2.898348480753381864e+02
2.887565606586938429e+02
2.893093910958534138e+02
2.900801231136478577e+02
2.898854395615388171e+02
2.900802902136478565e+02
2.908183854969992126e+02
2.901239451974435042e+02
2.876524956756506413e+02
2.898852724615387615e+02
2.898937015851641377e+02
2.895599520080177740e+02
2.891264994947095488e+02
2.890795701828765800e+02
2.899302466534264795e+02
2.898937015851641377e+02
2.898937015851641377e+02
2.891350102947095024e+02
2.897360944748934344e+02
2.903647648919914559e+02
2.897360944748934344e+02
2.899417583558222873e+02
2.897157859479637523e+02
2.898852724615387615e+02
2.890413648447093351e+02
2.892008911836508673e+02
2.897804859432615103e+02
2.898052039201912180e+02
2.880255687776848390e+02
2.897526832748933998e+02
2.903647648919914559e+02
2.894768289499693878e+02
2.898348480753381864e+02
2.893734370089925392e+02
2.891754666506149078e+02
2.894390826793468818e+02
2.892644056649497770e+02
2.891395200516261639e+02
2.889099710984620515e+02
2.894418107895226626e+02
2.890795701828765800e+02
2.890343216262385795e+02
2.890343216262385795e+02
2.891395200516261639e+02
2.894390826793468818e+02
2.893734370089925392e+02
2.899210575390933968e+02
2.890271907352153562e+02
2.891264994947095488e+02
2.898937015851641377e+02
2.893030157545297811e+02
2.893030157545297811e+02
2.898937015851641377e+02
2.894220627251810924e+02
2.889099710984620515e+02
2.890795701828765800e+02
2.898052039201912180e+02
2.893030157545297811e+02
2.859151448427166429e+02
2.887109422278099942e+02
2.899417583558222873e+02
2.891506369678351120e+02
2.895308629187395013e+02
2.894338411180917774e+02
2.877876457650128259e+02
2.873345259210601625e+02
2.891297177924088260e+02
2.908017966969993040e+02
2.893286713853754009e+02
2.870576645178913395e+02
2.902390825666423666e+02
2.890271907352153562e+02
2.895474369438500162e+02
2.890273900627823878e+02
2.880018399415221779e+02
2.888738854504400706e+02
2.890955988929222258e+02
2.859151448427166429e+02
2.903481760919914905e+02
2.899417583558222873e+02
2.898834138140372261e+02
2.898834138140372261e+02
2.894887968500585771e+02
2.890795701828765800e+02
2.893753196132119569e+02
2.882666356112270591e+02
2.893810679793985514e+02
2.873345259210601625e+02
2.898201453440623823e+02
2.898201453440623823e+02
2.890323796010669071e+02
2.889141878985853964e+02
2.893605389517598496e+02
2.903481760919914905e+02
2.891506369678351120e+02
2.908017966969993040e+02
2.878449313767187618e+02
2.893286713853754009e+02
2.899302466534264795e+02
2.895599520080177740e+02
2.878379533182061891e+02
2.902200361583091421e+02
2.899417583558222873e+02
2.889141878985853964e+02
2.891321902379764310e+02
2.893336383027129841e+02
2.893571233634914392e+02
2.903481760919914905e+02
2.893336383027129841e+02
2.891754666506149078e+02
2.887565606586938429e+02
2.887567277586937848e+02
2.892374094751149300e+02
2.887567277586937848e+02
2.884745073567661393e+02
2.881328308314325568e+02
2.890376919576759178e+02
2.893737556706204259e+02
2.877909138650128398e+02
2.890799880128216159e+02
2.893123344208534036e+02
2.895104127083442336e+02
2.890799880128216159e+02
2.893986135471002967e+02
2.892374094751149300e+02
2.890799880128216159e+02
2.881298025064324406e+02
2.892350700751149475e+02
2.890365222576759265e+02
2.887567277586937848e+02
2.894454687715328305e+02
2.892374094751149300e+02
2.893093910958534138e+02
2.881328308314325568e+02
2.890376919576759178e+02
