2.907992858886718750e+02
2.908345031738281250e+02
2.907834167480468750e+02
2.904916381835937500e+02
2.903725891113281250e+02
2.904927978515625000e+02
2.904584960937500000e+02
2.906810302734375000e+02
2.907140502929687500e+02
2.906149597167968750e+02
2.906138000488281250e+02
2.905453186035156250e+02
2.907186279296875000e+02
2.908731689453125000e+02
2.906343078613281250e+02
2.906662597656250000e+02
2.907197570800781250e+02
2.906833496093750000e+02
2.906833496093750000e+02
2.908209228515625000e+02
2.907026672363281250e+02
2.906514282226562500e+02
2.907368164062500000e+02
2.907186279296875000e+02
2.907197570800781250e+02
2.905989685058593750e+02
2.906491699218750000e+02
2.906844787597656250e+02
2.907709350585937500e+02
2.907004089355468750e+02
2.906833496093750000e+02
2.907004089355468750e+02
2.906309509277343750e+02
2.906320495605468750e+02
2.908220825195312500e+02
2.907368164062500000e+02
2.907026672363281250e+02
2.907197570800781250e+02
2.907550354003906250e+02
2.907539367675781250e+02
2.906844787597656250e+02
2.907891235351562500e+02
2.907527770996093750e+02
2.907879943847656250e+02
2.907197570800781250e+02
2.905475769042968750e+02
2.907686462402343750e+02
2.907527770996093750e+02
2.907163391113281250e+02
2.908209228515625000e+02
2.907186279296875000e+02
2.906673889160156250e+02
2.907527770996093750e+02
2.907504577636718750e+02
2.907322998046875000e+02
2.907333984375000000e+02
2.907492980957031250e+02
2.903381958007812500e+02
2.906651306152343750e+02
2.905293273925781250e+02
2.907857055664062500e+02
2.907857055664062500e+02
2.906503295898437500e+02
2.907357177734375000e+02
2.907868652343750000e+02
2.906992797851562500e+02
2.907675170898437500e+02
2.907675170898437500e+02
2.906992797851562500e+02
2.907845764160156250e+02
2.908866882324218750e+02
2.907686462402343750e+02
2.907151794433593750e+02
2.908685302734375000e+02
2.909060363769531250e+02
2.907857055664062500e+02
2.908038940429687500e+02
2.908549804687500000e+02
2.908197937011718750e+02
2.908708801269531250e+02
2.905122070312500000e+02
2.907527770996093750e+02
2.907527770996093750e+02
2.908027343750000000e+02
2.907516479492187500e+02
2.906992797851562500e+02
2.907834167480468750e+02
2.909036865234375000e+02
2.908890380859375000e+02
2.907333984375000000e+02
2.907675170898437500e+02
2.909218444824218750e+02
2.908538513183593750e+02
2.908368225097656250e+02
2.908878479003906250e+02
2.907322998046875000e+02
2.908174743652343750e+02
2.908015747070312500e+02
2.908174743652343750e+02
2.907163391113281250e+02
2.908526611328125000e+02
2.908174743652343750e+02
2.908526611328125000e+02
2.908866882324218750e+02
2.908514709472656250e+02
2.908854980468750000e+02
2.908015747070312500e+02
2.909364929199218750e+02
2.908004150390625000e+02
2.907663574218750000e+02
2.908004150390625000e+02
2.908526611328125000e+02
2.908514709472656250e+02
2.908685302734375000e+02
2.908345031738281250e+02
2.908526611328125000e+02
2.908151245117187500e+02
2.908162841796875000e+02
2.907492980957031250e+02
2.908854980468750000e+02
2.908321533203125000e+02
2.907481384277343750e+02
2.908854980468750000e+02
2.908174743652343750e+02
2.907663574218750000e+02
2.908696899414062500e+02
2.909036560058593750e+02
2.909025268554687500e+02
2.907504577636718750e+02
2.908708801269531250e+02
2.908526611328125000e+02
2.908866882324218750e+02
2.908186340332031250e+02
2.909716186523437500e+02
2.908696899414062500e+02
2.908514709472656250e+02
2.908503112792968750e+02
2.908661499023437500e+02
2.907652282714843750e+02
2.908162841796875000e+02
2.908162841796875000e+02
2.907299194335937500e+02
2.906787109375000000e+02
2.903392944335937500e+02
2.904927978515625000e+02
2.908174743652343750e+02
2.908345031738281250e+02
2.907845764160156250e+02
2.906127014160156250e+02
2.907322998046875000e+02
2.905932312011718750e+02
2.906115417480468750e+02
2.906115417480468750e+02
2.906457214355468750e+02
2.906958007812500000e+02
2.905944213867187500e+02
2.905430603027343750e+02
2.906651306152343750e+02
2.906981201171875000e+02
2.906992797851562500e+02
2.907834167480468750e+02
2.908015747070312500e+02
2.908027343750000000e+02
2.908186340332031250e+02
2.909558410644531250e+02
2.908027343750000000e+02
2.908015747070312500e+02
2.908027343750000000e+02
2.908186340332031250e+02
2.906992797851562500e+02
2.908174743652343750e+02
2.906821899414062500e+02
2.907686462402343750e+02
2.905442199707031250e+02
2.906810302734375000e+02
2.906981201171875000e+02
2.905442199707031250e+02
2.906639709472656250e+02
2.906639709472656250e+02
2.907333984375000000e+02
2.906651306152343750e+02
2.905099487304687500e+02
2.907151794433593750e+02
2.905773315429687500e+02
2.908333129882812500e+02
2.907311096191406250e+02
2.906286621093750000e+02
2.905773315429687500e+02
2.906286621093750000e+02
2.906787109375000000e+02
2.908503112792968750e+02
2.905602111816406250e+02
2.906103820800781250e+02
2.907322998046875000e+02
2.905624389648437500e+02
2.907675170898437500e+02
2.907322998046875000e+02
2.904905090332031250e+02
2.905773315429687500e+02
2.904424438476562500e+02
2.907151794433593750e+02
2.907151794433593750e+02
2.906992797851562500e+02
2.906491699218750000e+02
2.906651306152343750e+02
2.908004150390625000e+02
2.906127014160156250e+02
2.906969604492187500e+02
2.907675170898437500e+02
2.907686462402343750e+02
2.907857055664062500e+02
2.906309509277343750e+02
2.906821899414062500e+02
2.906639709472656250e+02
2.906651306152343750e+02
2.907675170898437500e+02
2.907879943847656250e+02
2.907026672363281250e+02
2.907527770996093750e+02
2.907333984375000000e+02
2.907504577636718750e+02
2.907663574218750000e+02
2.906821899414062500e+02
2.907686462402343750e+02
2.907004089355468750e+02
2.907368164062500000e+02
2.907527770996093750e+02
2.906673889160156250e+02
2.905818481445312500e+02
2.907015686035156250e+02
2.906343078613281250e+02
2.906821899414062500e+02
2.904779052734375000e+02
2.905807495117187500e+02
2.906821899414062500e+02
2.906833496093750000e+02
2.906149597167968750e+02
2.905978698730468750e+02
2.906833496093750000e+02
2.906651306152343750e+02
2.907174682617187500e+02
2.905978698730468750e+02
2.905807495117187500e+02
2.906000976562500000e+02
2.907539367675781250e+02
2.907516479492187500e+02
2.906160888671875000e+02
2.906844787597656250e+02
2.906662597656250000e+02
2.906502990722656250e+02
2.906992797851562500e+02
2.905635986328125000e+02
2.905315856933593750e+02
2.906514282226562500e+02
2.906011962890625000e+02
2.907026672363281250e+02
2.906514282226562500e+02
2.906695861816406250e+02
2.907368164062500000e+02
2.907026672363281250e+02
2.907879943847656250e+02
2.907879943847656250e+02
2.903942260742187500e+02
2.906856079101562500e+02
2.906320495605468750e+02
2.907504577636718750e+02
2.907357177734375000e+02
2.907174682617187500e+02
2.906833496093750000e+02
2.906992797851562500e+02
2.906320495605468750e+02
2.908038940429687500e+02
2.907174682617187500e+02
2.907163391113281250e+02
2.905635986328125000e+02
2.905453186035156250e+02
2.906502990722656250e+02
2.906844787597656250e+02
2.907015686035156250e+02
2.907357177734375000e+02
2.907698364257812500e+02
2.907516479492187500e+02
2.907015686035156250e+02
2.907527770996093750e+02
2.904949951171875000e+02
2.907368164062500000e+02
2.906844787597656250e+02
2.907879943847656250e+02
2.907550354003906250e+02
2.907698364257812500e+02
2.907879943847656250e+02
2.908027343750000000e+02
2.906844787597656250e+02
2.907686462402343750e+02
2.908538513183593750e+02
2.908038940429687500e+02
2.907879943847656250e+02
2.908197937011718750e+02
2.907992858886718750e+02
2.907652282714843750e+02
2.907640075683593750e+02
2.906433715820312500e+02
2.907980957031250000e+02
2.907992858886718750e+02
2.907663574218750000e+02
2.907140502929687500e+02
2.908186340332031250e+02
2.908186340332031250e+02
2.907845764160156250e+02
2.906821899414062500e+02
2.908538513183593750e+02
2.909230041503906250e+02
2.907675170898437500e+02
2.908197937011718750e+02
2.908720092773437500e+02
2.908708801269531250e+02
2.908878479003906250e+02
2.908368225097656250e+02
2.908368225097656250e+02
2.907675170898437500e+02
2.909036865234375000e+02
2.909048461914062500e+02
2.907857055664062500e+02
2.908696899414062500e+02
2.908526611328125000e+02
2.908174743652343750e+02
2.908162841796875000e+02
2.903359069824218750e+02
2.906309509277343750e+02
2.906981201171875000e+02
2.908526611328125000e+02
2.908197937011718750e+02
2.908720092773437500e+02
2.906833496093750000e+02
2.908186340332031250e+02
2.907492980957031250e+02
2.906821899414062500e+02
2.907845764160156250e+02
2.908696899414062500e+02
2.907845764160156250e+02
2.906320495605468750e+02
2.906821899414062500e+02
2.906992797851562500e+02
2.906468811035156250e+02
2.906992797851562500e+02
2.905442199707031250e+02
2.907322998046875000e+02
2.904435424804687500e+02
2.907504577636718750e+02
2.905110473632812500e+02
2.906297912597656250e+02
2.906320495605468750e+02
2.907857055664062500e+02
2.907504577636718750e+02
2.907140502929687500e+02
2.908004150390625000e+02
2.906833496093750000e+02
2.908197937011718750e+02
2.907163391113281250e+02
2.907322998046875000e+02
2.907992858886718750e+02
2.907652282714843750e+02
2.907151794433593750e+02
2.904756164550781250e+02
2.907663574218750000e+02
2.907845764160156250e+02
2.908549804687500000e+02
2.908186340332031250e+02
2.906127014160156250e+02
2.907663574218750000e+02
2.908538513183593750e+02
2.905978698730468750e+02
2.908015747070312500e+02
2.908197937011718750e+02
2.904435424804687500e+02
2.907174682617187500e+02
2.906639709472656250e+02
2.907151794433593750e+02
2.907492980957031250e+02
2.908186340332031250e+02
2.908004150390625000e+02
2.908004150390625000e+02
2.908514709472656250e+02
2.907004089355468750e+02
2.906651306152343750e+02
2.906662597656250000e+02
2.907333984375000000e+02
2.908368225097656250e+02
2.907174682617187500e+02
2.906821899414062500e+02
2.903758850097656250e+02
2.907163391113281250e+02
2.908038940429687500e+02
2.906149597167968750e+02
2.906491699218750000e+02
2.906354370117187500e+02
2.908232116699218750e+02
2.907197570800781250e+02
2.906000976562500000e+02
2.906685180664062500e+02
2.906662597656250000e+02
2.906844787597656250e+02
2.907015686035156250e+02
2.907368164062500000e+02
2.904296569824218750e+02
2.906331787109375000e+02
2.906844787597656250e+02
2.906160888671875000e+02
2.906331787109375000e+02
2.907197570800781250e+02
2.905978698730468750e+02
2.907709350585937500e+02
2.905978698730468750e+02
2.906844787597656250e+02
2.906514282226562500e+02
2.906343078613281250e+02
2.906524963378906250e+02
2.906343078613281250e+02
2.907208862304687500e+02
2.906695861816406250e+02
2.906878356933593750e+02
2.906354370117187500e+02
2.906695861816406250e+02
2.906878356933593750e+02
2.906867370605468750e+02
2.907720642089843750e+02
2.907049255371093750e+02
2.907720642089843750e+02
2.907572631835937500e+02
2.906695861816406250e+02
2.907219848632812500e+02
2.907208862304687500e+02
2.907720642089843750e+02
2.907357177734375000e+02
2.907709350585937500e+02
2.906514282226562500e+02
2.907345275878906250e+02
2.907516479492187500e+02
2.907879943847656250e+02
2.906844787597656250e+02
2.907368164062500000e+02
2.908720092773437500e+02
2.908379821777343750e+02
2.907527770996093750e+02
2.907698364257812500e+02
2.906172485351562500e+02
2.907539367675781250e+02
2.908561401367187500e+02
2.909094238281250000e+02
2.908923950195312500e+02
2.908391113281250000e+02
2.908197937011718750e+02
2.905133056640625000e+02
2.908731689453125000e+02
2.908538513183593750e+02
2.907845764160156250e+02
2.909206848144531250e+02
2.908345031738281250e+02
2.908368225097656250e+02
2.908538513183593750e+02
2.908538513183593750e+02
2.909036865234375000e+02
2.908890380859375000e+02
2.908220825195312500e+02
2.908890380859375000e+02
2.907516479492187500e+02
2.909060363769531250e+02
2.908731689453125000e+02
2.908866882324218750e+02
2.908004150390625000e+02
2.908878479003906250e+02
2.908708801269531250e+02
2.907015686035156250e+02
2.909071655273437500e+02
2.908220825195312500e+02
2.909230041503906250e+02
2.907698364257812500e+02
2.908356323242187500e+02
2.905818481445312500e+02
2.907663574218750000e+02
2.908696899414062500e+02
2.908174743652343750e+02
2.908854980468750000e+02
2.908162841796875000e+02
2.908345031738281250e+02
2.908514709472656250e+02
2.908514709472656250e+02
2.908174743652343750e+02
2.907663574218750000e+02
2.908356323242187500e+02
2.907481384277343750e+02
2.906992797851562500e+02
2.909206848144531250e+02
2.908538513183593750e+02
2.908526611328125000e+02
2.908526611328125000e+02
2.908538513183593750e+02
2.908186340332031250e+02
2.908854980468750000e+02
2.908345031738281250e+02
2.908708801269531250e+02
2.908526611328125000e+02
2.904092102050781250e+02
2.906502990722656250e+02
2.907516479492187500e+02
2.907675170898437500e+02
2.907322998046875000e+02
2.905773315429687500e+02
2.904606933593750000e+02
2.904446411132812500e+02
2.907357177734375000e+02
2.908209228515625000e+02
2.906320495605468750e+02
2.904618530273437500e+02
2.907686462402343750e+02
2.906992797851562500e+02
2.906309509277343750e+02
2.907163391113281250e+02
2.906833496093750000e+02
2.906491699218750000e+02
2.905635986328125000e+02
2.904274902343750000e+02
2.908038940429687500e+02
2.907516479492187500e+02
2.907504577636718750e+02
2.907504577636718750e+02
2.907151794433593750e+02
2.908345031738281250e+02
2.905967102050781250e+02
2.905978698730468750e+02
2.906127014160156250e+02
2.904263610839843750e+02
2.907345275878906250e+02
2.907345275878906250e+02
2.906821899414062500e+02
2.906149597167968750e+02
2.905453186035156250e+02
2.908038940429687500e+02
2.907675170898437500e+02
2.908209228515625000e+02
2.905144348144531250e+02
2.906320495605468750e+02
2.908368225097656250e+02
2.907845764160156250e+02
2.906651306152343750e+02
2.907857055664062500e+02
2.907516479492187500e+02
2.906149597167968750e+02
2.907333984375000000e+02
2.907527770996093750e+02
2.906662597656250000e+02
2.908038940429687500e+02
2.907527770996093750e+02
2.905818481445312500e+02
2.906172485351562500e+02
2.906354370117187500e+02
2.907390441894531250e+02
2.906536560058593750e+02
2.905851745605468750e+02
2.907379760742187500e+02
2.906867370605468750e+02
2.906000976562500000e+02
2.905155334472656250e+02
2.906695861816406250e+02
2.907720642089843750e+02
2.906022949218750000e+02
2.906695861816406250e+02
2.907368164062500000e+02
2.907208862304687500e+02
2.906695861816406250e+02
2.907197570800781250e+02
2.907026672363281250e+02
2.906685180664062500e+02
2.906354370117187500e+02
2.908072814941406250e+02
2.907390441894531250e+02
2.907539367675781250e+02
2.907742614746093750e+02
2.906867370605468750e+02
