2.869800109863281250e+02
2.870565185546875000e+02
2.870074462890625000e+02
2.868344726562500000e+02
2.869800109863281250e+02
2.871183166503906250e+02
2.872208557128906250e+02
2.869614562988281250e+02
2.870327453613281250e+02
2.871152343750000000e+02
2.870398254394531250e+02
2.869648437500000000e+02
2.871105651855468750e+02
2.869983215332031250e+02
2.871346130371093750e+02
2.870565185546875000e+02
2.869708557128906250e+02
2.869272460937500000e+02
2.869180297851562500e+02
2.869028320312500000e+02
2.868221740722656250e+02
2.868128051757812500e+02
2.869800109863281250e+02
2.869800109863281250e+02
2.869947204589843750e+02
2.870050964355468750e+02
2.870692749023437500e+02
2.870510559082031250e+02
2.870143127441406250e+02
2.871015930175781250e+02
2.870050964355468750e+02
2.870419006347656250e+02
2.870544738769531250e+02
2.870577392578125000e+02
2.870109863281250000e+02
2.870201110839843750e+02
2.870727844238281250e+02
2.867455139160156250e+02
2.871036987304687500e+02
2.870577392578125000e+02
2.870267639160156250e+02
2.870298767089843750e+02
2.870267639160156250e+02
2.869958190917968750e+02
2.868197326660156250e+02
2.869165344238281250e+02
2.869951477050781250e+02
2.869401855468750000e+02
2.869830322265625000e+02
2.869616088867187500e+02
2.866101684570312500e+02
2.866399841308593750e+02
2.870731201171875000e+02
2.870175476074218750e+02
2.870111999511718750e+02
2.865995178222656250e+02
2.867419433593750000e+02
2.869401855468750000e+02
2.868819274902343750e+02
2.868752746582031250e+02
2.868819274902343750e+02
2.868143005371093750e+02
2.869141235351562500e+02
2.869046020507812500e+02
2.869614562988281250e+02
2.868544006347656250e+02
2.868683776855468750e+02
2.869772644042968750e+02
2.870910644531250000e+02
2.869182128906250000e+02
2.870140380859375000e+02
2.869735717773437500e+02
2.869585876464843750e+02
2.869801940917968750e+02
2.869441223144531250e+02
2.868497314453125000e+02
2.868080139160156250e+02
2.867661132812500000e+02
2.870715637207031250e+02
2.870096435546875000e+02
2.869881896972656250e+02
2.871195678710937500e+02
2.870191345214843750e+02
2.869498291015625000e+02
2.869284057617187500e+02
2.868508605957031250e+02
2.868964538574218750e+02
2.868977050781250000e+02
2.868242492675781250e+02
2.868950195312500000e+02
2.870405883789062500e+02
2.869343261718750000e+02
2.870191345214843750e+02
2.869666748046875000e+02
2.870794067382812500e+02
2.870543212890625000e+02
2.869924621582031250e+02
2.870421752929687500e+02
2.870000610351562500e+02
2.868819274902343750e+02
2.869712219238281250e+02
2.869976806640625000e+02
2.868780517578125000e+02
2.870234985351562500e+02
2.871502380371093750e+02
2.871163024902343750e+02
2.869441223144531250e+02
2.868738098144531250e+02
2.869708557128906250e+02
2.870601806640625000e+02
2.868994140625000000e+02
2.869198913574218750e+02
2.867954711914062500e+02
2.867348937988281250e+02
2.867530212402343750e+02
2.869570922851562500e+02
2.871709594726562500e+02
2.871254577636718750e+02
2.872165222167968750e+02
2.869331054687500000e+02
2.870360107421875000e+02
2.870082397460937500e+02
2.869925842285156250e+02
2.871549377441406250e+02
2.869524230957031250e+02
2.869891967773437500e+02
2.870419006347656250e+02
2.869431457519531250e+02
2.870577087402343750e+02
2.871284790039062500e+02
2.870976562500000000e+02
2.871064147949218750e+02
2.869398498535156250e+02
2.869833679199218750e+02
2.870109863281250000e+02
2.870932312011718750e+02
2.870800476074218750e+02
2.870234985351562500e+02
2.870140380859375000e+02
2.871582031250000000e+02
2.871183166503906250e+02
2.871372375488281250e+02
2.871324462890625000e+02
2.870474548339843750e+02
2.872341308593750000e+02
2.871987915039062500e+02
2.872295837402343750e+02
2.869856262207031250e+02
2.871324462890625000e+02
2.870061645507812500e+02
2.870177001953125000e+02
2.871070861816406250e+02
2.872296752929687500e+02
2.871310424804687500e+02
2.871001892089843750e+02
2.871813049316406250e+02
2.872033386230468750e+02
2.872208557128906250e+02
2.872371520996093750e+02
2.872098083496093750e+02
2.870565185546875000e+02
2.871591491699218750e+02
2.870082397460937500e+02
2.871145019531250000e+02
2.871001892089843750e+02
2.871811218261718750e+02
2.871021118164062500e+02
2.870874633789062500e+02
2.871988525390625000e+02
2.871945190429687500e+02
2.871680297851562500e+02
2.871064147949218750e+02
2.870601806640625000e+02
2.868780517578125000e+02
2.869209899902343750e+02
2.869983215332031250e+02
2.870256042480468750e+02
2.868721618652343750e+02
2.868163757324218750e+02
2.869451904296875000e+02
2.870874633789062500e+02
2.871092224121093750e+02
2.870910644531250000e+02
2.871813049316406250e+02
2.870844116210937500e+02
2.870755004882812500e+02
2.871680297851562500e+02
2.871194152832031250e+02
2.871940917968750000e+02
2.870165405273437500e+02
2.870925903320312500e+02
2.871329345703125000e+02
2.871284790039062500e+02
2.870201110839843750e+02
2.871145019531250000e+02
2.871491699218750000e+02
2.871015930175781250e+02
2.869431457519531250e+02
2.871015930175781250e+02
2.870617370605468750e+02
2.869524230957031250e+02
2.869765014648437500e+02
2.870268249511718750e+02
2.870707092285156250e+02
2.869999389648437500e+02
2.869673461914062500e+02
2.869959411621093750e+02
2.869856262207031250e+02
2.869865722656250000e+02
2.870755004882812500e+02
2.870292358398437500e+02
2.870308532714843750e+02
2.870844116210937500e+02
2.871549377441406250e+02
2.871372375488281250e+02
2.870836181640625000e+02
2.870038146972656250e+02
2.870565185546875000e+02
2.870964660644531250e+02
2.871491699218750000e+02
2.870474548339843750e+02
2.869673461914062500e+02
2.870234985351562500e+02
2.870143127441406250e+02
2.871769409179687500e+02
2.871194152832031250e+02
2.870452880859375000e+02
2.869989013671875000e+02
2.868778076171875000e+02
2.870109863281250000e+02
2.868842163085937500e+02
2.868655090332031250e+02
2.868965454101562500e+02
2.867967834472656250e+02
2.869958190917968750e+02
2.869891967773437500e+02
2.869833679199218750e+02
2.870474548339843750e+02
2.869673461914062500e+02
2.869020996093750000e+02
2.869830322265625000e+02
2.870544738769531250e+02
2.869958190917968750e+02
2.869462585449218750e+02
2.870819702148437500e+02
2.869284057617187500e+02
2.869951477050781250e+02
2.870421752929687500e+02
2.869520263671875000e+02
2.869304199218750000e+02
2.870050964355468750e+02
2.870111999511718750e+02
2.869091491699218750e+02
2.869284057617187500e+02
2.870449523925781250e+02
2.869976806640625000e+02
2.869187927246093750e+02
2.869462585449218750e+02
2.868399353027343750e+02
2.867953186035156250e+02
2.867016906738281250e+02
2.866163635253906250e+02
2.864918823242187500e+02
2.867547912597656250e+02
2.865036621093750000e+02
2.866915588378906250e+02
2.869046020507812500e+02
2.866936950683593750e+02
2.866929321289062500e+02
2.870360107421875000e+02
2.869046020507812500e+02
2.869999389648437500e+02
2.871109008789062500e+02
2.867640991210937500e+02
2.872428283691406250e+02
2.870783691406250000e+02
2.870727844238281250e+02
2.871632995605468750e+02
2.870474548339843750e+02
2.871811218261718750e+02
2.872900085449218750e+02
2.870669555664062500e+02
2.872121276855468750e+02
2.871636962890625000e+02
2.871015930175781250e+02
2.869121398925781250e+02
2.869054260253906250e+02
2.870178833007812500e+02
2.869917602539062500e+02
2.868652343750000000e+02
2.870094909667968750e+02
2.870050659179687500e+02
2.869785766601562500e+02
2.868408203125000000e+02
2.870109863281250000e+02
2.870527343750000000e+02
2.870109863281250000e+02
2.871672058105468750e+02
2.870514831542968750e+02
2.871857299804687500e+02
2.870398254394531250e+02
2.871145019531250000e+02
2.869801940917968750e+02
2.869958190917968750e+02
2.871372375488281250e+02
2.870844116210937500e+02
2.870601806640625000e+02
2.869947204589843750e+02
2.871054992675781250e+02
2.871152343750000000e+02
2.868707885742187500e+02
2.867536315917968750e+02
2.869182128906250000e+02
2.871054992675781250e+02
2.870819702148437500e+02
2.870601806640625000e+02
2.871015930175781250e+02
2.871680603027343750e+02
2.871725463867187500e+02
2.870474548339843750e+02
2.870565185546875000e+02
2.870201110839843750e+02
2.870783691406250000e+02
2.871219482421875000e+02
2.870234985351562500e+02
2.870346984863281250e+02
2.869648437500000000e+02
2.869741210937500000e+02
2.870143127441406250e+02
2.870205383300781250e+02
2.870360107421875000e+02
2.870143127441406250e+02
2.871761779785156250e+02
2.871183166503906250e+02
2.871070861816406250e+02
2.870267639160156250e+02
2.871618957519531250e+02
2.871582031250000000e+02
2.871502380371093750e+02
2.870925903320312500e+02
2.870746154785156250e+02
2.871064147949218750e+02
2.870601806640625000e+02
2.871502380371093750e+02
2.870707092285156250e+02
2.871283569335937500e+02
2.869555664062500000e+02
2.871413879394531250e+02
2.870082397460937500e+02
2.870761718750000000e+02
2.870544738769531250e+02
2.869958190917968750e+02
2.870692749023437500e+02
2.870601806640625000e+02
2.870636596679687500e+02
2.870109863281250000e+02
2.869958190917968750e+02
2.870292358398437500e+02
2.870484619140625000e+02
2.871592712402343750e+02
2.871636962890625000e+02
2.870298767089843750e+02
2.871021118164062500e+02
2.869648437500000000e+02
2.871813049316406250e+02
2.872027587890625000e+02
2.870292358398437500e+02
2.870218505859375000e+02
2.869800109863281250e+02
2.869909362792968750e+02
2.869833679199218750e+02
2.869648437500000000e+02
2.869637451171875000e+02
2.868835754394531250e+02
2.869180297851562500e+02
2.868870849609375000e+02
2.870346984863281250e+02
2.872113647460937500e+02
2.870109863281250000e+02
2.871151428222656250e+02
2.871284790039062500e+02
2.871145019531250000e+02
2.869028320312500000e+02
2.869616394042968750e+02
2.870109863281250000e+02
2.869741210937500000e+02
2.870452880859375000e+02
2.870256042480468750e+02
2.870819702148437500e+02
2.869983215332031250e+02
2.870050964355468750e+02
2.869616394042968750e+02
2.871372375488281250e+02
2.870888366699218750e+02
2.870692749023437500e+02
2.872027587890625000e+02
2.871672058105468750e+02
2.871054992675781250e+02
2.870844116210937500e+02
2.869983215332031250e+02
2.871892395019531250e+02
2.870874633789062500e+02
2.870267639160156250e+02
2.871491699218750000e+02
2.870874633789062500e+02
2.872064208984375000e+02
2.870796508789062500e+02
2.870796508789062500e+02
2.869616394042968750e+02
2.870137939453125000e+02
2.869245910644531250e+02
2.871092224121093750e+02
2.866522827148437500e+02
2.871324462890625000e+02
2.871283569335937500e+02
2.872335205078125000e+02
2.871549377441406250e+02
2.870746154785156250e+02
2.871219482421875000e+02
2.871725463867187500e+02
2.870886535644531250e+02
2.868016357421875000e+02
2.869958190917968750e+02
2.868490295410156250e+02
2.870925903320312500e+02
2.869020996093750000e+02
2.871015930175781250e+02
2.870844116210937500e+02
2.869305114746093750e+02
2.869261169433593750e+02
2.868950195312500000e+02
2.868994445800781250e+02
2.870018005371093750e+02
2.869751586914062500e+02
2.868639221191406250e+02
2.869989013671875000e+02
2.869865722656250000e+02
2.869331054687500000e+02
2.869958190917968750e+02
2.869331054687500000e+02
2.870910644531250000e+02
2.871036987304687500e+02
2.870854187011718750e+02
2.870452880859375000e+02
2.866304321289062500e+02
2.867040100097656250e+02
2.869519348144531250e+02
2.868896179199218750e+02
2.868080139160156250e+02
2.867831115722656250e+02
2.869165344238281250e+02
2.869331054687500000e+02
2.868214111328125000e+02
2.869761657714843750e+02
2.870514831542968750e+02
2.869895629882812500e+02
2.869422302246093750e+02
2.869356384277343750e+02
2.869895629882812500e+02
2.870267639160156250e+02
2.872200012207031250e+02
2.869801940917968750e+02
2.872027587890625000e+02
2.872456665039062500e+02
2.872371520996093750e+02
2.871654968261718750e+02
2.871183166503906250e+02
2.869976806640625000e+02
2.871769409179687500e+02
2.871363830566406250e+02
2.869117431640625000e+02
2.867767028808593750e+02
2.866416015625000000e+02
2.868524780273437500e+02
2.869666748046875000e+02
2.870096435546875000e+02
2.873170471191406250e+02
2.869594116210937500e+02
2.870910644531250000e+02
2.872692260742187500e+02
2.870000610351562500e+02
2.873130493164062500e+02
2.869732971191406250e+02
2.872473144531250000e+02
2.869129943847656250e+02
2.872868347167968750e+02
2.868934326171875000e+02
2.872776794433593750e+02
2.869666748046875000e+02
2.871254577636718750e+02
2.870484619140625000e+02
2.871219482421875000e+02
2.871380004882812500e+02
2.870886535644531250e+02
2.871287841796875000e+02
2.871363830566406250e+02
2.870175476074218750e+02
2.871183166503906250e+02
2.868877258300781250e+02
2.871036987304687500e+02
2.870666503906250000e+02
2.872208557128906250e+02
2.873101501464843750e+02
2.871769409179687500e+02
2.870617370605468750e+02
2.869741210937500000e+02
2.870419006347656250e+02
2.869945983886718750e+02
2.870018310546875000e+02
2.868703613281250000e+02
2.871460571289062500e+02
2.869115600585937500e+02
2.870783691406250000e+02
2.871284790039062500e+02
2.871054992675781250e+02
2.871633300781250000e+02
2.870383911132812500e+02
2.871584777832031250e+02
2.871989135742187500e+02
2.872379760742187500e+02
2.871549377441406250e+02
2.870074462890625000e+02
2.870874633789062500e+02
2.870727844238281250e+02
2.871363830566406250e+02
2.872405090332031250e+02
2.871988525390625000e+02
2.871654968261718750e+02
2.872764587402343750e+02
2.871183166503906250e+02
2.873548889160156250e+02
2.871363830566406250e+02
2.871054992675781250e+02
2.871054992675781250e+02
2.871769409179687500e+02
2.870175476074218750e+02
2.870360107421875000e+02
2.870565185546875000e+02
2.869369201660156250e+02
2.870346984863281250e+02
2.870038146972656250e+02
2.870226440429687500e+02
2.868351745605468750e+02
2.870544738769531250e+02
2.870143127441406250e+02
2.871453552246093750e+02
2.870874633789062500e+02
2.871636962890625000e+02
2.871767272949218750e+02
2.871283569335937500e+02
2.871105651855468750e+02
2.870819702148437500e+02
2.871372375488281250e+02
2.870746154785156250e+02
2.871725463867187500e+02
2.870819702148437500e+02
2.870669555664062500e+02
2.871324462890625000e+02
2.870178833007812500e+02
2.871857299804687500e+02
2.870038146972656250e+02
2.870018005371093750e+02
2.868811340332031250e+02
2.868283081054687500e+02
2.868965454101562500e+02
2.869800109863281250e+02
2.869490356445312500e+02
2.869020996093750000e+02
2.870018005371093750e+02
2.870128173828125000e+02
2.869983215332031250e+02
2.870109863281250000e+02
2.869306640625000000e+02
2.869999389648437500e+02
2.870474548339843750e+02
2.870165405273437500e+02
2.870487976074218750e+02
2.870089111328125000e+02
2.869431457519531250e+02
2.870707092285156250e+02
2.870398254394531250e+02
2.869490356445312500e+02
2.869637451171875000e+02
2.869856262207031250e+02
2.869306640625000000e+02
2.869741210937500000e+02
2.870256042480468750e+02
2.870565185546875000e+02
2.869121398925781250e+02
2.869398193359375000e+02
2.870707092285156250e+02
2.870256042480468750e+02
2.869958190917968750e+02
2.871582031250000000e+02
2.871543273925781250e+02
2.871636962890625000e+02
2.871549377441406250e+02
2.871636962890625000e+02
2.870655517578125000e+02
2.871015930175781250e+02
2.871145019531250000e+02
2.870836181640625000e+02
2.871194152832031250e+02
2.870565185546875000e+02
2.870256042480468750e+02
2.869925842285156250e+02
2.870910644531250000e+02
2.871194152832031250e+02
2.870836181640625000e+02
2.871183166503906250e+02
2.870761718750000000e+02
2.870327453613281250e+02
2.869648437500000000e+02
2.869833679199218750e+02
2.869673461914062500e+02
2.869275512695312500e+02
2.871543273925781250e+02
2.868904113769531250e+02
2.870391845703125000e+02
2.870783691406250000e+02
2.870109863281250000e+02
2.870874633789062500e+02
2.871152343750000000e+02
2.870819702148437500e+02
2.869673461914062500e+02
2.871584777832031250e+02
2.871001892089843750e+02
2.870267639160156250e+02
2.871219482421875000e+02
2.871219482421875000e+02
2.871811218261718750e+02
2.869801940917968750e+02
2.871940917968750000e+02
2.871183166503906250e+02
2.870925903320312500e+02
2.870746154785156250e+02
2.871015930175781250e+02
2.871372375488281250e+02
2.870383911132812500e+02
2.870074462890625000e+02
2.870327453613281250e+02
2.869741210937500000e+02
2.869983215332031250e+02
2.869369201660156250e+02
2.870109863281250000e+02
2.871632995605468750e+02
2.870267639160156250e+02
2.871219482421875000e+02
2.871453552246093750e+02
2.870474548339843750e+02
2.869947204589843750e+02
2.870746154785156250e+02
2.870746154785156250e+02
2.869983215332031250e+02
2.870437622070312500e+02
2.870761718750000000e+02
2.870360107421875000e+02
2.871183166503906250e+02
2.871219482421875000e+02
2.870419006347656250e+02
2.870874633789062500e+02
2.869648437500000000e+02
2.870746154785156250e+02
2.870510559082031250e+02
2.870783691406250000e+02
2.870165405273437500e+02
2.871194152832031250e+02
2.870267639160156250e+02
2.871528625488281250e+02
2.870608215332031250e+02
2.870608215332031250e+02
2.870608215332031250e+02
2.870701293945312500e+02
2.871363830566406250e+02
2.870692749023437500e+02
2.870746154785156250e+02
2.870746154785156250e+02
2.870292358398437500e+02
2.869881896972656250e+02
2.868328247070312500e+02
2.868994445800781250e+02
2.870544738769531250e+02
2.870166320800781250e+02
2.868508605957031250e+02
2.869236145019531250e+02
2.868994445800781250e+02
2.870140380859375000e+02
2.868683776855468750e+02
2.869475402832031250e+02
2.868354187011718750e+02
2.869555969238281250e+02
2.869261169433593750e+02
2.868312072753906250e+02
2.871945190429687500e+02
2.869690551757812500e+02
2.870946655273437500e+02
2.870140075683593750e+02
2.869616088867187500e+02
2.872416687011718750e+02
2.872145080566406250e+02
2.870469055175781250e+02
2.870177001953125000e+02
2.872271728515625000e+02
2.869945983886718750e+02
2.871890258789062500e+02
2.872253112792968750e+02
2.870298767089843750e+02
2.872642211914062500e+02
2.869989013671875000e+02
2.872863159179687500e+02
2.872997436523437500e+02
2.873043212890625000e+02
2.871226806640625000e+02
2.872516174316406250e+02
2.872516174316406250e+02
2.869187927246093750e+02
2.868653259277343750e+02
2.870421752929687500e+02
2.869359741210937500e+02
2.866936340332031250e+02
2.869594116210937500e+02
2.869635620117187500e+02
2.869129943847656250e+02
2.869712219238281250e+02
2.871746215820312500e+02
2.870421752929687500e+02
2.871769409179687500e+02
2.869856567382812500e+02
2.872823486328125000e+02
2.870637817382812500e+02
2.872516174316406250e+02
2.871460571289062500e+02
2.869451904296875000e+02
2.871015930175781250e+02
2.870910644531250000e+02
2.868904113769531250e+02
2.870267639160156250e+02
2.871767272949218750e+02
2.870544738769531250e+02
2.872456665039062500e+02
2.870267639160156250e+02
2.870608215332031250e+02
2.872985839843750000e+02
2.871543273925781250e+02
2.872910156250000000e+02
2.873211975097656250e+02
2.872627563476562500e+02
2.871195678710937500e+02
2.871596679687500000e+02
2.870544738769531250e+02
2.871652832031250000e+02
2.870975036621093750e+02
2.869833679199218750e+02
2.869331054687500000e+02
2.869648437500000000e+02
2.869951477050781250e+02
