2.884385101016999897e+02
2.885076374370651706e+02
2.885049342078170298e+02
2.882960284041718637e+02
2.884385101016999897e+02
2.885076374370651706e+02
2.887950322808687815e+02
2.860057958432176406e+02
2.884269581805239682e+02
2.884797568625312465e+02
2.883131135719856388e+02
2.894673290975308646e+02
2.883661315197614954e+02
2.885520202049224849e+02
2.884385101016999897e+02
2.885076374370651706e+02
2.884269581805239682e+02
2.884816994656926568e+02
2.884385101016999897e+02
2.894673290975308646e+02
2.892209815712340628e+02
2.890376654863733847e+02
2.884385101016999897e+02
2.884385101016999897e+02
2.885076374370651706e+02
2.889063185697856397e+02
2.885049342078170298e+02
2.884816994656926568e+02
2.884737184796546785e+02
2.883131135719856388e+02
2.889063185697856397e+02
2.884385101016999897e+02
2.883879686797703812e+02
2.894673290975308646e+02
2.884385101016999897e+02
2.884816994656926568e+02
2.884385101016999897e+02
2.812098335329777683e+02
2.884385101016999897e+02
2.894673290975308646e+02
2.894673290975308646e+02
2.890376654863733847e+02
2.894673290975308646e+02
2.894673290975308646e+02
2.854893384828575336e+02
2.861485619866455181e+02
2.862143916355003626e+02
2.852046925753815003e+02
2.860385760024569777e+02
2.851296075908082344e+02
2.812051296369778015e+02
2.845529846559987845e+02
2.864529219691507365e+02
2.892430490395161087e+02
2.864529219691507365e+02
2.811934341678053784e+02
2.852951181777746683e+02
2.852046925753815003e+02
2.854893384828575336e+02
2.854684600336332210e+02
2.854893384828575336e+02
2.852973557489398218e+02
2.862099532408403775e+02
2.861439430773991148e+02
2.860057958432176406e+02
2.861485619866455181e+02
2.851296075908082344e+02
2.892209815712340628e+02
2.885520202049224849e+02
2.864529219691507365e+02
2.860385760024569777e+02
2.859077052700387753e+02
2.882960284041718637e+02
2.864529219691507365e+02
2.854893384828575336e+02
2.811755792756991923e+02
2.812098335329777683e+02
2.818226922636352469e+02
2.861485619866455181e+02
2.861485619866455181e+02
2.861046781572837290e+02
2.894673290975308646e+02
2.861046781572837290e+02
2.860653432051235541e+02
2.861041108729714892e+02
2.854893384828575336e+02
2.854612784760321915e+02
2.852951181777746683e+02
2.854043975404694038e+02
2.854892559710154387e+02
2.861485619866455181e+02
2.854789295435193139e+02
2.861046781572837290e+02
2.861439430773991148e+02
2.892430490395161087e+02
2.860057958432176406e+02
2.860057958432176406e+02
2.864529219691507365e+02
2.863455740500069737e+02
2.854893384828575336e+02
2.852046925753815003e+02
2.861439430773991148e+02
2.852046925753815003e+02
2.883879686797703812e+02
2.886174360901472369e+02
2.883879686797703812e+02
2.854893384828575336e+02
2.854929407733178550e+02
2.859081406163446104e+02
2.885520202049224849e+02
2.860057958432176406e+02
2.846686041155886642e+02
2.818453832992246930e+02
2.818226922636352469e+02
2.852481072123509875e+02
2.861046781572837290e+02
2.887679424980472049e+02
2.884269581805239682e+02
2.881365999562797242e+02
2.862143916355003626e+02
2.889063185697856397e+02
2.892209815712340628e+02
2.883879686797703812e+02
2.881365999562797242e+02
2.884737184796546785e+02
2.884816994656926568e+02
2.884385101016999897e+02
2.889063185697856397e+02
2.886174360901472369e+02
2.887950322808687815e+02
2.887950322808687815e+02
2.888818742416336818e+02
2.859081406163446104e+02
2.884737184796546785e+02
2.884385101016999897e+02
2.881365999562797242e+02
2.887703953877169738e+02
2.883879686797703812e+02
2.860385760024569777e+02
2.884952388787318682e+02
2.885076374370651706e+02
2.886019222886791908e+02
2.883131135719856388e+02
2.887679424980472049e+02
2.887703953877169738e+02
2.888818742416336818e+02
2.888818742416336818e+02
2.887679424980472049e+02
2.883131135719856388e+02
2.854893384828575336e+02
2.854776229642017142e+02
2.884737184796546785e+02
2.886019222886791908e+02
2.885049342078170298e+02
2.885049342078170298e+02
2.887369208838028953e+02
2.887703953877169738e+02
2.887950322808687815e+02
2.910459311192551013e+02
2.910719720859418089e+02
2.885076374370651706e+02
2.885863186904399527e+02
2.892209815712340628e+02
2.883888685571080259e+02
2.885049342078170298e+02
2.886174360901472369e+02
2.887613373853360486e+02
2.885076374370651706e+02
2.886019222886791908e+02
2.887613373853360486e+02
2.888818742416336818e+02
2.886019222886791908e+02
2.885520202049224849e+02
2.852046925753815003e+02
2.860385760024569777e+02
2.885520202049224849e+02
2.885076374370651706e+02
2.854789295435193139e+02
2.844640121188706985e+02
2.862099532408403775e+02
2.885076374370651706e+02
2.887679424980472049e+02
2.885520202049224849e+02
2.887369208838028953e+02
2.884797568625312465e+02
2.886019222886791908e+02
2.888818742416336818e+02
2.886174360901472369e+02
2.889218974921104177e+02
2.887679424980472049e+02
2.883688230906155923e+02
2.887613373853360486e+02
2.887950322808687815e+02
2.884816994656926568e+02
2.883888685571080259e+02
2.885076374370651706e+02
2.883131135719856388e+02
2.889063185697856397e+02
2.883131135719856388e+02
2.883688230906155923e+02
2.884737184796546785e+02
2.885049342078170298e+02
2.886174360901472369e+02
2.883131135719856388e+02
2.883688230906155923e+02
2.885520202049224849e+02
2.886174360901472369e+02
2.887679424980472049e+02
2.892430490395161087e+02
2.886019222886791908e+02
2.885520202049224849e+02
2.883688230906155923e+02
2.884797568625312465e+02
2.881365999562797242e+02
2.886019222886791908e+02
2.883888685571080259e+02
2.884952388787318682e+02
2.885076374370651706e+02
2.884952388787318682e+02
2.885076374370651706e+02
2.887679424980472049e+02
2.885520202049224849e+02
2.883879686797703812e+02
2.884737184796546785e+02
2.884797568625312465e+02
2.886174360901472369e+02
2.884737184796546785e+02
2.890376654863733847e+02
2.859081406163446104e+02
2.884385101016999897e+02
2.892209815712340628e+02
2.882960284041718637e+02
2.882960284041718637e+02
2.860385760024569777e+02
2.894673290975308646e+02
2.884816994656926568e+02
2.884737184796546785e+02
2.887679424980472049e+02
2.885520202049224849e+02
2.862143916355003626e+02
2.860385760024569777e+02
2.883879686797703812e+02
2.894673290975308646e+02
2.892209815712340628e+02
2.884816994656926568e+02
2.861041108729714892e+02
2.862143916355003626e+02
2.864529219691507365e+02
2.860385760024569777e+02
2.860057958432176406e+02
2.889063185697856397e+02
2.864529219691507365e+02
2.852046925753815003e+02
2.861041108729714892e+02
2.860385760024569777e+02
2.861439430773991148e+02
2.860653432051235541e+02
2.892209815712340628e+02
2.862143916355003626e+02
2.846686041155886642e+02
2.818453832992246930e+02
2.815252245604438031e+02
2.817329105533049187e+02
2.839895100713276292e+02
2.819169589034941623e+02
2.844640121188706985e+02
2.861439430773991148e+02
2.813390414843380540e+02
2.822878584784476743e+02
2.889063185697856397e+02
2.861439430773991148e+02
2.883688230906155923e+02
2.887703953877169738e+02
2.846686041155886642e+02
2.887369208838028953e+02
2.887679424980472049e+02
2.884385101016999897e+02
2.883131135719856388e+02
2.887679424980472049e+02
2.886174360901472369e+02
2.911072123933688545e+02
2.889063185697856397e+02
2.887369208838028953e+02
2.887613373853360486e+02
2.883131135719856388e+02
2.889063185697856397e+02
2.885520202049224849e+02
2.883661315197614954e+02
2.884797568625312465e+02
2.884816994656926568e+02
2.887613373853360486e+02
2.887950322808687815e+02
2.887613373853360486e+02
2.894673290975308646e+02
2.884385101016999897e+02
2.883888685571080259e+02
2.884385101016999897e+02
2.884612894911392118e+02
2.882960284041718637e+02
2.881365999562797242e+02
2.883131135719856388e+02
2.883888685571080259e+02
2.864529219691507365e+02
2.894673290975308646e+02
2.886019222886791908e+02
2.884797568625312465e+02
2.885520202049224849e+02
2.885076374370651706e+02
2.884612894911392118e+02
2.884797568625312465e+02
2.885076374370651706e+02
2.852046925753815003e+02
2.864529219691507365e+02
2.884612894911392118e+02
2.884816994656926568e+02
2.885520202049224849e+02
2.883131135719856388e+02
2.886019222886791908e+02
2.887703953877169738e+02
2.887679424980472049e+02
2.885076374370651706e+02
2.884816994656926568e+02
2.887679424980472049e+02
2.885520202049224849e+02
2.883879686797703812e+02
2.884952388787318682e+02
2.894673290975308646e+02
2.889063185697856397e+02
2.884737184796546785e+02
2.882960284041718637e+02
2.889063185697856397e+02
2.884737184796546785e+02
2.883888685571080259e+02
2.885076374370651706e+02
2.884737184796546785e+02
2.894673290975308646e+02
2.885049342078170298e+02
2.884952388787318682e+02
2.886174360901472369e+02
2.883688230906155923e+02
2.884612894911392118e+02
2.886019222886791908e+02
2.885520202049224849e+02
2.886174360901472369e+02
2.883131135719856388e+02
2.885863186904399527e+02
2.892430490395161087e+02
2.883661315197614954e+02
2.892209815712340628e+02
2.884737184796546785e+02
2.883879686797703812e+02
2.894673290975308646e+02
2.885049342078170298e+02
2.885520202049224849e+02
2.884269581805239682e+02
2.884385101016999897e+02
2.894673290975308646e+02
2.885520202049224849e+02
2.892430490395161087e+02
2.887950322808687815e+02
2.887613373853360486e+02
2.890376654863733847e+02
2.887613373853360486e+02
2.894673290975308646e+02
2.887369208838028953e+02
2.892323506515596137e+02
2.885520202049224849e+02
2.883888685571080259e+02
2.884385101016999897e+02
2.883888685571080259e+02
2.884737184796546785e+02
2.894673290975308646e+02
2.885076374370651706e+02
2.885049342078170298e+02
2.884385101016999897e+02
2.884385101016999897e+02
2.884952388787318682e+02
2.892361562157153685e+02
2.884385101016999897e+02
2.889664126998217171e+02
2.887950322808687815e+02
2.883888685571080259e+02
2.894673290975308646e+02
2.883879686797703812e+02
2.884385101016999897e+02
2.889063185697856397e+02
2.884737184796546785e+02
2.885076374370651706e+02
2.884816994656926568e+02
2.885520202049224849e+02
2.889063185697856397e+02
2.883879686797703812e+02
2.886019222886791908e+02
2.887369208838028953e+02
2.885049342078170298e+02
2.892323506515596137e+02
2.884612894911392118e+02
2.884612894911392118e+02
2.884797568625312465e+02
2.885520202049224849e+02
2.896765709488328184e+02
2.885076374370651706e+02
2.894673290975308646e+02
2.885076374370651706e+02
2.885076374370651706e+02
2.910459311192551013e+02
2.883661315197614954e+02
2.883661315197614954e+02
2.883879686797703812e+02
2.886019222886791908e+02
2.892430490395161087e+02
2.887679424980472049e+02
2.854239439517114079e+02
2.883131135719856388e+02
2.885863186904399527e+02
2.892323506515596137e+02
2.881365999562797242e+02
2.884612894911392118e+02
2.885520202049224849e+02
2.887703953877169738e+02
2.894673290975308646e+02
2.854892559710154387e+02
2.894673290975308646e+02
2.853873179995264309e+02
2.883688230906155923e+02
2.862143916355003626e+02
2.883131135719856388e+02
2.884797568625312465e+02
2.851296075908082344e+02
2.854892559710154387e+02
2.854892559710154387e+02
2.851296075908082344e+02
2.884269581805239682e+02
2.854893384828575336e+02
2.854892559710154387e+02
2.890376654863733847e+02
2.892430490395161087e+02
2.862143916355003626e+02
2.894673290975308646e+02
2.862143916355003626e+02
2.885520202049224849e+02
2.884385101016999897e+02
2.883879686797703812e+02
2.884737184796546785e+02
2.822319098691648378e+02
2.812051296369778015e+02
2.852854362816477192e+02
2.845529846559987845e+02
2.812098335329777683e+02
2.852973557489398218e+02
2.861485619866455181e+02
2.862143916355003626e+02
2.854976510053924699e+02
2.862099532408403775e+02
2.882960284041718637e+02
2.882960284041718637e+02
2.853873179995264309e+02
2.861439430773991148e+02
2.882960284041718637e+02
2.894673290975308646e+02
2.896765709488328184e+02
2.864529219691507365e+02
2.892323506515596137e+02
2.908865869531693420e+02
2.910459311192551013e+02
2.884385101016999897e+02
2.885076374370651706e+02
2.861439430773991148e+02
2.884797568625312465e+02
2.884612894911392118e+02
2.811934341678053784e+02
2.821623696755676178e+02
2.811662585145476214e+02
2.854976510053924699e+02
2.861439430773991148e+02
2.861485619866455181e+02
2.889218974921104177e+02
2.861041108729714892e+02
2.885520202049224849e+02
2.884797568625312465e+02
2.863455740500069737e+02
2.887950322808687815e+02
2.853873179995264309e+02
2.881365999562797242e+02
2.854893384828575336e+02
2.887613373853360486e+02
2.854776229642017142e+02
2.890604476170634598e+02
2.861439430773991148e+02
2.884269581805239682e+02
2.892430490395161087e+02
2.885520202049224849e+02
2.884737184796546785e+02
2.894673290975308646e+02
2.889063185697856397e+02
2.884612894911392118e+02
2.892430490395161087e+02
2.885076374370651706e+02
2.860653432051235541e+02
2.884385101016999897e+02
2.885863186904399527e+02
2.887950322808687815e+02
2.910719720859418089e+02
2.884797568625312465e+02
2.883688230906155923e+02
2.889063185697856397e+02
2.884385101016999897e+02
2.854239439517114079e+02
2.859081406163446104e+02
2.854239439517114079e+02
2.884797568625312465e+02
2.859077052700387753e+02
2.887679424980472049e+02
2.887950322808687815e+02
2.884612894911392118e+02
2.889218974921104177e+02
2.885049342078170298e+02
2.896765709488328184e+02
2.910719720859418089e+02
2.910719720859418089e+02
2.881365999562797242e+02
2.885049342078170298e+02
2.885076374370651706e+02
2.884385101016999897e+02
2.884612894911392118e+02
2.910719720859418089e+02
2.886019222886791908e+02
2.884385101016999897e+02
2.908865869531693420e+02
2.885076374370651706e+02
2.910719720859418089e+02
2.884612894911392118e+02
2.884612894911392118e+02
2.884612894911392118e+02
2.884797568625312465e+02
2.892430490395161087e+02
2.889063185697856397e+02
2.885076374370651706e+02
2.890376654863733847e+02
2.884952388787318682e+02
2.884952388787318682e+02
2.884797568625312465e+02
2.861041108729714892e+02
2.883879686797703812e+02
2.884737184796546785e+02
2.883888685571080259e+02
2.885076374370651706e+02
2.887613373853360486e+02
2.889664126998217171e+02
2.885863186904399527e+02
2.883661315197614954e+02
2.884816994656926568e+02
2.886019222886791908e+02
2.884612894911392118e+02
2.887703953877169738e+02
2.884816994656926568e+02
2.889063185697856397e+02
2.883131135719856388e+02
2.883661315197614954e+02
2.881365999562797242e+02
2.884952388787318682e+02
2.884269581805239682e+02
2.889063185697856397e+02
2.884737184796546785e+02
2.882960284041718637e+02
2.884385101016999897e+02
2.884385101016999897e+02
2.862143916355003626e+02
2.884269581805239682e+02
2.884612894911392118e+02
2.885520202049224849e+02
2.884385101016999897e+02
2.883879686797703812e+02
2.883688230906155923e+02
2.887679424980472049e+02
2.887679424980472049e+02
2.883661315197614954e+02
2.883131135719856388e+02
2.889063185697856397e+02
2.883131135719856388e+02
2.883131135719856388e+02
2.884385101016999897e+02
2.885076374370651706e+02
2.887679424980472049e+02
2.883879686797703812e+02
2.889063185697856397e+02
2.885076374370651706e+02
2.885076374370651706e+02
2.889063185697856397e+02
2.884269581805239682e+02
2.883131135719856388e+02
2.885076374370651706e+02
2.894673290975308646e+02
2.884952388787318682e+02
2.883688230906155923e+02
2.887613373853360486e+02
2.881365999562797242e+02
2.887613373853360486e+02
2.884952388787318682e+02
2.883131135719856388e+02
2.883888685571080259e+02
2.883888685571080259e+02
2.886174360901472369e+02
2.885076374370651706e+02
2.885076374370651706e+02
2.883879686797703812e+02
2.885520202049224849e+02
2.886174360901472369e+02
2.883888685571080259e+02
2.885076374370651706e+02
2.884737184796546785e+02
2.884269581805239682e+02
2.894673290975308646e+02
2.884737184796546785e+02
2.885520202049224849e+02
2.882960284041718637e+02
2.883688230906155923e+02
2.884737184796546785e+02
2.892209815712340628e+02
2.887679424980472049e+02
2.884385101016999897e+02
2.885076374370651706e+02
2.884797568625312465e+02
2.884816994656926568e+02
2.885520202049224849e+02
2.896765709488328184e+02
2.885049342078170298e+02
2.894673290975308646e+02
2.885520202049224849e+02
2.885520202049224849e+02
2.886174360901472369e+02
2.864529219691507365e+02
2.883131135719856388e+02
2.885076374370651706e+02
2.883688230906155923e+02
2.884612894911392118e+02
2.883131135719856388e+02
2.886019222886791908e+02
2.885049342078170298e+02
2.885049342078170298e+02
2.884269581805239682e+02
2.889063185697856397e+02
2.885520202049224849e+02
2.890376654863733847e+02
2.884385101016999897e+02
2.883131135719856388e+02
2.894673290975308646e+02
2.885520202049224849e+02
2.883888685571080259e+02
2.887679424980472049e+02
2.885076374370651706e+02
2.884612894911392118e+02
2.884612894911392118e+02
2.885520202049224849e+02
2.884612894911392118e+02
2.884737184796546785e+02
2.889063185697856397e+02
2.885076374370651706e+02
2.885520202049224849e+02
2.884385101016999897e+02
2.885076374370651706e+02
2.894673290975308646e+02
2.884612894911392118e+02
2.884816994656926568e+02
2.887679424980472049e+02
2.887679424980472049e+02
2.886174360901472369e+02
2.894673290975308646e+02
2.885520202049224849e+02
2.890376654863733847e+02
2.890376654863733847e+02
2.890376654863733847e+02
2.892209815712340628e+02
2.884612894911392118e+02
2.885049342078170298e+02
2.884612894911392118e+02
2.884612894911392118e+02
2.885520202049224849e+02
2.861046781572837290e+02
2.854892559710154387e+02
2.851296075908082344e+02
2.883879686797703812e+02
2.861463308776231997e+02
2.854893384828575336e+02
2.861463308776231997e+02
2.851296075908082344e+02
2.860385760024569777e+02
2.851296075908082344e+02
2.861485619866455181e+02
2.852951181777746683e+02
2.854776229642017142e+02
2.854892559710154387e+02
2.854776229642017142e+02
2.887613373853360486e+02
2.863455740500069737e+02
2.859081406163446104e+02
2.852854362816477192e+02
2.851296075908082344e+02
2.885076374370651706e+02
2.885520202049224849e+02
2.854906544329660392e+02
2.854776229642017142e+02
2.884385101016999897e+02
2.854239439517114079e+02
2.884952388787318682e+02
2.887613373853360486e+02
2.890376654863733847e+02
2.892323506515596137e+02
2.890376654863733847e+02
2.889218974921104177e+02
2.889664126998217171e+02
2.887369208838028953e+02
2.890376654863733847e+02
2.887950322808687815e+02
2.887950322808687815e+02
2.860653432051235541e+02
2.854612784760321915e+02
2.864529219691507365e+02
2.854929407733178550e+02
2.811755792756991923e+02
2.861041108729714892e+02
2.854239439517114079e+02
2.854893384828575336e+02
2.852046925753815003e+02
2.884816994656926568e+02
2.864529219691507365e+02
2.884797568625312465e+02
2.861463308776231997e+02
2.887950322808687815e+02
2.859081406163446104e+02
2.887950322808687815e+02
2.884797568625312465e+02
2.862099532408403775e+02
2.883131135719856388e+02
2.885520202049224849e+02
2.884737184796546785e+02
2.894673290975308646e+02
2.889664126998217171e+02
2.883879686797703812e+02
2.908865869531693420e+02
2.894673290975308646e+02
2.890376654863733847e+02
2.910459311192551013e+02
2.883688230906155923e+02
2.910719720859418089e+02
2.884612894911392118e+02
2.910693363041236807e+02
2.894673290975308646e+02
2.889063185697856397e+02
2.883879686797703812e+02
2.910719720859418089e+02
2.885863186904399527e+02
2.884737184796546785e+02
2.862143916355003626e+02
2.894673290975308646e+02
2.862143916355003626e+02
