2.866952209472656250e+02
2.871638183593750000e+02
2.869999389648437500e+02
2.858563842773437500e+02
2.866952209472656250e+02
2.870861511230468750e+02
2.886396179199218750e+02
2.853546142578125000e+02
2.865156860351562500e+02
2.882137451171875000e+02
2.877478027343750000e+02
2.861473693847656250e+02
2.877711181640625000e+02
2.868984069824218750e+02
2.865009155273437500e+02
2.871638183593750000e+02
2.865935668945312500e+02
2.868748474121093750e+02
2.867731933593750000e+02
2.862254028320312500e+02
2.860996398925781250e+02
2.859976196289062500e+02
2.866952209472656250e+02
2.866952209472656250e+02
2.872416992187500000e+02
2.862102966308593750e+02
2.869220886230468750e+02
2.867190246582031250e+02
2.863121948242187500e+02
2.876700744628906250e+02
2.862102966308593750e+02
2.866174011230468750e+02
2.863750915527343750e+02
2.860306396484375000e+02
2.866563110351562500e+02
2.867579040527343750e+02
2.865785217285156250e+02
2.805260925292968750e+02
2.865397033691406250e+02
2.860306396484375000e+02
2.860694885253906250e+02
2.857245178222656250e+02
2.860694885253906250e+02
2.861083984375000000e+02
2.834650268554687500e+02
2.844953308105468750e+02
2.849695434570312500e+02
2.840059204101562500e+02
2.852133483886718750e+02
2.838640136718750000e+02
2.805777282714843750e+02
2.815968322753906250e+02
2.854425048828125000e+02
2.859675292968750000e+02
2.855202331542968750e+02
2.808263549804687500e+02
2.822863464355468750e+02
2.840059204101562500e+02
2.833869934082031250e+02
2.825845031738281250e+02
2.833869934082031250e+02
2.823121337890625000e+02
2.848423461914062500e+02
2.847396850585937500e+02
2.853546142578125000e+02
2.845733642578125000e+02
2.839808959960937500e+02
2.859044494628906250e+02
2.867817382812500000e+02
2.856370849609375000e+02
2.851744384765625000e+02
2.851109619140625000e+02
2.857002258300781250e+02
2.855591430664062500e+02
2.833091125488281250e+02
2.801607055664062500e+02
2.804481506347656250e+02
2.807354736328125000e+02
2.843009643554687500e+02
2.843786010742187500e+02
2.845201721191406250e+02
2.859530334472656250e+02
2.844813537597656250e+02
2.841088867187500000e+02
2.842507629394531250e+02
2.834259948730468750e+02
2.824417724609375000e+02
2.820912780761718750e+02
2.824158935546875000e+02
2.827917785644531250e+02
2.843397216796875000e+02
2.832057495117187500e+02
2.844813537597656250e+02
2.846618041992187500e+02
2.858898315429687500e+02
2.852379455566406250e+02
2.853157348632812500e+02
2.854813537597656250e+02
2.842757873535156250e+02
2.833869934082031250e+02
2.839670104980468750e+02
2.846229248046875000e+02
2.840838928222656250e+02
2.864139709472656250e+02
2.878334045410156250e+02
2.862974548339843750e+02
2.833091125488281250e+02
2.829343261718750000e+02
2.854568786621093750e+02
2.868205566406250000e+02
2.854325561523437500e+02
2.815973205566406250e+02
2.778577880859375000e+02
2.807745361328125000e+02
2.820392761230468750e+02
2.845591735839843750e+02
2.869071960449218750e+02
2.863992309570312500e+02
2.881982116699218750e+02
2.850474243164062500e+02
2.861714172363281250e+02
2.858655090332031250e+02
2.864528808593750000e+02
2.882756958007812500e+02
2.863900756835937500e+02
2.867968444824218750e+02
2.866174011230468750e+02
2.862882385253906250e+02
2.879498596191406250e+02
2.887559204101562500e+02
2.887947387695312500e+02
2.888952636718750000e+02
2.854958801269531250e+02
2.863511047363281250e+02
2.866563110351562500e+02
2.883533020019531250e+02
2.885935974121093750e+02
2.864139709472656250e+02
2.851744384765625000e+02
2.871487731933593750e+02
2.870861511230468750e+02
2.880740051269531250e+02
2.876312255859375000e+02
2.870624084472656250e+02
2.883996887207031250e+02
2.887789001464843750e+02
2.887402038574218750e+02
2.871402587890625000e+02
2.876312255859375000e+02
2.832314147949218750e+02
2.829858093261718750e+02
2.861955871582031250e+02
2.879578552246093750e+02
2.868445129394531250e+02
2.868832702636718750e+02
2.885777587890625000e+02
2.884383850097656250e+02
2.886396179199218750e+02
2.896198425292968750e+02
2.900969848632812500e+02
2.871638183593750000e+02
2.879343566894531250e+02
2.858655090332031250e+02
2.874289245605468750e+02
2.868832702636718750e+02
2.877945861816406250e+02
2.884540405273437500e+02
2.871249694824218750e+02
2.879965209960937500e+02
2.883377075195312500e+02
2.888176574707031250e+02
2.881128845214843750e+02
2.868205566406250000e+02
2.840838928222656250e+02
2.852912292480468750e+02
2.868984069824218750e+02
2.872027587890625000e+02
2.832836608886718750e+02
2.816098937988281250e+02
2.848034057617187500e+02
2.871249694824218750e+02
2.869847106933593750e+02
2.867817382812500000e+02
2.885777587890625000e+02
2.882525329589843750e+02
2.881517028808593750e+02
2.888176574707031250e+02
2.878721618652343750e+02
2.891188964843750000e+02
2.871013183593750000e+02
2.875688781738281250e+02
2.884152221679687500e+02
2.887559204101562500e+02
2.867579040527343750e+02
2.874289245605468750e+02
2.870473937988281250e+02
2.876700744628906250e+02
2.862882385253906250e+02
2.876700744628906250e+02
2.876077575683593750e+02
2.863900756835937500e+02
2.870388183593750000e+02
2.879887695312500000e+02
2.877089233398437500e+02
2.876856079101562500e+02
2.869373474121093750e+02
2.880277404785156250e+02
2.871402587890625000e+02
2.860064392089843750e+02
2.881517028808593750e+02
2.868594665527343750e+02
2.876466979980468750e+02
2.882525329589843750e+02
2.882756958007812500e+02
2.880740051269531250e+02
2.874677429199218750e+02
2.873430175781250000e+02
2.871638183593750000e+02
2.872263183593750000e+02
2.870473937988281250e+02
2.870624084472656250e+02
2.869373474121093750e+02
2.864139709472656250e+02
2.863121948242187500e+02
2.881361389160156250e+02
2.878721618652343750e+02
2.862732849121093750e+02
2.857634277343750000e+02
2.855739135742187500e+02
2.866563110351562500e+02
2.860214843750000000e+02
2.858173217773437500e+02
2.857782897949218750e+02
2.854475402832031250e+02
2.861083984375000000e+02
2.867968444824218750e+02
2.863511047363281250e+02
2.870624084472656250e+02
2.869373474121093750e+02
2.850863952636718750e+02
2.852133483886718750e+02
2.863750915527343750e+02
2.861083984375000000e+02
2.859433898925781250e+02
2.866801452636718750e+02
2.842507629394531250e+02
2.849695434570312500e+02
2.854813537597656250e+02
2.852522888183593750e+02
2.853935852050781250e+02
2.862102966308593750e+02
2.855202331542968750e+02
2.840448608398437500e+02
2.842507629394531250e+02
2.851355895996093750e+02
2.846229248046875000e+02
2.841478271484375000e+02
2.859433898925781250e+02
2.851645202636718750e+02
2.817530517578125000e+02
2.779743347167968750e+02
2.774828491210937500e+02
2.779967041015625000e+02
2.813360595703125000e+02
2.784595642089843750e+02
2.817660827636718750e+02
2.847396850585937500e+02
2.796473388671875000e+02
2.810618591308593750e+02
2.861714172363281250e+02
2.847396850585937500e+02
2.876856079101562500e+02
2.885547180175781250e+02
2.817920532226562500e+02
2.885003662109375000e+02
2.870235900878906250e+02
2.865785217285156250e+02
2.875924682617187500e+02
2.870624084472656250e+02
2.877945861816406250e+02
2.894424438476562500e+02
2.861326293945312500e+02
2.885390625000000000e+02
2.883764648437500000e+02
2.876700744628906250e+02
2.863272399902343750e+02
2.870154113769531250e+02
2.878877563476562500e+02
2.883693237304687500e+02
2.869529418945312500e+02
2.885708007812500000e+02
2.889114990234375000e+02
2.886097717285156250e+02
2.863035278320312500e+02
2.866563110351562500e+02
2.875065917968750000e+02
2.866563110351562500e+02
2.872500915527343750e+02
2.855835571289062500e+02
2.882369384765625000e+02
2.877478027343750000e+02
2.874289245605468750e+02
2.855591430664062500e+02
2.861083984375000000e+02
2.880740051269531250e+02
2.882525329589843750e+02
2.868205566406250000e+02
2.872416992187500000e+02
2.873276367187500000e+02
2.882137451171875000e+02
2.873977966308593750e+02
2.842402343750000000e+02
2.856370849609375000e+02
2.873276367187500000e+02
2.866801452636718750e+02
2.868205566406250000e+02
2.876700744628906250e+02
2.880352478027343750e+02
2.884771118164062500e+02
2.870624084472656250e+02
2.871638183593750000e+02
2.867579040527343750e+02
2.870235900878906250e+02
2.867429504394531250e+02
2.864139709472656250e+02
2.873041076660156250e+02
2.861473693847656250e+02
2.862492370605468750e+02
2.863121948242187500e+02
2.856224365234375000e+02
2.861714172363281250e+02
2.863121948242187500e+02
2.873513793945312500e+02
2.870861511230468750e+02
2.861955871582031250e+02
2.860694885253906250e+02
2.868057250976562500e+02
2.871487731933593750e+02
2.878334045410156250e+02
2.875688781738281250e+02
2.873665161132812500e+02
2.881128845214843750e+02
2.868205566406250000e+02
2.878334045410156250e+02
2.877089233398437500e+02
2.879731140136718750e+02
2.860454406738281250e+02
2.877323303222656250e+02
2.858655090332031250e+02
2.862344360351562500e+02
2.863750610351562500e+02
2.861083984375000000e+02
2.869220886230468750e+02
2.868205566406250000e+02
2.864768371582031250e+02
2.866563110351562500e+02
2.861083984375000000e+02
2.868594665527343750e+02
2.859286804199218750e+02
2.887171325683593750e+02
2.883764648437500000e+02
2.857245178222656250e+02
2.884540405273437500e+02
2.861473693847656250e+02
2.885777587890625000e+02
2.892192077636718750e+02
2.868594665527343750e+02
2.875455322265625000e+02
2.866952209472656250e+02
2.875844726562500000e+02
2.863511047363281250e+02
2.861473693847656250e+02
2.872806396484375000e+02
2.871559753417968750e+02
2.867731933593750000e+02
2.868122863769531250e+02
2.873041076660156250e+02
2.893194580078125000e+02
2.866563110351562500e+02
2.889957275390625000e+02
2.887559204101562500e+02
2.874289245605468750e+02
2.862254028320312500e+02
2.864918212890625000e+02
2.866563110351562500e+02
2.862492370605468750e+02
2.862732849121093750e+02
2.872027587890625000e+02
2.866801452636718750e+02
2.868984069824218750e+02
2.862102966308593750e+02
2.864918212890625000e+02
2.880740051269531250e+02
2.886942443847656250e+02
2.869220886230468750e+02
2.892192077636718750e+02
2.872500915527343750e+02
2.873276367187500000e+02
2.882525329589843750e+02
2.868984069824218750e+02
2.894583740234375000e+02
2.871249694824218750e+02
2.860694885253906250e+02
2.870473937988281250e+02
2.871249694824218750e+02
2.896585693359375000e+02
2.878099670410156250e+02
2.878099670410156250e+02
2.864918212890625000e+02
2.882295227050781250e+02
2.860844116210937500e+02
2.869847106933593750e+02
2.839064941406250000e+02
2.876312255859375000e+02
2.879731140136718750e+02
2.891805114746093750e+02
2.882756958007812500e+02
2.873665161132812500e+02
2.867429504394531250e+02
2.884771118164062500e+02
2.859918212890625000e+02
2.829087524414062500e+02
2.861083984375000000e+02
2.837747192382812500e+02
2.875688781738281250e+02
2.850863952636718750e+02
2.876700744628906250e+02
2.882525329589843750e+02
2.839028930664062500e+02
2.827528686523437500e+02
2.827917785644531250e+02
2.839418334960937500e+02
2.865545959472656250e+02
2.832702331542968750e+02
2.828307189941406250e+02
2.857634277343750000e+02
2.860064392089843750e+02
2.850474243164062500e+02
2.861083984375000000e+02
2.850474243164062500e+02
2.867817382812500000e+02
2.865397033691406250e+02
2.863362426757812500e+02
2.862732849121093750e+02
2.790152587890625000e+02
2.804603576660156250e+02
2.837608947753906250e+02
2.812845458984375000e+02
2.804481506347656250e+02
2.823510742187500000e+02
2.844953308105468750e+02
2.850474243164062500e+02
2.831158142089843750e+02
2.847644042968750000e+02
2.855835571289062500e+02
2.856613159179687500e+02
2.836578063964843750e+02
2.847007446289062500e+02
2.856613159179687500e+02
2.860694885253906250e+02
2.894196166992187500e+02
2.855591430664062500e+02
2.892192077636718750e+02
2.897199096679687500e+02
2.896198425292968750e+02
2.864621887207031250e+02
2.870861511230468750e+02
2.846229248046875000e+02
2.881361389160156250e+02
2.872888183593750000e+02
2.804363403320312500e+02
2.790702514648437500e+02
2.801848449707031250e+02
2.830768127441406250e+02
2.846618041992187500e+02
2.843786010742187500e+02
2.889642028808593750e+02
2.842117919921875000e+02
2.867817077636718750e+02
2.880200805664062500e+02
2.842757873535156250e+02
2.885237121582031250e+02
2.836188659667968750e+02
2.881595458984375000e+02
2.833480529785156250e+02
2.882216796875000000e+02
2.831412658691406250e+02
2.889024353027343750e+02
2.846618041992187500e+02
2.863992309570312500e+02
2.859286804199218750e+02
2.867429504394531250e+02
2.861568298339843750e+02
2.859918212890625000e+02
2.860549926757812500e+02
2.872888183593750000e+02
2.859675292968750000e+02
2.870861511230468750e+02
2.841868286132812500e+02
2.865397033691406250e+02
2.880507812500000000e+02
2.886396179199218750e+02
2.912909240722656250e+02
2.881361389160156250e+02
2.876077575683593750e+02
2.862492370605468750e+02
2.866174011230468750e+02
2.834768066406250000e+02
2.854179687500000000e+02
2.836324768066406250e+02
2.881748962402343750e+02
2.851888732910156250e+02
2.870235900878906250e+02
2.887559204101562500e+02
2.873276367187500000e+02
2.891576843261718750e+02
2.869609985351562500e+02
2.894971618652343750e+02
2.907723999023437500e+02
2.908331298828125000e+02
2.882756958007812500e+02
2.869999389648437500e+02
2.871249694824218750e+02
2.865785217285156250e+02
2.872888183593750000e+02
2.900583496093750000e+02
2.879965209960937500e+02
2.864621887207031250e+02
2.896812133789062500e+02
2.870861511230468750e+02
2.910153198242187500e+02
2.872888183593750000e+02
2.873276367187500000e+02
2.873276367187500000e+02
2.881361389160156250e+02
2.859675292968750000e+02
2.861714172363281250e+02
2.871638183593750000e+02
2.858413391113281250e+02
2.873041076660156250e+02
2.873430175781250000e+02
2.883303527832031250e+02
2.843677368164062500e+02
2.863750610351562500e+02
2.863121948242187500e+02
2.873901062011718750e+02
2.871249694824218750e+02
2.883764648437500000e+02
2.889181213378906250e+02
2.879731140136718750e+02
2.877711181640625000e+02
2.866801452636718750e+02
2.880740051269531250e+02
2.873665161132812500e+02
2.884771118164062500e+02
2.866801452636718750e+02
2.861326293945312500e+02
2.876312255859375000e+02
2.878877563476562500e+02
2.882369384765625000e+02
2.873430175781250000e+02
2.865545959472656250e+02
2.863663024902343750e+02
2.865463256835937500e+02
2.857782897949218750e+02
2.866952209472656250e+02
2.867342224121093750e+02
2.850863952636718750e+02
2.865545959472656250e+02
2.874443054199218750e+02
2.868984069824218750e+02
2.866563110351562500e+02
2.865308532714843750e+02
2.876856079101562500e+02
2.870624084472656250e+02
2.871013183593750000e+02
2.878488464355468750e+02
2.877867126464843750e+02
2.862882385253906250e+02
2.877089233398437500e+02
2.877478027343750000e+02
2.867342224121093750e+02
2.872806396484375000e+02
2.871402587890625000e+02
2.865308532714843750e+02
2.862492370605468750e+02
2.872027587890625000e+02
2.871638183593750000e+02
2.863272399902343750e+02
2.866325378417968750e+02
2.877089233398437500e+02
2.872027587890625000e+02
2.861083984375000000e+02
2.871487731933593750e+02
2.874913330078125000e+02
2.883764648437500000e+02
2.882756958007812500e+02
2.883764648437500000e+02
2.872651977539062500e+02
2.876700744628906250e+02
2.874289245605468750e+02
2.874677429199218750e+02
2.878721618652343750e+02
2.871638183593750000e+02
2.872027587890625000e+02
2.864528808593750000e+02
2.867817077636718750e+02
2.878721618652343750e+02
2.874677429199218750e+02
2.870861511230468750e+02
2.862344360351562500e+02
2.865156860351562500e+02
2.861473693847656250e+02
2.863511047363281250e+02
2.869373474121093750e+02
2.857392272949218750e+02
2.874913330078125000e+02
2.864681091308593750e+02
2.858266296386718750e+02
2.870235900878906250e+02
2.866563110351562500e+02
2.871249694824218750e+02
2.882137451171875000e+02
2.866801452636718750e+02
2.869373474121093750e+02
2.894971618652343750e+02
2.868832702636718750e+02
2.860694885253906250e+02
2.867429504394531250e+02
2.867429504394531250e+02
2.877945861816406250e+02
2.855591430664062500e+02
2.875537719726562500e+02
2.870861511230468750e+02
2.875688781738281250e+02
2.873665161132812500e+02
2.876700744628906250e+02
2.880740051269531250e+02
2.869609985351562500e+02
2.869999389648437500e+02
2.865156860351562500e+02
2.862492370605468750e+02
2.868984069824218750e+02
2.858413391113281250e+02
2.866563110351562500e+02
2.875924682617187500e+02
2.860694885253906250e+02
2.867429504394531250e+02
2.873901062011718750e+02
2.870624084472656250e+02
2.872416992187500000e+02
2.873665161132812500e+02
2.873665161132812500e+02
2.868984069824218750e+02
2.874053955078125000e+02
2.862344360351562500e+02
2.861714172363281250e+02
2.870861511230468750e+02
2.867429504394531250e+02
2.866174011230468750e+02
2.871249694824218750e+02
2.861473693847656250e+02
2.873665161132812500e+02
2.867190246582031250e+02
2.870235900878906250e+02
2.871013183593750000e+02
2.878721618652343750e+02
2.860694885253906250e+02
2.867041931152343750e+02
2.856856994628906250e+02
2.856856689453125000e+02
2.856856689453125000e+02
2.857877502441406250e+02
2.872888183593750000e+02
2.869220886230468750e+02
2.873665161132812500e+02
2.873665161132812500e+02
2.868594665527343750e+02
2.845201721191406250e+02
2.828697204589843750e+02
2.839418334960937500e+02
2.863750915527343750e+02
2.848281250000000000e+02
2.834259948730468750e+02
2.849449462890625000e+02
2.839418334960937500e+02
2.851744384765625000e+02
2.839808959960937500e+02
2.844563903808593750e+02
2.821691894531250000e+02
2.830634460449218750e+02
2.827528686523437500e+02
2.832192687988281250e+02
2.883377075195312500e+02
2.843146972656250000e+02
2.853014526367187500e+02
2.836831970214843750e+02
2.838640136718750000e+02
2.869312744140625000e+02
2.866267700195312500e+02
2.832959594726562500e+02
2.829858093261718750e+02
2.863847961425781250e+02
2.834768066406250000e+02
2.871100158691406250e+02
2.882989807128906250e+02
2.857245178222656250e+02
2.891418151855468750e+02
2.857634277343750000e+02
2.890028381347656250e+02
2.887633972167968750e+02
2.884230957031250000e+02
2.856080932617187500e+02
2.886009826660156250e+02
2.886009826660156250e+02
2.841478271484375000e+02
2.824807434082031250e+02
2.854813537597656250e+02
2.828564758300781250e+02
2.803555297851562500e+02
2.842117919921875000e+02
2.835156860351562500e+02
2.833480529785156250e+02
2.839670104980468750e+02
2.865638122558593750e+02
2.854813537597656250e+02
2.881361389160156250e+02
2.848670349121093750e+02
2.885623474121093750e+02
2.853402709960937500e+02
2.886009826660156250e+02
2.881748962402343750e+02
2.848034057617187500e+02
2.876700744628906250e+02
2.867817077636718750e+02
2.864681091308593750e+02
2.860694885253906250e+02
2.889181213378906250e+02
2.863750915527343750e+02
2.897199096679687500e+02
2.860694885253906250e+02
2.856856994628906250e+02
2.895425720214843750e+02
2.874913330078125000e+02
2.906563415527343750e+02
2.870568847656250000e+02
2.899197998046875000e+02
2.859530334472656250e+02
2.860162048339843750e+02
2.863750915527343750e+02
2.903740844726562500e+02
2.880119628906250000e+02
2.863511047363281250e+02
2.850474243164062500e+02
2.861473693847656250e+02
2.849695434570312500e+02
