2.877189331054687500e+02
2.878883361816406250e+02
2.878026123046875000e+02
2.874028625488281250e+02
2.877189331054687500e+02
2.879483032226562500e+02
2.883036193847656250e+02
2.874718933105468750e+02
2.877511291503906250e+02
2.881206970214843750e+02
2.879659118652343750e+02
2.876092224121093750e+02
2.880486450195312500e+02
2.877747192382812500e+02
2.878690185546875000e+02
2.878883361816406250e+02
2.876910095214843750e+02
2.876866149902343750e+02
2.876587219238281250e+02
2.875489807128906250e+02
2.874309082031250000e+02
2.874009399414062500e+02
2.877189331054687500e+02
2.877189331054687500e+02
2.878282470703125000e+02
2.876672668457031250e+02
2.878626708984375000e+02
2.878069152832031250e+02
2.876952514648437500e+02
2.880234375000000000e+02
2.876672668457031250e+02
2.877789916992187500e+02
2.877532348632812500e+02
2.876993408203125000e+02
2.877490234375000000e+02
2.877768859863281250e+02
2.878090515136718750e+02
2.863554992675781250e+02
2.878390502929687500e+02
2.876993408203125000e+02
2.876693420410156250e+02
2.876153564453125000e+02
2.876693420410156250e+02
2.876392822265625000e+02
2.869601440429687500e+02
2.872628784179687500e+02
2.874452514648437500e+02
2.872056579589843750e+02
2.874736633300781250e+02
2.872071533203125000e+02
2.861967163085937500e+02
2.864100952148437500e+02
2.876192932128906250e+02
2.876413574218750000e+02
2.875592346191406250e+02
2.862264709472656250e+02
2.866567382812500000e+02
2.872056579589843750e+02
2.870238342285156250e+02
2.868745117187500000e+02
2.870238342285156250e+02
2.867510986328125000e+02
2.873215332031250000e+02
2.872914123535156250e+02
2.874718933105468750e+02
2.871992492675781250e+02
2.871117858886718750e+02
2.875832519531250000e+02
2.878648071289062500e+02
2.874683532714843750e+02
2.875049743652343750e+02
2.874435729980468750e+02
2.875271606445312500e+02
2.875291442871093750e+02
2.870874023437500000e+02
2.864212036132812500e+02
2.864192504882812500e+02
2.864171752929687500e+02
2.874215393066406250e+02
2.873581542968750000e+02
2.873565979003906250e+02
2.877593383789062500e+02
2.873882751464843750e+02
2.872358703613281250e+02
2.872342834472656250e+02
2.869919738769531250e+02
2.868758239746093750e+02
2.868160400390625000e+02
2.867816467285156250e+02
2.869354553222656250e+02
2.873898620605468750e+02
2.870570678710937500e+02
2.873882751464843750e+02
2.873549499511718750e+02
2.877013854980468750e+02
2.875631408691406250e+02
2.875030517578125000e+02
2.875892639160156250e+02
2.873280029296875000e+02
2.870238342285156250e+02
2.872373962402343750e+02
2.873867187500000000e+02
2.871420593261718750e+02
2.877232055664062500e+02
2.881025695800781250e+02
2.878132324218750000e+02
2.870874023437500000e+02
2.869340515136718750e+02
2.875010681152343750e+02
2.878348083496093750e+02
2.874083557128906250e+02
2.867572631835937500e+02
2.859593200683593750e+02
2.863852539062500000e+02
2.866274414062500000e+02
2.873248596191406250e+02
2.879803771972656250e+02
2.878411254882812500e+02
2.882318725585937500e+02
2.873817443847656250e+02
2.876973266601562500e+02
2.876133117675781250e+02
2.876931457519531250e+02
2.881745605468750000e+02
2.876351013183593750e+02
2.877468566894531250e+02
2.877789916992187500e+02
2.876071166992187500e+02
2.880163879394531250e+02
2.882176513671875000e+02
2.881889038085937500e+02
2.882140197753906250e+02
2.874701538085937500e+02
2.876651916503906250e+02
2.877490234375000000e+02
2.881171569824218750e+02
2.881386718750000000e+02
2.877232055664062500e+02
2.875049743652343750e+02
2.880060424804687500e+02
2.879483032226562500e+02
2.881242370605468750e+02
2.880521240234375000e+02
2.878604736328125000e+02
2.882821044921875000e+02
2.883000793457031250e+02
2.883287048339843750e+02
2.878003845214843750e+02
2.880521240234375000e+02
2.871509094238281250e+02
2.871219177246093750e+02
2.877852478027343750e+02
2.882102355957031250e+02
2.879226074218750000e+02
2.878926391601562500e+02
2.882499084472656250e+02
2.882534484863281250e+02
2.883036193847656250e+02
2.884714355468750000e+02
2.885138549804687500e+02
2.878883361816406250e+02
2.881277465820312500e+02
2.876133117675781250e+02
2.880016174316406250e+02
2.878926391601562500e+02
2.881312255859375000e+02
2.881423034667968750e+02
2.879183349609375000e+02
2.881816101074218750e+02
2.882283630371093750e+02
2.882713928222656250e+02
2.880955200195312500e+02
2.878348083496093750e+02
2.871420593261718750e+02
2.874100646972656250e+02
2.877747192382812500e+02
2.878582763671875000e+02
2.869934692382812500e+02
2.866311950683593750e+02
2.873533325195312500e+02
2.879183349609375000e+02
2.879205017089843750e+02
2.878648071289062500e+02
2.882499084472656250e+02
2.880919494628906250e+02
2.880667724609375000e+02
2.882713928222656250e+02
2.880738525390625000e+02
2.883465270996093750e+02
2.878304748535156250e+02
2.879981689453125000e+02
2.881710205078125000e+02
2.882176513671875000e+02
2.877768859863281250e+02
2.880016174316406250e+02
2.879782409667968750e+02
2.880234375000000000e+02
2.876071166992187500e+02
2.880234375000000000e+02
2.879694213867187500e+02
2.876351013183593750e+02
2.877725219726562500e+02
2.879875793457031250e+02
2.879946594238281250e+02
2.879093627929687500e+02
2.877446594238281250e+02
2.879588012695312500e+02
2.878003845214843750e+02
2.876112670898437500e+02
2.880667724609375000e+02
2.878047790527343750e+02
2.879394226074218750e+02
2.880919494628906250e+02
2.881745605468750000e+02
2.881242370605468750e+02
2.879716796875000000e+02
2.878560485839843750e+02
2.878883361816406250e+02
2.879461059570312500e+02
2.879782409667968750e+02
2.878604736328125000e+02
2.877446594238281250e+02
2.877231750488281250e+02
2.876952514648437500e+02
2.881781005859375000e+02
2.880738525390625000e+02
2.877252807617187500e+02
2.875852966308593750e+02
2.874065246582031250e+02
2.877490234375000000e+02
2.874928894042968750e+02
2.874346923828125000e+02
2.874665527343750000e+02
2.872826843261718750e+02
2.876392822265625000e+02
2.877468566894531250e+02
2.876651916503906250e+02
2.878604736328125000e+02
2.877446594238281250e+02
2.873499450683593750e+02
2.874736633300781250e+02
2.877532348632812500e+02
2.876392822265625000e+02
2.875531616210937500e+02
2.878369750976562500e+02
2.872342834472656250e+02
2.874452514648437500e+02
2.875892639160156250e+02
2.874418640136718750e+02
2.874401245117187500e+02
2.876672668457031250e+02
2.875592346191406250e+02
2.871738586425781250e+02
2.872342834472656250e+02
2.875350036621093750e+02
2.873867187500000000e+02
2.872040710449218750e+02
2.875531616210937500e+02
2.872862854003906250e+02
2.866299743652343750e+02
2.858637084960937500e+02
2.856751708984375000e+02
2.856090087890625000e+02
2.865072326660156250e+02
2.857021789550781250e+02
2.865035095214843750e+02
2.872914123535156250e+02
2.861399536132812500e+02
2.863829650878906250e+02
2.876973266601562500e+02
2.872914123535156250e+02
2.879093627929687500e+02
2.881674194335937500e+02
2.865980834960937500e+02
2.883071899414062500e+02
2.878905029296875000e+02
2.878090515136718750e+02
2.880808410644531250e+02
2.878604736328125000e+02
2.881312255859375000e+02
2.885036621093750000e+02
2.877273559570312500e+02
2.882785644531250000e+02
2.881997070312500000e+02
2.880234375000000000e+02
2.875769958496093750e+02
2.876844177246093750e+02
2.879623413085937500e+02
2.880056152343750000e+02
2.876263122558593750e+02
2.880559997558593750e+02
2.881026306152343750e+02
2.880271606445312500e+02
2.874886169433593750e+02
2.877490234375000000e+02
2.879416809082031250e+02
2.877490234375000000e+02
2.880337829589843750e+02
2.876173400878906250e+02
2.882032470703125000e+02
2.879659118652343750e+02
2.880016174316406250e+02
2.875291442871093750e+02
2.876392822265625000e+02
2.881242370605468750e+02
2.880919494628906250e+02
2.878348083496093750e+02
2.878282470703125000e+02
2.879739074707031250e+02
2.881206970214843750e+02
2.877077636718750000e+02
2.870145263671875000e+02
2.874683532714843750e+02
2.879739074707031250e+02
2.878369750976562500e+02
2.878348083496093750e+02
2.880234375000000000e+02
2.881529541015625000e+02
2.882248229980468750e+02
2.878604736328125000e+02
2.878883361816406250e+02
2.877768859863281250e+02
2.878905029296875000e+02
2.878947753906250000e+02
2.877232055664062500e+02
2.878861083984375000e+02
2.876092224121093750e+02
2.876372070312500000e+02
2.876952514648437500e+02
2.875873107910156250e+02
2.876973266601562500e+02
2.876952514648437500e+02
2.880590515136718750e+02
2.879483032226562500e+02
2.877852478027343750e+02
2.876693420410156250e+02
2.879525451660156250e+02
2.880060424804687500e+02
2.881025695800781250e+02
2.879981689453125000e+02
2.879439086914062500e+02
2.880955200195312500e+02
2.878348083496093750e+02
2.881025695800781250e+02
2.879946594238281250e+02
2.880990600585937500e+02
2.875812072753906250e+02
2.880773620605468750e+02
2.876133117675781250e+02
2.877553100585937500e+02
2.877532348632812500e+02
2.876392822265625000e+02
2.878626708984375000e+02
2.878348083496093750e+02
2.877811279296875000e+02
2.877490234375000000e+02
2.876392822265625000e+02
2.878047790527343750e+02
2.876713562011718750e+02
2.882463378906250000e+02
2.881997070312500000e+02
2.876153564453125000e+02
2.881423034667968750e+02
2.876092224121093750e+02
2.882499084472656250e+02
2.883715515136718750e+02
2.878047790527343750e+02
2.879116516113281250e+02
2.877189331054687500e+02
2.878815917968750000e+02
2.876651916503906250e+02
2.876092224121093750e+02
2.877981262207031250e+02
2.876821594238281250e+02
2.876587219238281250e+02
2.876285400390625000e+02
2.878861083984375000e+02
2.883965759277343750e+02
2.877490234375000000e+02
2.882390747070312500e+02
2.882176513671875000e+02
2.880016174316406250e+02
2.875489807128906250e+02
2.876630554199218750e+02
2.877490234375000000e+02
2.876372070312500000e+02
2.877252807617187500e+02
2.878582763671875000e+02
2.878369750976562500e+02
2.877747192382812500e+02
2.876672668457031250e+02
2.876630554199218750e+02
2.881242370605468750e+02
2.881638183593750000e+02
2.878626708984375000e+02
2.883715515136718750e+02
2.880337829589843750e+02
2.879739074707031250e+02
2.880919494628906250e+02
2.877747192382812500e+02
2.883929138183593750e+02
2.879183349609375000e+02
2.876693420410156250e+02
2.879782409667968750e+02
2.879183349609375000e+02
2.884428405761718750e+02
2.880198974609375000e+02
2.880198974609375000e+02
2.876630554199218750e+02
2.880092468261718750e+02
2.875510864257812500e+02
2.879205017089843750e+02
2.868292236328125000e+02
2.880521240234375000e+02
2.880990600585937500e+02
2.884002075195312500e+02
2.881745605468750000e+02
2.879439086914062500e+02
2.878947753906250000e+02
2.882248229980468750e+02
2.877293701171875000e+02
2.868398742675781250e+02
2.876392822265625000e+02
2.870511779785156250e+02
2.879981689453125000e+02
2.873499450683593750e+02
2.880234375000000000e+02
2.880919494628906250e+02
2.871753845214843750e+02
2.869672241210937500e+02
2.869354553222656250e+02
2.871435546875000000e+02
2.877210998535156250e+02
2.871192016601562500e+02
2.869036254882812500e+02
2.875852966308593750e+02
2.876112670898437500e+02
2.873817443847656250e+02
2.876392822265625000e+02
2.873817443847656250e+02
2.878648071289062500e+02
2.878390502929687500e+02
2.877832031250000000e+02
2.877252807617187500e+02
2.859534912109375000e+02
2.862926940917968750e+02
2.871768798828125000e+02
2.866653137207031250e+02
2.864192504882812500e+02
2.867192382812500000e+02
2.872628784179687500e+02
2.873817443847656250e+02
2.869008178710937500e+02
2.873851013183593750e+02
2.876173400878906250e+02
2.875572204589843750e+02
2.871466064453125000e+02
2.873232116699218750e+02
2.875572204589843750e+02
2.876693420410156250e+02
2.884215393066406250e+02
2.875291442871093750e+02
2.883715515136718750e+02
2.884963378906250000e+02
2.884714355468750000e+02
2.878989562988281250e+02
2.879483032226562500e+02
2.873867187500000000e+02
2.881781005859375000e+02
2.880038757324218750e+02
2.865455017089843750e+02
2.861434326171875000e+02
2.861679687500000000e+02
2.869326782226562500e+02
2.873549499511718750e+02
2.873581542968750000e+02
2.884609375000000000e+02
2.872660827636718750e+02
2.878648071289062500e+02
2.882640075683593750e+02
2.873280029296875000e+02
2.883894042968750000e+02
2.871783752441406250e+02
2.882604980468750000e+02
2.870556335449218750e+02
2.883141784667968750e+02
2.869949035644531250e+02
2.884073486328125000e+02
2.873549499511718750e+02
2.878411254882812500e+02
2.876713562011718750e+02
2.878947753906250000e+02
2.878152465820312500e+02
2.877293701171875000e+02
2.877872924804687500e+02
2.880038757324218750e+02
2.876413574218750000e+02
2.879483032226562500e+02
2.871722717285156250e+02
2.878390502929687500e+02
2.880415954589843750e+02
2.883036193847656250e+02
2.888113708496093750e+02
2.881781005859375000e+02
2.879694213867187500e+02
2.876372070312500000e+02
2.877790222167968750e+02
2.871797790527343750e+02
2.875311584472656250e+02
2.870527038574218750e+02
2.881493835449218750e+02
2.873800354003906250e+02
2.878905029296875000e+02
2.882176513671875000e+02
2.879739074707031250e+02
2.883178710937500000e+02
2.878326416015625000e+02
2.883642272949218750e+02
2.886057128906250000e+02
2.886591491699218750e+02
2.881745605468750000e+02
2.878026123046875000e+02
2.879183349609375000e+02
2.878090515136718750e+02
2.880038757324218750e+02
2.885424804687500000e+02
2.881816101074218750e+02
2.878989562988281250e+02
2.885249938964843750e+02
2.879483032226562500e+02
2.888190002441406250e+02
2.880038757324218750e+02
2.879739074707031250e+02
2.879739074707031250e+02
2.881781005859375000e+02
2.876413574218750000e+02
2.876973266601562500e+02
2.878883361816406250e+02
2.875251159667968750e+02
2.878861083984375000e+02
2.878560485839843750e+02
2.880344543457031250e+02
2.871388549804687500e+02
2.877532348632812500e+02
2.876952514648437500e+02
2.880303649902343750e+02
2.879183349609375000e+02
2.881997070312500000e+02
2.882964782714843750e+02
2.880990600585937500e+02
2.880486450195312500e+02
2.878369750976562500e+02
2.881242370605468750e+02
2.879439086914062500e+02
2.882248229980468750e+02
2.878369750976562500e+02
2.877273559570312500e+02
2.880521240234375000e+02
2.879623413085937500e+02
2.882032470703125000e+02
2.878560485839843750e+02
2.877210998535156250e+02
2.875468139648437500e+02
2.875144653320312500e+02
2.874665527343750000e+02
2.877189331054687500e+02
2.876888427734375000e+02
2.873499450683593750e+02
2.877210998535156250e+02
2.878838500976562500e+02
2.877747192382812500e+02
2.877490234375000000e+02
2.876329345703125000e+02
2.879093627929687500e+02
2.878604736328125000e+02
2.878304748535156250e+02
2.879911499023437500e+02
2.879370727539062500e+02
2.876071166992187500e+02
2.879946594238281250e+02
2.879659118652343750e+02
2.876888427734375000e+02
2.877981262207031250e+02
2.878003845214843750e+02
2.876329345703125000e+02
2.876372070312500000e+02
2.878582763671875000e+02
2.878883361816406250e+02
2.875769958496093750e+02
2.876609191894531250e+02
2.879946594238281250e+02
2.878582763671875000e+02
2.876392822265625000e+02
2.880060424804687500e+02
2.880556335449218750e+02
2.881997070312500000e+02
2.881745605468750000e+02
2.881997070312500000e+02
2.879161071777343750e+02
2.880234375000000000e+02
2.880016174316406250e+02
2.879716796875000000e+02
2.880738525390625000e+02
2.878883361816406250e+02
2.878582763671875000e+02
2.876931457519531250e+02
2.878648071289062500e+02
2.880738525390625000e+02
2.879716796875000000e+02
2.879483032226562500e+02
2.877553100585937500e+02
2.877511291503906250e+02
2.876092224121093750e+02
2.876651916503906250e+02
2.877446594238281250e+02
2.874970397949218750e+02
2.880556335449218750e+02
2.875748596191406250e+02
2.876433715820312500e+02
2.878905029296875000e+02
2.877490234375000000e+02
2.879183349609375000e+02
2.881206970214843750e+02
2.878369750976562500e+02
2.877446594238281250e+02
2.883642272949218750e+02
2.878926391601562500e+02
2.876693420410156250e+02
2.878947753906250000e+02
2.878947753906250000e+02
2.881312255859375000e+02
2.875291442871093750e+02
2.881095275878906250e+02
2.879483032226562500e+02
2.879981689453125000e+02
2.879439086914062500e+02
2.880234375000000000e+02
2.881242370605468750e+02
2.878326416015625000e+02
2.878026123046875000e+02
2.877511291503906250e+02
2.876372070312500000e+02
2.877747192382812500e+02
2.875251159667968750e+02
2.877490234375000000e+02
2.880808410644531250e+02
2.876693420410156250e+02
2.878947753906250000e+02
2.880303649902343750e+02
2.878604736328125000e+02
2.878282470703125000e+02
2.879439086914062500e+02
2.879439086914062500e+02
2.877747192382812500e+02
2.879138793945312500e+02
2.877553100585937500e+02
2.876973266601562500e+02
2.879483032226562500e+02
2.878947753906250000e+02
2.877790222167968750e+02
2.879183349609375000e+02
2.876092224121093750e+02
2.879439086914062500e+02
2.878069152832031250e+02
2.878905029296875000e+02
2.878304748535156250e+02
2.880738525390625000e+02
2.876693420410156250e+02
2.879247436523437500e+02
2.876453552246093750e+02
2.876453552246093750e+02
2.876453552246093750e+02
2.876734008789062500e+02
2.880038757324218750e+02
2.878626708984375000e+02
2.879439086914062500e+02
2.879439086914062500e+02
2.878047790527343750e+02
2.873565979003906250e+02
2.868717651367187500e+02
2.871435546875000000e+02
2.877532348632812500e+02
2.874469299316406250e+02
2.869919738769531250e+02
2.873516540527343750e+02
2.871435546875000000e+02
2.875049743652343750e+02
2.871117858886718750e+02
2.872946777343750000e+02
2.867524414062500000e+02
2.870584411621093750e+02
2.869672241210937500e+02
2.869312133789062500e+02
2.882283630371093750e+02
2.872962341308593750e+02
2.876211853027343750e+02
2.872403259277343750e+02
2.872071533203125000e+02
2.880679626464843750e+02
2.879845581054687500e+02
2.872129211425781250e+02
2.871219177246093750e+02
2.879587402343750000e+02
2.871797790527343750e+02
2.880359497070312500e+02
2.882569885253906250e+02
2.876153564453125000e+02
2.884287719726562500e+02
2.875852966308593750e+02
2.884323730468750000e+02
2.884109191894531250e+02
2.883643493652343750e+02
2.877053527832031250e+02
2.883322753906250000e+02
2.883322753906250000e+02
2.872040710449218750e+02
2.868440246582031250e+02
2.875892639160156250e+02
2.869976806640625000e+02
2.862618103027343750e+02
2.872660827636718750e+02
2.871480712890625000e+02
2.870556335449218750e+02
2.872373962402343750e+02
2.879268188476562500e+02
2.875892639160156250e+02
2.881781005859375000e+02
2.874151611328125000e+02
2.883608703613281250e+02
2.875912170410156250e+02
2.883322753906250000e+02
2.881493835449218750e+02
2.873533325195312500e+02
2.880234375000000000e+02
2.878648071289062500e+02
2.875748291015625000e+02
2.876693420410156250e+02
2.882964782714843750e+02
2.877532348632812500e+02
2.884963378906250000e+02
2.876693420410156250e+02
2.876453552246093750e+02
2.885285949707031250e+02
2.880556335449218750e+02
2.886914978027343750e+02
2.881769104003906250e+02
2.885462036132812500e+02
2.877593383789062500e+02
2.878172607421875000e+02
2.877532348632812500e+02
2.885063476562500000e+02
2.880703735351562500e+02
2.876651916503906250e+02
2.873817443847656250e+02
2.876092224121093750e+02
2.874452514648437500e+02
