2.895223418247707627e+02
2.895863379817466807e+02
2.896830071503720774e+02
2.892123285819881744e+02
2.864831770348084774e+02
2.891047065804044678e+02
2.890997749284355791e+02
2.887147320952559539e+02
2.855095069062012385e+02
2.878871234445137475e+02
2.892351805971984504e+02
2.851748196333233523e+02
2.864306736111035434e+02
2.870392483226505078e+02
2.861508637618406397e+02
2.855943594115398128e+02
2.860011845421209387e+02
2.879055122493047065e+02
2.875480717805904192e+02
2.889168282567438837e+02
2.881018420564551548e+02
2.850757867515544604e+02
2.877033143449551176e+02
2.881156372000716033e+02
2.883008626525501086e+02
2.884449980079343163e+02
2.885568152201030898e+02
2.876413454049730944e+02
2.882003964386059920e+02
2.876413454049730944e+02
2.891712153595078689e+02
2.890134110824444633e+02
2.878282817095308701e+02
2.888328391038937184e+02
2.888177586065773994e+02
2.877314446001360579e+02
2.893493392512978062e+02
2.877314446001360579e+02
2.888397183295852528e+02
2.894442439835265759e+02
2.891047065804044678e+02
2.876595003626556490e+02
2.858517790093774238e+02
2.878282817095308701e+02
2.862436925915239385e+02
2.852975271775792407e+02
2.857456686331679521e+02
2.884087538672634992e+02
2.852975271775792407e+02
2.858648263368756943e+02
2.890999601702495170e+02
2.879990535920393313e+02
2.881156372000716033e+02
2.894636091531285729e+02
2.883253116528653095e+02
2.865489121534968149e+02
2.886424254155202789e+02
2.890999601702495170e+02
2.886424254155202789e+02
2.889766909130986505e+02
2.857456686331679521e+02
2.886866210274201308e+02
2.872826469873384667e+02
2.872826469873384667e+02
2.883859424119858659e+02
2.878871234445137475e+02
2.890007367881883624e+02
2.865489121534968149e+02
2.882260697418361701e+02
2.883859424119858659e+02
2.865489121534968149e+02
2.874622425112694373e+02
2.885568152201030898e+02
2.891047065804044678e+02
2.888618733943615098e+02
2.879873054865668109e+02
2.878871234445137475e+02
2.883315552737275311e+02
2.890638815546717524e+02
2.891712153595078689e+02
2.883315552737275311e+02
2.863545608029970140e+02
2.871090099825054267e+02
2.885567448308068492e+02
2.878955147313140515e+02
2.881702492825887134e+02
2.867388590164913467e+02
2.848442094370802806e+02
2.869031482137380635e+02
2.880875557989813842e+02
2.896390048917692752e+02
2.878282817095308701e+02
2.888177586065773994e+02
2.880875557989813842e+02
2.898014379317969542e+02
2.888618733943615098e+02
2.872826469873384667e+02
2.882003964386059920e+02
2.886424254155202789e+02
2.856560661961378855e+02
2.883253116528653095e+02
2.882260697418361701e+02
2.872826469873384667e+02
2.862707714209198571e+02
2.873971689214790217e+02
2.871843518549911209e+02
2.870392483226505078e+02
2.860994011990404715e+02
2.883253116528653095e+02
2.871843518549911209e+02
2.876413454049730944e+02
2.881156372000716033e+02
2.885155355199181031e+02
2.868300881836328813e+02
2.878871234445137475e+02
2.874622425112694373e+02
2.872999816457396491e+02
2.885155355199181031e+02
2.872267106582931433e+02
2.857456686331679521e+02
2.884449980079343163e+02
2.883859424119858659e+02
2.893060195124068059e+02
2.885568152201030898e+02
2.882260697418361701e+02
2.877314446001360579e+02
2.892123285819881744e+02
2.884449980079343163e+02
2.889766909130986505e+02
2.869031482137380635e+02
2.882260697418361701e+02
2.868300881836328813e+02
2.868300881836328813e+02
2.894442439835265759e+02
2.881156372000716033e+02
2.877314446001360579e+02
2.892196905603163941e+02
2.882260697418361701e+02
2.883859424119858659e+02
2.882003964386059920e+02
2.889168282567438837e+02
2.871843518549911209e+02
2.889417711657379186e+02
2.857456686331679521e+02
2.881018420564551548e+02
2.890468670839019865e+02
2.879055122493047065e+02
2.885568152201030898e+02
2.877314446001360579e+02
2.878871234445137475e+02
2.883253116528653095e+02
2.888618733943615098e+02
2.896720793705216010e+02
2.885568152201030898e+02
2.862707714209198571e+02
2.895258311995424947e+02
2.862131120213931581e+02
2.886424254155202789e+02
2.885155355199181031e+02
2.877314446001360579e+02
2.885155355199181031e+02
2.881156372000716033e+02
2.877314446001360579e+02
2.875480717805904192e+02
2.876943391805892247e+02
2.878871234445137475e+02
2.856684384857650798e+02
2.890007367881883624e+02
2.851748196333233523e+02
2.861508637618406397e+02
2.877314446001360579e+02
2.896720793705216010e+02
2.876413454049730944e+02
2.877814920084667847e+02
2.886424254155202789e+02
2.875480717805904192e+02
2.872999816457396491e+02
2.879990535920393313e+02
2.878871234445137475e+02
2.858044165545541091e+02
2.883859424119858659e+02
2.877814920084667847e+02
2.884549106175149404e+02
2.890007367881883624e+02
2.886154720041132009e+02
2.885568152201030898e+02
2.884688672968031824e+02
2.852425490842882141e+02
2.864919271677107417e+02
2.882003964386059920e+02
2.876413454049730944e+02
2.881018420564551548e+02
2.867687062179120971e+02
2.886154720041132009e+02
2.877814920084667847e+02
2.870392483226505078e+02
2.896720793705216010e+02
2.882003964386059920e+02
2.892094051347675077e+02
2.882003964386059920e+02
2.889105917612217809e+02
2.874679383926476248e+02
2.877814920084667847e+02
2.886866210274201308e+02
2.871090099825054267e+02
2.893167916042368120e+02
2.887685647738471744e+02
2.882844150785723514e+02
2.889105917612217809e+02
2.883859424119858659e+02
2.879460998970483843e+02
2.888618733943615098e+02
2.857456686331679521e+02
2.890007367881883624e+02
2.873808327239950131e+02
2.892642793453554759e+02
2.870392483226505078e+02
2.890999601702495170e+02
2.893941492784682055e+02
2.873808327239950131e+02
2.896720793705216010e+02
2.856684384857650798e+02
2.895258311995424947e+02
2.877814920084667847e+02
2.889168282567438837e+02
2.871090099825054267e+02
2.890629266519440534e+02
2.867055757792576287e+02
2.890629266519440534e+02
2.867687062179120971e+02
2.890007367881883624e+02
2.855095069062012385e+02
2.881018420564551548e+02
2.864306736111035434e+02
2.886154720041132009e+02
2.888618733943615098e+02
2.897119632793712185e+02
2.882003964386059920e+02
2.887685647738471744e+02
2.883253116528653095e+02
2.878282817095308701e+02
2.888618733943615098e+02
2.884449980079343163e+02
2.891339829198609550e+02
2.889714143864467815e+02
2.893167916042368120e+02
2.884449980079343163e+02
2.890007367881883624e+02
2.874622425112694373e+02
2.887147320952559539e+02
2.878871234445137475e+02
2.887147320952559539e+02
2.878871234445137475e+02
2.887147320952559539e+02
2.879990535920393313e+02
2.878871234445137475e+02
2.875480717805904192e+02
2.877314446001360579e+02
2.888397183295852528e+02
2.886424254155202789e+02
2.891339829198609550e+02
2.881156372000716033e+02
2.883859424119858659e+02
2.899590049816628721e+02
2.885155355199181031e+02
2.858648263368756943e+02
2.888177586065773994e+02
2.896193019751347038e+02
2.890007367881883624e+02
2.892123285819881744e+02
2.886154720041132009e+02
2.879990535920393313e+02
2.884688672968031824e+02
2.892642793453554759e+02
2.886246253904238870e+02
2.896720793705216010e+02
2.884380573756206445e+02
2.858044165545541091e+02
2.890149223265811429e+02
2.881018420564551548e+02
2.879055122493047065e+02
2.891339829198609550e+02
2.893941492784682055e+02
2.886154720041132009e+02
2.864306736111035434e+02
2.886246253904238870e+02
2.889766909130986505e+02
2.882844150785723514e+02
2.894163484161090878e+02
2.891339829198609550e+02
2.878871234445137475e+02
2.882003964386059920e+02
2.877814920084667847e+02
2.887708700470087706e+02
2.874679383926476248e+02
2.884688672968031824e+02
2.847480863172013983e+02
2.874696810965335771e+02
2.854611933205003425e+02
2.864306736111035434e+02
2.881183026934091345e+02
2.879055122493047065e+02
2.886246253904238870e+02
2.877814920084667847e+02
2.879055122493047065e+02
2.882003964386059920e+02
2.884688672968031824e+02
2.883859424119858659e+02
2.891826902358820917e+02
2.864919271677107417e+02
2.887685647738471744e+02
2.881183026934091345e+02
2.877814920084667847e+02
2.886246253904238870e+02
2.884549106175149404e+02
2.886154720041132009e+02
2.899247130376963355e+02
2.867687062179120971e+02
2.888618733943615098e+02
2.897119632793712185e+02
2.884688672968031824e+02
2.896720793705216010e+02
2.893208144519189204e+02
2.895258311995424947e+02
2.889168282567438837e+02
2.870392483226505078e+02
2.870392483226505078e+02
2.870392483226505078e+02
2.879055122493047065e+02
2.892123285819881744e+02
2.883008626525501086e+02
2.893941492784682055e+02
2.887685647738471744e+02
2.879990535920393313e+02
2.890007367881883624e+02
2.883859424119858659e+02
2.892642793453554759e+02
2.882003964386059920e+02
2.884549106175149404e+02
2.890007367881883624e+02
2.879873054865668109e+02
2.890007367881883624e+02
2.891047065804044678e+02
2.889766909130986505e+02
2.896193019751347038e+02
2.888618733943615098e+02
2.889168282567438837e+02
2.883008626525501086e+02
2.881018420564551548e+02
2.887588532549460751e+02
2.872192675677293323e+02
2.893585559475545779e+02
2.888934903845932922e+02
2.890629266519440534e+02
2.895450101272205643e+02
2.858044165545541091e+02
2.896129382027393717e+02
2.897119632793712185e+02
2.906305847263495252e+02
2.905801345716278661e+02
2.884688672968031824e+02
2.904170426171423287e+02
2.899355773913247276e+02
2.890468670839019865e+02
2.881018420564551548e+02
2.890629266519440534e+02
2.850757867515544604e+02
2.889168282567438837e+02
2.890007367881883624e+02
2.892094051347675077e+02
2.882003964386059920e+02
2.887147320952559539e+02
2.887147320952559539e+02
2.890007367881883624e+02
2.876413454049730944e+02
2.889766909130986505e+02
2.895258311995424947e+02
2.872999816457396491e+02
2.889168282567438837e+02
2.886866210274201308e+02
2.881018420564551548e+02
2.872999816457396491e+02
2.886154720041132009e+02
2.868300881836328813e+02
2.890007367881883624e+02
2.895527706110542567e+02
2.897119632793712185e+02
2.870074507239652348e+02
2.889766909130986505e+02
2.895223418247707627e+02
2.889766909130986505e+02
2.896740060503502150e+02
2.894055273633802585e+02
2.893493392512978062e+02
2.891047065804044678e+02
2.890997749284355791e+02
2.889766909130986505e+02
2.878282817095308701e+02
2.886424254155202789e+02
2.895810446715219655e+02
2.894055273633802585e+02
2.888618733943615098e+02
2.875480717805904192e+02
2.906687275174098772e+02
2.900380084204800823e+02
2.886154720041132009e+02
2.894163484161090878e+02
2.889168282567438837e+02
2.876943391805892247e+02
2.890468670839019865e+02
2.855943594115398128e+02
2.884549106175149404e+02
2.858704778945473777e+02
2.890629266519440534e+02
2.889766909130986505e+02
2.890629266519440534e+02
2.892351805971984504e+02
2.893167916042368120e+02
2.874622425112694373e+02
2.888618733943615098e+02
2.893167916042368120e+02
2.885568152201030898e+02
2.890007367881883624e+02
2.896116918699959797e+02
2.869031482137380635e+02
2.890007367881883624e+02
2.883859424119858659e+02
2.896830071503720774e+02
2.896611547886229800e+02
2.888177586065773994e+02
2.896116918699959797e+02
2.891047065804044678e+02
2.892094051347675077e+02
2.898173665846220501e+02
2.897119632793712185e+02
2.895223418247707627e+02
2.892123285819881744e+02
2.893189769733785397e+02
2.895258311995424947e+02
2.894824446220995924e+02
2.899247130376963355e+02
2.893941492784682055e+02
2.893167916042368120e+02
2.899247130376963355e+02
2.889714143864467815e+02
2.884449980079343163e+02
2.895863379817466807e+02
2.899474087324529137e+02
2.883315552737275311e+02
2.892123285819881744e+02
2.897217832796246739e+02
2.896844332906710520e+02
2.891712153595078689e+02
2.887147320952559539e+02
2.894055273633802585e+02
2.893941492784682055e+02
2.892123285819881744e+02
2.879873054865668109e+02
2.866245094248178020e+02
2.893941492784682055e+02
2.894824446220995924e+02
2.893167916042368120e+02
2.896740060503502150e+02
2.893167916042368120e+02
2.897542671398930452e+02
2.899247130376963355e+02
2.896552217905899056e+02
2.896116918699959797e+02
2.887606274795768968e+02
2.891339829198609550e+02
2.876413454049730944e+02
2.896611547886229800e+02
2.898014379317969542e+02
2.889766909130986505e+02
2.893167916042368120e+02
2.879189510843957009e+02
2.889766909130986505e+02
2.896999555251326797e+02
2.891339829198609550e+02
2.897217832796246739e+02
2.894163484161090878e+02
2.897217832796246739e+02
2.895863379817466807e+02
2.895873440499054254e+02
2.892196905603163941e+02
2.884087538672634992e+02
2.895527706110542567e+02
2.891712153595078689e+02
2.894442439835265759e+02
2.891233406670173167e+02
2.896390048917692752e+02
2.893580683804742080e+02
2.885567448308068492e+02
2.852975271775792407e+02
2.882003964386059920e+02
2.877314446001360579e+02
2.876413454049730944e+02
2.846133783288771610e+02
2.876413454049730944e+02
2.898173665846220501e+02
2.886154720041132009e+02
2.857456686331679521e+02
2.883859424119858659e+02
2.883253116528653095e+02
2.885568152201030898e+02
2.864919271677107417e+02
2.881018420564551548e+02
2.888397183295852528e+02
2.885568152201030898e+02
2.877314446001360579e+02
2.870074507239652348e+02
2.889738314661825598e+02
2.893493392512978062e+02
2.888397183295852528e+02
2.858648263368756943e+02
2.892351805971984504e+02
2.860994011990404715e+02
2.860344167179361534e+02
2.858648263368756943e+02
2.890999601702495170e+02
2.877314446001360579e+02
2.863545608029970140e+02
2.874622425112694373e+02
2.869031482137380635e+02
2.875582174322721585e+02
2.878871234445137475e+02
2.872826469873384667e+02
2.882260697418361701e+02
2.877314446001360579e+02
2.890134110824444633e+02
2.892196905603163941e+02
2.862464971446887034e+02
2.885155355199181031e+02
2.898387888469126779e+02
2.862131120213931581e+02
2.855943594115398128e+02
2.882003964386059920e+02
2.883253116528653095e+02
2.892196905603163941e+02
2.868300881836328813e+02
2.885567448308068492e+02
2.882003964386059920e+02
2.863545608029970140e+02
2.871843518549911209e+02
2.893585559475545779e+02
2.898143854175669958e+02
2.889714143864467815e+02
2.895138212212448821e+02
2.887606274795768968e+02
2.874679383926476248e+02
2.853276890192439623e+02
2.869718934286301533e+02
2.889105917612217809e+02
2.883859424119858659e+02
2.889168282567438837e+02
2.845397675974386402e+02
2.861508637618406397e+02
2.893208144519189204e+02
2.872192675677293323e+02
2.859369480767587106e+02
2.869718934286301533e+02
2.853276890192439623e+02
2.882844150785723514e+02
2.865489121534968149e+02
2.877814920084667847e+02
2.851139036001066529e+02
2.861508637618406397e+02
2.875480717805904192e+02
2.882260697418361701e+02
2.892196905603163941e+02
2.881156372000716033e+02
2.867055757792576287e+02
2.890999601702495170e+02
2.889168282567438837e+02
2.881156372000716033e+02
2.872999816457396491e+02
2.888397183295852528e+02
2.890007367881883624e+02
2.891047065804044678e+02
2.881156372000716033e+02
2.876413454049730944e+02
2.858704778945473777e+02
2.871843518549911209e+02
2.875582174322721585e+02
2.887606274795768968e+02
2.885568152201030898e+02
2.865489121534968149e+02
2.862131120213931581e+02
2.868300881836328813e+02
2.888397183295852528e+02
2.891826902358820917e+02
2.871090099825054267e+02
2.869031482137380635e+02
2.885568152201030898e+02
2.883253116528653095e+02
2.883859424119858659e+02
2.865489121534968149e+02
2.877814920084667847e+02
2.878871234445137475e+02
2.855095069062012385e+02
2.878282817095308701e+02
2.871090099825054267e+02
2.872999816457396491e+02
2.872267106582931433e+02
2.865489121534968149e+02
2.873808327239950131e+02
2.895810446715219655e+02
2.886866210274201308e+02
2.871843518549911209e+02
2.885155355199181031e+02
2.875582174322721585e+02
2.882260697418361701e+02
2.884449980079343163e+02
2.863545608029970140e+02
2.895138212212448821e+02
2.879873054865668109e+02
2.894442439835265759e+02
2.888177586065773994e+02
2.870392483226505078e+02
2.862707714209198571e+02
2.892196905603163941e+02
2.887147320952559539e+02
2.885568152201030898e+02
2.895258311995424947e+02
2.882003964386059920e+02
2.883253116528653095e+02
2.874622425112694373e+02
2.866245094248178020e+02
2.891047065804044678e+02
2.887606274795768968e+02
2.879873054865668109e+02
2.864831770348084774e+02
2.886424254155202789e+02
2.858648263368756943e+02
2.885155355199181031e+02
2.878282817095308701e+02
2.892196905603163941e+02
2.882003964386059920e+02
2.887147320952559539e+02
2.891047065804044678e+02
2.890007367881883624e+02
2.872999816457396491e+02
2.876413454049730944e+02
2.871090099825054267e+02
2.878871234445137475e+02
2.882260697418361701e+02
2.893189769733785397e+02
2.878282817095308701e+02
2.884449980079343163e+02
2.872826469873384667e+02
2.883253116528653095e+02
2.880875557989813842e+02
2.876413454049730944e+02
2.888397183295852528e+02
2.876413454049730944e+02
2.878871234445137475e+02
2.882003964386059920e+02
2.883859424119858659e+02
2.890629266519440534e+02
2.877314446001360579e+02
2.888397183295852528e+02
2.864919271677107417e+02
2.889714143864467815e+02
2.879873054865668109e+02
2.893493392512978062e+02
2.883315552737275311e+02
2.864831770348084774e+02
2.882260697418361701e+02
2.877314446001360579e+02
2.894163484161090878e+02
2.860994011990404715e+02
2.873808327239950131e+02
2.885568152201030898e+02
2.881156372000716033e+02
2.895138212212448821e+02
2.877314446001360579e+02
2.874622425112694373e+02
2.862707714209198571e+02
2.863545608029970140e+02
2.875582174322721585e+02
2.862707714209198571e+02
2.888177586065773994e+02
2.890007367881883624e+02
2.890468670839019865e+02
2.896611547886229800e+02
2.893189769733785397e+02
2.894055273633802585e+02
2.882260697418361701e+02
2.891047065804044678e+02
2.868300881836328813e+02
2.893941492784682055e+02
2.886154720041132009e+02
2.892642793453554759e+02
2.892642793453554759e+02
2.883859424119858659e+02
2.888618733943615098e+02
2.892642793453554759e+02
2.889714143864467815e+02
2.890999601702495170e+02
2.893941492784682055e+02
2.862131120213931581e+02
2.891826902358820917e+02
2.887708700470087706e+02
2.887685647738471744e+02
2.889168282567438837e+02
2.887685647738471744e+02
2.892094051347675077e+02
2.881018420564551548e+02
2.886154720041132009e+02
2.881018420564551548e+02
2.887685647738471744e+02
2.883008626525501086e+02
2.890629266519440534e+02
2.891265920789128927e+02
2.875456178074602462e+02
2.875195141081608199e+02
2.879055122493047065e+02
2.876943391805892247e+02
2.893585559475545779e+02
2.891265920789128927e+02
2.886246253904238870e+02
2.893348768418503028e+02
2.886079023305480860e+02
2.884380573756206445e+02
2.890149223265811429e+02
2.887708700470087706e+02
2.884688672968031824e+02
2.891826902358820917e+02
2.890468670839019865e+02
2.889105917612217809e+02
2.889105917612217809e+02
2.886246253904238870e+02
2.886154720041132009e+02
2.887147320952559539e+02
2.887147320952559539e+02
2.887147320952559539e+02
2.878871234445137475e+02
2.892642793453554759e+02
2.874622425112694373e+02
2.885568152201030898e+02
2.894163484161090878e+02
2.895527706110542567e+02
2.895258311995424947e+02
2.892094051347675077e+02
2.879055122493047065e+02
2.890007367881883624e+02
2.888618733943615098e+02
2.894055273633802585e+02
2.892642793453554759e+02
2.893493392512978062e+02
2.881156372000716033e+02
2.893189769733785397e+02
2.890999601702495170e+02
2.891339829198609550e+02
2.887685647738471744e+02
2.891826902358820917e+02
2.892123285819881744e+02
2.889168282567438837e+02
2.893941492784682055e+02
2.888618733943615098e+02
2.896720793705216010e+02
2.897770597965560455e+02
2.893585559475545779e+02
2.896129382027393717e+02
2.892094051347675077e+02
2.893208144519189204e+02
2.895450101272205643e+02
2.891826902358820917e+02
2.896129382027393717e+02
2.895122988091596312e+02
2.899355773913247276e+02
2.904777691709625742e+02
2.898134285895855555e+02
2.900127073531793371e+02
2.894055273633802585e+02
2.893167916042368120e+02
2.896720793705216010e+02
2.892196905603163941e+02
2.896193019751347038e+02
2.898160515632469583e+02
2.888618733943615098e+02
2.899247130376963355e+02
2.887606274795768968e+02
2.897217832796246739e+02
2.896193019751347038e+02
2.897152039870383646e+02
2.898173665846220501e+02
2.894824446220995924e+02
2.896844332906710520e+02
2.897055517327987673e+02
2.898173665846220501e+02
2.895223418247707627e+02
2.894055273633802585e+02
2.895982725501069126e+02
2.896844332906710520e+02
2.896116918699959797e+02
2.898173665846220501e+02
2.897156792088457564e+02
2.898160515632469583e+02
2.897500344321207990e+02
2.898160515632469583e+02
2.896844332906710520e+02
2.904170426171423287e+02
2.894163484161090878e+02
2.892642793453554759e+02
2.904777691709625742e+02
2.902906002695404482e+02
2.896129382027393717e+02
2.900127073531793371e+02
2.896129382027393717e+02
2.900127073531793371e+02
2.908607821138954250e+02
2.896720793705216010e+02
2.905708866594611095e+02
2.905708866594611095e+02
2.896129382027393717e+02
2.896720793705216010e+02
2.907636960257395913e+02
2.896611547886229800e+02
2.896720793705216010e+02
2.905708866594611095e+02
2.905708866594611095e+02
2.907636960257395913e+02
2.904170426171423287e+02
2.890007367881883624e+02
2.888177586065773994e+02
2.864919271677107417e+02
2.872267106582931433e+02
2.856684384857650798e+02
2.889168282567438837e+02
2.895450101272205643e+02
2.896129382027393717e+02
2.896720793705216010e+02
2.893585559475545779e+02
2.892642793453554759e+02
2.867055757792576287e+02
2.889168282567438837e+02
2.895258311995424947e+02
2.887685647738471744e+02
2.889168282567438837e+02
2.890468670839019865e+02
2.888618733943615098e+02
2.881018420564551548e+02
2.869537201443195045e+02
2.890468670839019865e+02
2.890149223265811429e+02
2.886246253904238870e+02
2.894636091531285729e+02
2.887685647738471744e+02
2.890007367881883624e+02
2.881018420564551548e+02
2.889168282567438837e+02
2.891339829198609550e+02
2.887147320952559539e+02
2.888397183295852528e+02
2.883859424119858659e+02
2.887147320952559539e+02
2.865489121534968149e+02
2.881018420564551548e+02
2.882844150785723514e+02
2.886079023305480860e+02
2.858044165545541091e+02
2.872999816457396491e+02
2.882003964386059920e+02
2.859369480767587106e+02
2.882003964386059920e+02
2.872192675677293323e+02
2.869718934286301533e+02
2.889168282567438837e+02
2.886866210274201308e+02
2.881018420564551548e+02
2.883253116528653095e+02
2.890149223265811429e+02
2.842237391247917344e+02
2.849840790129937318e+02
2.882003964386059920e+02
2.860963850552537906e+02
2.856684384857650798e+02
2.870392483226505078e+02
2.862131120213931581e+02
2.849840790129937318e+02
2.860963850552537906e+02
2.848439000526141172e+02
2.847711685293836013e+02
2.870392483226505078e+02
2.870392483226505078e+02
2.872267106582931433e+02
2.857456686331679521e+02
2.879055122493047065e+02
2.870392483226505078e+02
2.877033143449551176e+02
2.885568152201030898e+02
2.883253116528653095e+02
2.887147320952559539e+02
2.882003964386059920e+02
2.881018420564551548e+02
2.856684384857650798e+02
2.882003964386059920e+02
2.857456686331679521e+02
2.883253116528653095e+02
2.860011845421209387e+02
2.866245094248178020e+02
2.870392483226505078e+02
2.858648263368756943e+02
2.881018420564551548e+02
2.859369480767587106e+02
2.883859424119858659e+02
2.881156372000716033e+02
2.896720793705216010e+02
2.855095069062012385e+02
2.882003964386059920e+02
2.878871234445137475e+02
2.890629266519440534e+02
2.874679383926476248e+02
2.843514099057279054e+02
2.879026400905807463e+02
2.882003964386059920e+02
2.879990535920393313e+02
2.879990535920393313e+02
2.856684384857650798e+02
2.884688672968031824e+02
2.864306736111035434e+02
2.855943594115398128e+02
2.875480717805904192e+02
2.860963850552537906e+02
2.875480717805904192e+02
2.881018420564551548e+02
2.872999816457396491e+02
2.879194580526944947e+02
2.858044165545541091e+02
2.874679383926476248e+02
2.887147320952559539e+02
2.871090099825054267e+02
2.867687062179120971e+02
2.870392483226505078e+02
2.885568152201030898e+02
2.884549106175149404e+02
2.856684384857650798e+02
2.881018420564551548e+02
2.885155355199181031e+02
2.892642793453554759e+02
2.877814920084667847e+02
2.872999816457396491e+02
2.887685647738471744e+02
2.890999601702495170e+02
2.893208144519189204e+02
2.866756175039756727e+02
2.884380573756206445e+02
2.872267106582931433e+02
2.881183026934091345e+02
2.882003964386059920e+02
2.883859424119858659e+02
2.858704778945473777e+02
2.877033143449551176e+02
2.859369480767587106e+02
2.872267106582931433e+02
2.862131120213931581e+02
2.877814920084667847e+02
2.895122988091596312e+02
2.856684384857650798e+02
2.884688672968031824e+02
2.855943594115398128e+02
2.889105917612217809e+02
2.875480717805904192e+02
2.887685647738471744e+02
2.870392483226505078e+02
2.890468670839019865e+02
2.879990535920393313e+02
2.896720793705216010e+02
2.870392483226505078e+02
2.864919271677107417e+02
2.895122988091596312e+02
2.872267106582931433e+02
2.893585559475545779e+02
2.861508637618406397e+02
2.893941492784682055e+02
2.856684384857650798e+02
2.878871234445137475e+02
2.909557979638326515e+02
2.864919271677107417e+02
2.886154720041132009e+02
2.887685647738471744e+02
2.887147320952559539e+02
2.866245094248178020e+02
2.890007367881883624e+02
2.882260697418361701e+02
2.896116918699959797e+02
2.871090099825054267e+02
2.895122988091596312e+02
2.862131120213931581e+02
2.896129382027393717e+02
2.876943391805892247e+02
2.889168282567438837e+02
2.886154720041132009e+02
2.893208144519189204e+02
2.882260697418361701e+02
2.882003964386059920e+02
2.885155355199181031e+02
2.892642793453554759e+02
2.858704778945473777e+02
2.887708700470087706e+02
2.855179108764875195e+02
2.895450101272205643e+02
2.883008626525501086e+02
2.887147320952559539e+02
2.892094051347675077e+02
2.896720793705216010e+02
2.882844150785723514e+02
2.896720793705216010e+02
2.897700635357714418e+02
2.858704778945473777e+02
2.879194580526944947e+02
2.893585559475545779e+02
2.887685647738471744e+02
2.884549106175149404e+02
2.872999816457396491e+02
2.894636091531285729e+02
2.894636091531285729e+02
2.867055757792576287e+02
2.891826902358820917e+02
2.846369887552456817e+02
2.886154720041132009e+02
2.855943594115398128e+02
2.884549106175149404e+02
2.884549106175149404e+02
2.850757867515544604e+02
2.894382476381069296e+02
2.860963850552537906e+02
2.886079023305480860e+02
2.869818052909939183e+02
2.874679383926476248e+02
2.901093652360822261e+02
2.864306736111035434e+02
2.890149223265811429e+02
2.845397675974386402e+02
2.884380573756206445e+02
2.852425490842882141e+02
2.879194580526944947e+02
2.858704778945473777e+02
2.893208144519189204e+02
2.869718934286301533e+02
2.883008626525501086e+02
2.867055757792576287e+02
2.891826902358820917e+02
2.869718934286301533e+02
2.872267106582931433e+02
2.870392483226505078e+02
2.874679383926476248e+02
2.870392483226505078e+02
2.893208144519189204e+02
2.885568152201030898e+02
2.889168282567438837e+02
2.877814920084667847e+02
2.903331236530804063e+02
2.860963850552537906e+02
2.894382476381069296e+02
2.880350321637867523e+02
2.869818052909939183e+02
2.869146223372584359e+02
2.878007666879088902e+02
2.882474421327885921e+02
2.886079023305480860e+02
2.893950164398823972e+02
2.889585119844686574e+02
2.866802012343350157e+02
2.897770597965560455e+02
2.874696810965335771e+02
2.889585119844686574e+02
2.855943594115398128e+02
2.882474421327885921e+02
2.858044165545541091e+02
2.892320747107258399e+02
2.869537201443195045e+02
2.887588532549460751e+02
2.849281329468559534e+02
2.863884216479467568e+02
2.881183026934091345e+02
2.860963850552537906e+02
2.896129382027393717e+02
2.883008626525501086e+02
2.852425490842882141e+02
2.884380573756206445e+02
2.886154720041132009e+02
2.881183026934091345e+02
2.878007666879088902e+02
2.877814920084667847e+02
2.852425490842882141e+02
2.858044165545541091e+02
2.889168282567438837e+02
2.888934903845932922e+02
2.870392483226505078e+02
2.886246253904238870e+02
2.863884216479467568e+02
2.890468670839019865e+02
2.879055122493047065e+02
2.882844150785723514e+02
2.892094051347675077e+02
2.895258311995424947e+02
2.893585559475545779e+02
2.850757867515544604e+02
2.883008626525501086e+02
2.884688672968031824e+02
2.884688672968031824e+02
2.886246253904238870e+02
2.891826902358820917e+02
2.881018420564551548e+02
2.891826902358820917e+02
2.884688672968031824e+02
2.891826902358820917e+02
2.890149223265811429e+02
2.849281329468559534e+02
2.889585119844686574e+02
2.882474421327885921e+02
2.883008626525501086e+02
2.886079023305480860e+02
2.883008626525501086e+02
2.888934903845932922e+02
2.880350321637867523e+02
2.895450101272205643e+02
2.887588532549460751e+02
2.890149223265811429e+02
2.891710262484460259e+02
2.874696810965335771e+02
2.877033143449551176e+02
2.892547452997631581e+02
2.863716329113533448e+02
2.892320747107258399e+02
2.869818052909939183e+02
2.884380573756206445e+02
2.881183026934091345e+02
2.887588532549460751e+02
2.874696810965335771e+02
2.886246253904238870e+02
2.892094051347675077e+02
2.886653245063930058e+02
2.891826902358820917e+02
2.890734231275894217e+02
2.869818052909939183e+02
2.888934903845932922e+02
2.891826902358820917e+02
2.888934903845932922e+02
2.893950164398823972e+02
2.887588532549460751e+02
2.890734231275894217e+02
2.875456178074602462e+02
2.886653245063930058e+02
2.875456178074602462e+02
2.886653245063930058e+02
2.852425490842882141e+02
2.888934903845932922e+02
2.881018420564551548e+02
2.891826902358820917e+02
2.892547452997631581e+02
2.888934903845932922e+02
2.887685647738471744e+02
2.890468670839019865e+02
2.890629266519440534e+02
2.884688672968031824e+02
2.866756175039756727e+02
2.879990535920393313e+02
2.869718934286301533e+02
2.880350321637867523e+02
2.853276890192439623e+02
2.885568152201030898e+02
2.887685647738471744e+02
2.892094051347675077e+02
2.867055757792576287e+02
2.876413454049730944e+02
2.888618733943615098e+02
2.893941492784682055e+02
2.890999601702495170e+02
2.890629266519440534e+02
2.888618733943615098e+02
2.894636091531285729e+02
2.892642793453554759e+02
2.891339829198609550e+02
2.895138212212448821e+02
2.898387888469126779e+02
2.891826902358820917e+02
2.891826902358820917e+02
2.887685647738471744e+02
2.885568152201030898e+02
2.886154720041132009e+02
2.885155355199181031e+02
2.887685647738471744e+02
2.886154720041132009e+02
2.889105917612217809e+02
2.856684384857650798e+02
2.896720793705216010e+02
2.886154720041132009e+02
2.883253116528653095e+02
2.895122988091596312e+02
2.870392483226505078e+02
2.883253116528653095e+02
2.864919271677107417e+02
2.889168282567438837e+02
2.892094051347675077e+02
2.885155355199181031e+02
2.896720793705216010e+02
2.890468670839019865e+02
2.884549106175149404e+02
2.893348768418503028e+02
2.890468670839019865e+02
2.892320747107258399e+02
2.884688672968031824e+02
2.891265920789128927e+02
2.889168282567438837e+02
2.893208144519189204e+02
2.893208144519189204e+02
2.864306736111035434e+02
2.892123285819881744e+02
2.898014379317969542e+02
2.890007367881883624e+02
2.892094051347675077e+02
2.892094051347675077e+02
2.888397183295852528e+02
2.893585559475545779e+02
2.892642793453554759e+02
2.893208144519189204e+02
2.883859424119858659e+02
2.897700635357714418e+02
2.890999601702495170e+02
2.898387888469126779e+02
2.892123285819881744e+02
2.893941492784682055e+02
2.897156792088457564e+02
2.896193019751347038e+02
2.896740060503502150e+02
2.894163484161090878e+02
2.896351362077223826e+02
2.896720793705216010e+02
2.896390048917692752e+02
2.898160515632469583e+02
2.889766909130986505e+02
2.894055273633802585e+02
2.894163484161090878e+02
2.895810446715219655e+02
2.898160515632469583e+02
2.893167916042368120e+02
2.896611547886229800e+02
2.893941492784682055e+02
2.894636091531285729e+02
2.885568152201030898e+02
2.895258311995424947e+02
2.885155355199181031e+02
2.898014379317969542e+02
2.896844332906710520e+02
2.895138212212448821e+02
2.895223418247707627e+02
2.896844332906710520e+02
2.895223418247707627e+02
2.898870388445021149e+02
2.896844332906710520e+02
2.900127073531793371e+02
2.894055273633802585e+02
2.895258311995424947e+02
2.905708866594611095e+02
2.884449980079343163e+02
2.902561069377384797e+02
2.890999601702495170e+02
2.886866210274201308e+02
2.887147320952559539e+02
2.894163484161090878e+02
2.901934728248488682e+02
2.878871234445137475e+02
2.896116918699959797e+02
2.883253116528653095e+02
2.895258311995424947e+02
2.896720793705216010e+02
2.899474087324529137e+02
2.890999601702495170e+02
2.896611547886229800e+02
2.896193019751347038e+02
2.896720793705216010e+02
2.894435285744719977e+02
2.894824446220995924e+02
2.895094770048705755e+02
2.896193019751347038e+02
2.897152039870383646e+02
2.890999601702495170e+02
2.897217832796246739e+02
2.901553046780782097e+02
2.894442439835265759e+02
2.894163484161090878e+02
2.896830071503720774e+02
2.897542671398930452e+02
2.900380084204800823e+02
2.890997749284355791e+02
2.903126569126891923e+02
2.896351362077223826e+02
2.896830071503720774e+02
2.904170426171423287e+02
2.889766909130986505e+02
2.881702492825887134e+02
2.888177586065773994e+02
2.897207513139400135e+02
2.895223418247707627e+02
2.895094770048705755e+02
2.892123285819881744e+02
2.892351805971984504e+02
2.888397183295852528e+02
2.894442439835265759e+02
2.895527706110542567e+02
2.895810446715219655e+02
2.885567448308068492e+02
2.895844449771837503e+02
2.895527706110542567e+02
2.896351362077223826e+02
2.894824446220995924e+02
2.896193019751347038e+02
2.897119632793712185e+02
2.895371150996241454e+02
2.894824446220995924e+02
2.896740060503502150e+02
2.898870388445021149e+02
2.897207513139400135e+02
2.898160515632469583e+02
2.897851242225471537e+02
2.892642793453554759e+02
2.890007367881883624e+02
2.898870388445021149e+02
2.896611547886229800e+02
2.894824446220995924e+02
2.897119632793712185e+02
2.901934728248488682e+02
2.890629266519440534e+02
2.891339829198609550e+02
2.897119632793712185e+02
2.897542671398930452e+02
2.899474087324529137e+02
2.898387888469126779e+02
2.886246253904238870e+02
2.901093652360822261e+02
2.874679383926476248e+02
2.867055757792576287e+02
2.844001662048705157e+02
2.860963850552537906e+02
2.889105917612217809e+02
2.883859424119858659e+02
2.893282040590235624e+02
2.887685647738471744e+02
2.885155355199181031e+02
2.886154720041132009e+02
2.883253116528653095e+02
2.892642793453554759e+02
2.880875557989813842e+02
2.885155355199181031e+02
2.894055273633802585e+02
2.865489121534968149e+02
2.856560661961378855e+02
2.884549106175149404e+02
2.888397183295852528e+02
2.856684384857650798e+02
2.855179108764875195e+02
2.880350321637867523e+02
2.869718934286301533e+02
2.881018420564551548e+02
2.862131120213931581e+02
2.884549106175149404e+02
2.872999816457396491e+02
2.889168282567438837e+02
2.882003964386059920e+02
2.890629266519440534e+02
2.882003964386059920e+02
2.881156372000716033e+02
2.890999601702495170e+02
2.889714143864467815e+02
2.870392483226505078e+02
2.884449980079343163e+02
2.889766909130986505e+02
2.856684384857650798e+02
2.871090099825054267e+02
2.895527706110542567e+02
2.872267106582931433e+02
2.872267106582931433e+02
2.893167916042368120e+02
2.872267106582931433e+02
2.857456686331679521e+02
2.896611547886229800e+02
2.876413454049730944e+02
2.859369480767587106e+02
2.865489121534968149e+02
2.882003964386059920e+02
2.871090099825054267e+02
2.877314446001360579e+02
2.856684384857650798e+02
2.869537201443195045e+02
2.887147320952559539e+02
2.862707714209198571e+02
2.859369480767587106e+02
2.856684384857650798e+02
2.877033143449551176e+02
2.864919271677107417e+02
2.858704778945473777e+02
2.870392483226505078e+02
2.872267106582931433e+02
2.884380573756206445e+02
2.891339829198609550e+02
2.871090099825054267e+02
2.892123285819881744e+02
2.885155355199181031e+02
2.893167916042368120e+02
2.889766909130986505e+02
2.888177586065773994e+02
2.894163484161090878e+02
2.887606274795768968e+02
2.895138212212448821e+02
2.895258311995424947e+02
2.852975271775792407e+02
2.890999601702495170e+02
2.881156372000716033e+02
2.883253116528653095e+02
2.891047065804044678e+02
2.894163484161090878e+02
2.884449980079343163e+02
2.885568152201030898e+02
2.879990535920393313e+02
2.851522426328521647e+02
2.864306736111035434e+02
2.883253116528653095e+02
2.861508637618406397e+02
2.883253116528653095e+02
2.887685647738471744e+02
2.858704778945473777e+02
2.863884216479467568e+02
2.864306736111035434e+02
2.860963850552537906e+02
2.887685647738471744e+02
2.872999816457396491e+02
2.861508637618406397e+02
2.867687062179120971e+02
2.883008626525501086e+02
2.883859424119858659e+02
2.879990535920393313e+02
2.890007367881883624e+02
2.894055273633802585e+02
2.883859424119858659e+02
2.883253116528653095e+02
2.896611547886229800e+02
2.876413454049730944e+02
2.888618733943615098e+02
2.876413454049730944e+02
2.883859424119858659e+02
2.863545608029970140e+02
2.899247130376963355e+02
2.880875557989813842e+02
2.895258311995424947e+02
2.886424254155202789e+02
2.901553046780782097e+02
2.874622425112694373e+02
2.862707714209198571e+02
2.870392483226505078e+02
2.887708700470087706e+02
2.858044165545541091e+02
2.877033143449551176e+02
2.870392483226505078e+02
2.896611547886229800e+02
2.857456686331679521e+02
2.898387888469126779e+02
2.888397183295852528e+02
2.889168282567438837e+02
2.877314446001360579e+02
2.879055122493047065e+02
2.862707714209198571e+02
2.898014379317969542e+02
2.892094051347675077e+02
2.883859424119858659e+02
2.883253116528653095e+02
2.879990535920393313e+02
2.885568152201030898e+02
2.862131120213931581e+02
2.887685647738471744e+02
2.869718934286301533e+02
2.909028822586044498e+02
2.894163484161090878e+02
2.879990535920393313e+02
2.869718934286301533e+02
2.847480863172013983e+02
2.896611547886229800e+02
2.886154720041132009e+02
2.903800766920459751e+02
2.860963850552537906e+02
2.905708866594611095e+02
2.909557979638326515e+02
2.900380084204800823e+02
2.895138212212448821e+02
2.894163484161090878e+02
2.894163484161090878e+02
2.895138212212448821e+02
2.898014379317969542e+02
2.899474087324529137e+02
2.877814920084667847e+02
2.888618733943615098e+02
2.892642793453554759e+02
2.887708700470087706e+02
2.887685647738471744e+02
2.890629266519440534e+02
2.905708866594611095e+02
2.902906002695404482e+02
2.906687275174098772e+02
2.905708866594611095e+02
2.896720793705216010e+02
2.891826902358820917e+02
2.906687275174098772e+02
2.881183026934091345e+02
2.901934728248488682e+02
2.895258311995424947e+02
2.890007367881883624e+02
2.899247130376963355e+02
2.893167916042368120e+02
2.892642793453554759e+02
2.896720793705216010e+02
2.900991555354139564e+02
2.893941492784682055e+02
2.902561069377384797e+02
2.893585559475545779e+02
2.891826902358820917e+02
2.888618733943615098e+02
2.896611547886229800e+02
2.899474087324529137e+02
2.896611547886229800e+02
2.898160515632469583e+02
2.899355773913247276e+02
2.891826902358820917e+02
2.887708700470087706e+02
2.884549106175149404e+02
2.892642793453554759e+02
2.891339829198609550e+02
2.887708700470087706e+02
2.884688672968031824e+02
2.893208144519189204e+02
2.896129382027393717e+02
2.896720793705216010e+02
2.884688672968031824e+02
2.890149223265811429e+02
2.877033143449551176e+02
2.889105917612217809e+02
2.887708700470087706e+02
2.887708700470087706e+02
2.890149223265811429e+02
2.888934903845932922e+02
2.892320747107258399e+02
2.893348768418503028e+02
2.889585119844686574e+02
2.884830342795013394e+02
2.890149223265811429e+02
2.886246253904238870e+02
2.897700635357714418e+02
2.891710262484460259e+02
2.888232797038455715e+02
2.875456178074602462e+02
2.887708700470087706e+02
2.886246253904238870e+02
2.899355773913247276e+02
2.889168282567438837e+02
2.889105917612217809e+02
2.894382476381069296e+02
2.892320747107258399e+02
2.893348768418503028e+02
2.887708700470087706e+02
2.890468670839019865e+02
2.890149223265811429e+02
2.892320747107258399e+02
2.894382476381069296e+02
2.889585119844686574e+02
2.893208144519189204e+02
2.884688672968031824e+02
2.890468670839019865e+02
2.891826902358820917e+02
2.891826902358820917e+02
2.892320747107258399e+02
2.893348768418503028e+02
2.887588532549460751e+02
2.891265920789128927e+02
2.887708700470087706e+02
2.891826902358820917e+02
2.889105917612217809e+02
2.900127073531793371e+02
2.893208144519189204e+02
2.894636091531285729e+02
2.892094051347675077e+02
2.889168282567438837e+02
2.890629266519440534e+02
2.893585559475545779e+02
2.893585559475545779e+02
2.893167916042368120e+02
2.896116918699959797e+02
2.893167916042368120e+02
2.893941492784682055e+02
