2.884081115722656250e+02
2.884463195800781250e+02
2.885225524902343750e+02
2.883869323730468750e+02
2.878298645019531250e+02
2.883018188476562500e+02
2.882548828125000000e+02
2.882805480957031250e+02
2.877304992675781250e+02
2.880796508789062500e+02
2.882932128906250000e+02
2.877001342773437500e+02
2.879034423828125000e+02
2.879722900390625000e+02
2.878645629882812500e+02
2.877868041992187500e+02
2.878083496093750000e+02
2.881353149414062500e+02
2.880495910644531250e+02
2.883656616210937500e+02
2.881738281250000000e+02
2.877088623046875000e+02
2.881053466796875000e+02
2.881182556152343750e+02
2.882207946777343750e+02
2.881481323242187500e+02
2.882421569824218750e+02
2.880409851074218750e+02
2.881653137207031250e+02
2.880409851074218750e+02
2.882462768554687500e+02
2.882078247070312500e+02
2.880237426757812500e+02
2.881693420410156250e+02
2.882251281738281250e+02
2.880323486328125000e+02
2.883315429687500000e+02
2.880323486328125000e+02
2.882720642089843750e+02
2.883698730468750000e+02
2.883018188476562500e+02
2.879763488769531250e+02
2.877129821777343750e+02
2.880237426757812500e+02
2.877431945800781250e+02
2.876914978027343750e+02
2.877694396972656250e+02
2.880922851562500000e+02
2.876914978027343750e+02
2.877607116699218750e+02
2.883486938476562500e+02
2.881268005371093750e+02
2.881182556152343750e+02
2.885267028808593750e+02
2.881567382812500000e+02
2.878861083984375000e+02
2.881866149902343750e+02
2.883486938476562500e+02
2.881866149902343750e+02
2.883103637695312500e+02
2.877694396972656250e+02
2.882336425781250000e+02
2.879462890625000000e+02
2.879462890625000000e+02
2.882037658691406250e+02
2.880796508789062500e+02
2.883571777343750000e+02
2.878861083984375000e+02
2.881096496582031250e+02
2.882037658691406250e+02
2.878861083984375000e+02
2.879937133789062500e+02
2.882421569824218750e+02
2.883018188476562500e+02
2.883188476562500000e+02
2.880710449218750000e+02
2.880796508789062500e+02
2.881009826660156250e+02
2.882673339843750000e+02
2.882462768554687500e+02
2.881009826660156250e+02
2.878385925292968750e+02
2.879636535644531250e+02
2.881394958496093750e+02
2.859605407714843750e+02
2.880536804199218750e+02
2.878686828613281250e+02
2.875741271972656250e+02
2.879161987304687500e+02
2.880623779296875000e+02
2.884844360351562500e+02
2.880237426757812500e+02
2.882251281738281250e+02
2.880623779296875000e+02
2.885859375000000000e+02
2.883188476562500000e+02
2.879462890625000000e+02
2.881653137207031250e+02
2.881866149902343750e+02
2.877217102050781250e+02
2.881567382812500000e+02
2.881096496582031250e+02
2.879462890625000000e+02
2.878472290039062500e+02
2.879375610351562500e+02
2.879550170898437500e+02
2.879722900390625000e+02
2.877996826171875000e+02
2.881567382812500000e+02
2.879550170898437500e+02
2.880409851074218750e+02
2.881182556152343750e+02
2.881952209472656250e+02
2.879249267578125000e+02
2.880796508789062500e+02
2.879937133789062500e+02
2.880109558105468750e+02
2.881952209472656250e+02
2.880195617675781250e+02
2.877694396972656250e+02
2.881481323242187500e+02
2.882037658691406250e+02
2.882846374511718750e+02
2.882421569824218750e+02
2.881096496582031250e+02
2.880323486328125000e+02
2.883869323730468750e+02
2.881481323242187500e+02
2.883103637695312500e+02
2.879161987304687500e+02
2.881096496582031250e+02
2.879249267578125000e+02
2.879249267578125000e+02
2.883698730468750000e+02
2.881182556152343750e+02
2.880323486328125000e+02
2.883401794433593750e+02
2.881096496582031250e+02
2.882037658691406250e+02
2.881653137207031250e+02
2.883656616210937500e+02
2.879550170898437500e+02
2.882164916992187500e+02
2.877694396972656250e+02
2.881738281250000000e+02
2.884123535156250000e+02
2.881353149414062500e+02
2.882421569824218750e+02
2.880323486328125000e+02
2.880796508789062500e+02
2.881567382812500000e+02
2.883188476562500000e+02
2.885563354492187500e+02
2.882421569824218750e+02
2.878472290039062500e+02
2.885098571777343750e+02
2.878558959960937500e+02
2.881866149902343750e+02
2.881952209472656250e+02
2.880323486328125000e+02
2.881952209472656250e+02
2.881182556152343750e+02
2.880323486328125000e+02
2.880495910644531250e+02
2.880967712402343750e+02
2.880796508789062500e+02
2.877781677246093750e+02
2.883571777343750000e+02
2.877001342773437500e+02
2.878645629882812500e+02
2.880323486328125000e+02
2.885563354492187500e+02
2.880409851074218750e+02
2.880881958007812500e+02
2.881866149902343750e+02
2.880495910644531250e+02
2.880109558105468750e+02
2.881268005371093750e+02
2.880796508789062500e+02
2.878343200683593750e+02
2.882037658691406250e+02
2.880881958007812500e+02
2.882506713867187500e+02
2.883571777343750000e+02
2.882890319824218750e+02
2.882421569824218750e+02
2.882592163085937500e+02
2.877564697265625000e+02
2.878947753906250000e+02
2.881653137207031250e+02
2.880409851074218750e+02
2.881738281250000000e+02
2.879335327148437500e+02
2.882890319824218750e+02
2.880881958007812500e+02
2.879722900390625000e+02
2.885563354492187500e+02
2.881653137207031250e+02
2.884420776367187500e+02
2.881653137207031250e+02
2.883741149902343750e+02
2.880581665039062500e+02
2.880881958007812500e+02
2.882336425781250000e+02
2.879636535644531250e+02
2.884251708984375000e+02
2.883273925781250000e+02
2.882122497558593750e+02
2.883741149902343750e+02
2.882037658691406250e+02
2.833968505859375000e+02
2.883188476562500000e+02
2.877694396972656250e+02
2.883571777343750000e+02
2.880023498535156250e+02
2.884336242675781250e+02
2.879722900390625000e+02
2.883486938476562500e+02
2.884717712402343750e+02
2.880023498535156250e+02
2.885563354492187500e+02
2.877781677246093750e+02
2.885098571777343750e+02
2.880881958007812500e+02
2.883656616210937500e+02
2.879636535644531250e+02
2.884038696289062500e+02
2.879421997070312500e+02
2.884038696289062500e+02
2.879335327148437500e+02
2.883571777343750000e+02
2.877304992675781250e+02
2.881738281250000000e+02
2.879034423828125000e+02
2.882890319824218750e+02
2.883188476562500000e+02
2.885775146484375000e+02
2.881653137207031250e+02
2.883273925781250000e+02
2.881567382812500000e+02
2.880237426757812500e+02
2.883188476562500000e+02
2.881481323242187500e+02
2.883954162597656250e+02
2.882634887695312500e+02
2.884251708984375000e+02
2.881481323242187500e+02
2.883571777343750000e+02
2.879937133789062500e+02
2.882805480957031250e+02
2.880796508789062500e+02
2.882805480957031250e+02
2.880796508789062500e+02
2.882805480957031250e+02
2.881268005371093750e+02
2.880796508789062500e+02
2.880495910644531250e+02
2.880323486328125000e+02
2.882720642089843750e+02
2.881866149902343750e+02
2.883954162597656250e+02
2.881182556152343750e+02
2.882037658691406250e+02
2.887208251953125000e+02
2.881952209472656250e+02
2.877607116699218750e+02
2.882251281738281250e+02
2.885310363769531250e+02
2.883571777343750000e+02
2.883869323730468750e+02
2.882890319824218750e+02
2.881268005371093750e+02
2.882592163085937500e+02
2.884336242675781250e+02
2.882975463867187500e+02
2.885563354492187500e+02
2.882292785644531250e+02
2.878343200683593750e+02
2.883825378417968750e+02
2.881738281250000000e+02
2.881353149414062500e+02
2.883954162597656250e+02
2.884717712402343750e+02
2.882890319824218750e+02
2.879034423828125000e+02
2.882975463867187500e+02
2.883103637695312500e+02
2.882122497558593750e+02
2.884632873535156250e+02
2.883954162597656250e+02
2.880796508789062500e+02
2.881653137207031250e+02
2.880881958007812500e+02
2.883358154296875000e+02
2.880581665039062500e+02
2.882592163085937500e+02
2.876784667968750000e+02
2.880667724609375000e+02
2.878040161132812500e+02
2.879034423828125000e+02
2.881823120117187500e+02
2.881353149414062500e+02
2.882975463867187500e+02
2.880881958007812500e+02
2.881353149414062500e+02
2.881653137207031250e+02
2.882592163085937500e+02
2.882037658691406250e+02
2.884505004882812500e+02
2.878947753906250000e+02
2.883273925781250000e+02
2.881823120117187500e+02
2.880881958007812500e+02
2.882975463867187500e+02
2.882506713867187500e+02
2.882890319824218750e+02
2.886534729003906250e+02
2.879335327148437500e+02
2.883188476562500000e+02
2.885775146484375000e+02
2.882592163085937500e+02
2.885563354492187500e+02
2.884886169433593750e+02
2.885098571777343750e+02
2.883656616210937500e+02
2.879722900390625000e+02
2.879722900390625000e+02
2.879722900390625000e+02
2.881353149414062500e+02
2.883869323730468750e+02
2.882207946777343750e+02
2.884717712402343750e+02
2.883273925781250000e+02
2.881268005371093750e+02
2.883571777343750000e+02
2.882037658691406250e+02
2.884336242675781250e+02
2.881653137207031250e+02
2.882506713867187500e+02
2.883571777343750000e+02
2.880710449218750000e+02
2.883571777343750000e+02
2.883018188476562500e+02
2.883103637695312500e+02
2.885310363769531250e+02
2.883188476562500000e+02
2.883656616210937500e+02
2.882207946777343750e+02
2.881738281250000000e+02
2.883059387207031250e+02
2.880281372070312500e+02
2.884801940917968750e+02
2.883442382812500000e+02
2.884038696289062500e+02
2.885730895996093750e+02
2.878343200683593750e+02
2.885647277832031250e+02
2.885775146484375000e+02
2.888801879882812500e+02
2.887753906250000000e+02
2.882592163085937500e+02
2.887376098632812500e+02
2.886406860351562500e+02
2.884123535156250000e+02
2.881738281250000000e+02
2.884038696289062500e+02
2.877088623046875000e+02
2.883656616210937500e+02
2.883571777343750000e+02
2.884420776367187500e+02
2.881653137207031250e+02
2.882805480957031250e+02
2.882805480957031250e+02
2.883571777343750000e+02
2.880409851074218750e+02
2.883103637695312500e+02
2.885098571777343750e+02
2.880109558105468750e+02
2.883656616210937500e+02
2.882336425781250000e+02
2.881738281250000000e+02
2.880109558105468750e+02
2.882890319824218750e+02
2.879249267578125000e+02
2.883571777343750000e+02
2.884929504394531250e+02
2.885775146484375000e+02
2.879075012207031250e+02
2.883103637695312500e+02
2.884081115722656250e+02
2.883103637695312500e+02
2.884758300781250000e+02
2.884166259765625000e+02
2.883315429687500000e+02
2.883018188476562500e+02
2.882548828125000000e+02
2.883103637695312500e+02
2.880237426757812500e+02
2.881866149902343750e+02
2.883995056152343750e+02
2.884166259765625000e+02
2.883188476562500000e+02
2.880495910644531250e+02
2.887920227050781250e+02
2.886913452148437500e+02
2.882890319824218750e+02
2.884632873535156250e+02
2.883656616210937500e+02
2.880967712402343750e+02
2.884123535156250000e+02
2.877868041992187500e+02
2.882506713867187500e+02
2.878257141113281250e+02
2.884038696289062500e+02
2.883103637695312500e+02
2.884038696289062500e+02
2.882932128906250000e+02
2.884251708984375000e+02
2.879937133789062500e+02
2.883188476562500000e+02
2.884251708984375000e+02
2.882421569824218750e+02
2.883571777343750000e+02
2.885394897460937500e+02
2.879161987304687500e+02
2.883571777343750000e+02
2.882037658691406250e+02
2.885225524902343750e+02
2.885479736328125000e+02
2.882251281738281250e+02
2.885394897460937500e+02
2.883018188476562500e+02
2.884420776367187500e+02
2.886450195312500000e+02
2.885775146484375000e+02
2.884081115722656250e+02
2.883869323730468750e+02
2.883784484863281250e+02
2.885098571777343750e+02
2.884548339843750000e+02
2.886534729003906250e+02
2.884717712402343750e+02
2.884251708984375000e+02
2.886534729003906250e+02
2.882634887695312500e+02
2.881481323242187500e+02
2.884463195800781250e+02
2.886239318847656250e+02
2.881009826660156250e+02
2.883869323730468750e+02
2.885900878906250000e+02
2.885690917968750000e+02
2.882462768554687500e+02
2.882805480957031250e+02
2.884166259765625000e+02
2.884717712402343750e+02
2.883869323730468750e+02
2.880710449218750000e+02
2.878774414062500000e+02
2.884717712402343750e+02
2.884548339843750000e+02
2.884251708984375000e+02
2.884758300781250000e+02
2.884251708984375000e+02
2.885986022949218750e+02
2.886534729003906250e+02
2.888172912597656250e+02
2.885394897460937500e+02
2.881780090332031250e+02
2.883954162597656250e+02
2.880409851074218750e+02
2.885479736328125000e+02
2.885859375000000000e+02
2.883103637695312500e+02
2.884251708984375000e+02
2.880150451660156250e+02
2.883103637695312500e+02
2.885139770507812500e+02
2.883954162597656250e+02
2.885900878906250000e+02
2.884632873535156250e+02
2.885900878906250000e+02
2.884463195800781250e+02
2.885815429687500000e+02
2.883401794433593750e+02
2.880922851562500000e+02
2.884929504394531250e+02
2.882462768554687500e+02
2.883698730468750000e+02
2.882376403808593750e+02
2.884844360351562500e+02
2.883143005371093750e+02
2.881394958496093750e+02
2.876914978027343750e+02
2.881653137207031250e+02
2.880323486328125000e+02
2.880409851074218750e+02
2.875828247070312500e+02
2.880409851074218750e+02
2.886450195312500000e+02
2.882890319824218750e+02
2.877694396972656250e+02
2.882037658691406250e+02
2.881567382812500000e+02
2.882421569824218750e+02
2.878947753906250000e+02
2.881738281250000000e+02
2.882720642089843750e+02
2.882421569824218750e+02
2.880323486328125000e+02
2.879075012207031250e+02
2.881991882324218750e+02
2.883315429687500000e+02
2.882720642089843750e+02
2.877607116699218750e+02
2.882932128906250000e+02
2.877996826171875000e+02
2.877519531250000000e+02
2.877607116699218750e+02
2.883486938476562500e+02
2.880323486328125000e+02
2.878385925292968750e+02
2.879937133789062500e+02
2.879161987304687500e+02
2.879850463867187500e+02
2.880796508789062500e+02
2.879462890625000000e+02
2.881096496582031250e+02
2.880323486328125000e+02
2.882078247070312500e+02
2.883401794433593750e+02
2.877908935546875000e+02
2.881952209472656250e+02
2.885943908691406250e+02
2.878558959960937500e+02
2.877868041992187500e+02
2.881653137207031250e+02
2.881567382812500000e+02
2.883401794433593750e+02
2.879249267578125000e+02
2.881394958496093750e+02
2.881653137207031250e+02
2.878385925292968750e+02
2.879550170898437500e+02
2.884801940917968750e+02
2.886744689941406250e+02
2.882634887695312500e+02
2.885014343261718750e+02
2.881780090332031250e+02
2.880581665039062500e+02
2.877478332519531250e+02
2.879808349609375000e+02
2.883741149902343750e+02
2.882037658691406250e+02
2.883656616210937500e+02
2.876393737792968750e+02
2.878645629882812500e+02
2.884886169433593750e+02
2.880281372070312500e+02
2.878170776367187500e+02
2.879808349609375000e+02
2.877478332519531250e+02
2.882122497558593750e+02
2.878861083984375000e+02
2.880881958007812500e+02
2.876524047851562500e+02
2.878645629882812500e+02
2.880495910644531250e+02
2.881096496582031250e+02
2.883401794433593750e+02
2.881182556152343750e+02
2.879421997070312500e+02
2.883486938476562500e+02
2.883656616210937500e+02
2.881182556152343750e+02
2.880109558105468750e+02
2.882720642089843750e+02
2.883571777343750000e+02
2.883018188476562500e+02
2.881182556152343750e+02
2.880409851074218750e+02
2.878257141113281250e+02
2.879550170898437500e+02
2.879850463867187500e+02
2.881780090332031250e+02
2.882421569824218750e+02
2.878861083984375000e+02
2.878558959960937500e+02
2.879249267578125000e+02
2.882720642089843750e+02
2.884505004882812500e+02
2.879636535644531250e+02
2.879161987304687500e+02
2.882421569824218750e+02
2.881567382812500000e+02
2.882037658691406250e+02
2.878861083984375000e+02
2.880881958007812500e+02
2.880796508789062500e+02
2.877304992675781250e+02
2.880237426757812500e+02
2.879636535644531250e+02
2.880109558105468750e+02
2.880195617675781250e+02
2.878861083984375000e+02
2.880023498535156250e+02
2.883995056152343750e+02
2.882336425781250000e+02
2.879550170898437500e+02
2.881952209472656250e+02
2.879850463867187500e+02
2.881096496582031250e+02
2.881481323242187500e+02
2.878385925292968750e+02
2.885014343261718750e+02
2.880710449218750000e+02
2.883698730468750000e+02
2.882251281738281250e+02
2.879722900390625000e+02
2.878472290039062500e+02
2.883401794433593750e+02
2.882805480957031250e+02
2.882421569824218750e+02
2.885098571777343750e+02
2.881653137207031250e+02
2.881567382812500000e+02
2.879937133789062500e+02
2.878774414062500000e+02
2.883018188476562500e+02
2.881780090332031250e+02
2.880710449218750000e+02
2.878298645019531250e+02
2.881866149902343750e+02
2.877607116699218750e+02
2.881952209472656250e+02
2.880237426757812500e+02
2.883401794433593750e+02
2.881653137207031250e+02
2.882805480957031250e+02
2.883018188476562500e+02
2.883571777343750000e+02
2.880109558105468750e+02
2.880409851074218750e+02
2.879636535644531250e+02
2.880796508789062500e+02
2.881096496582031250e+02
2.883784484863281250e+02
2.880237426757812500e+02
2.881481323242187500e+02
2.879462890625000000e+02
2.881567382812500000e+02
2.880623779296875000e+02
2.880409851074218750e+02
2.882720642089843750e+02
2.880409851074218750e+02
2.880796508789062500e+02
2.881653137207031250e+02
2.882037658691406250e+02
2.884038696289062500e+02
2.880323486328125000e+02
2.882720642089843750e+02
2.878947753906250000e+02
2.882634887695312500e+02
2.880710449218750000e+02
2.883315429687500000e+02
2.881009826660156250e+02
2.878298645019531250e+02
2.881096496582031250e+02
2.880323486328125000e+02
2.884632873535156250e+02
2.877996826171875000e+02
2.880023498535156250e+02
2.882421569824218750e+02
2.881182556152343750e+02
2.885014343261718750e+02
2.880323486328125000e+02
2.879937133789062500e+02
2.878472290039062500e+02
2.878385925292968750e+02
2.879850463867187500e+02
2.878472290039062500e+02
2.882251281738281250e+02
2.883571777343750000e+02
2.884123535156250000e+02
2.885479736328125000e+02
2.883784484863281250e+02
2.884166259765625000e+02
2.881096496582031250e+02
2.883018188476562500e+02
2.879249267578125000e+02
2.884717712402343750e+02
2.882890319824218750e+02
2.884336242675781250e+02
2.884336242675781250e+02
2.882037658691406250e+02
2.883188476562500000e+02
2.884336242675781250e+02
2.882634887695312500e+02
2.883486938476562500e+02
2.884717712402343750e+02
2.878558959960937500e+02
2.884505004882812500e+02
2.883358154296875000e+02
2.883273925781250000e+02
2.883656616210937500e+02
2.883273925781250000e+02
2.884420776367187500e+02
2.881738281250000000e+02
2.882890319824218750e+02
2.881738281250000000e+02
2.883273925781250000e+02
2.882207946777343750e+02
2.884038696289062500e+02
2.884207153320312500e+02
2.880752868652343750e+02
2.881307373046875000e+02
2.881353149414062500e+02
2.880967712402343750e+02
2.884801940917968750e+02
2.884207153320312500e+02
2.882975463867187500e+02
2.884969787597656250e+02
2.882676391601562500e+02
2.882292785644531250e+02
2.883825378417968750e+02
2.883358154296875000e+02
2.882592163085937500e+02
2.884505004882812500e+02
2.884123535156250000e+02
2.883741149902343750e+02
2.883741149902343750e+02
2.882975463867187500e+02
2.882890319824218750e+02
2.882805480957031250e+02
2.882805480957031250e+02
2.882805480957031250e+02
2.880796508789062500e+02
2.884336242675781250e+02
2.879937133789062500e+02
2.882421569824218750e+02
2.884632873535156250e+02
2.884929504394531250e+02
2.885098571777343750e+02
2.884420776367187500e+02
2.881353149414062500e+02
2.883571777343750000e+02
2.883188476562500000e+02
2.884166259765625000e+02
2.884336242675781250e+02
2.883315429687500000e+02
2.881182556152343750e+02
2.883784484863281250e+02
2.883486938476562500e+02
2.883954162597656250e+02
2.883273925781250000e+02
2.884505004882812500e+02
2.883869323730468750e+02
2.883656616210937500e+02
2.884717712402343750e+02
2.883188476562500000e+02
2.885563354492187500e+02
2.886489868164062500e+02
2.884801940917968750e+02
2.885647277832031250e+02
2.884420776367187500e+02
2.884886169433593750e+02
2.885730895996093750e+02
2.884505004882812500e+02
2.885647277832031250e+02
2.885182800292968750e+02
2.886406860351562500e+02
2.887542724609375000e+02
2.887708740234375000e+02
2.886323242187500000e+02
2.884166259765625000e+02
2.884251708984375000e+02
2.885563354492187500e+02
2.883401794433593750e+02
2.885310363769531250e+02
2.886155395507812500e+02
2.883188476562500000e+02
2.886534729003906250e+02
2.881780090332031250e+02
2.885900878906250000e+02
2.885310363769531250e+02
2.885520629882812500e+02
2.886450195312500000e+02
2.884548339843750000e+02
2.885690917968750000e+02
2.887038879394531250e+02
2.886450195312500000e+02
2.884081115722656250e+02
2.884166259765625000e+02
2.885054321289062500e+02
2.885690917968750000e+02
2.885394897460937500e+02
2.886450195312500000e+02
2.886659851074218750e+02
2.886155395507812500e+02
2.886070861816406250e+02
2.886155395507812500e+02
2.885690917968750000e+02
2.887376098632812500e+02
2.884632873535156250e+02
2.884336242675781250e+02
2.887542724609375000e+02
2.887164611816406250e+02
2.885647277832031250e+02
2.886323242187500000e+02
2.885647277832031250e+02
2.886323242187500000e+02
2.888297729492187500e+02
2.885563354492187500e+02
2.887459716796875000e+02
2.887459716796875000e+02
2.885647277832031250e+02
2.885563354492187500e+02
2.887837524414062500e+02
2.885479736328125000e+02
2.885563354492187500e+02
2.887459716796875000e+02
2.887459716796875000e+02
2.887837524414062500e+02
2.887376098632812500e+02
2.883571777343750000e+02
2.882251281738281250e+02
2.878947753906250000e+02
2.880195617675781250e+02
2.877781677246093750e+02
2.883656616210937500e+02
2.885730895996093750e+02
2.885647277832031250e+02
2.885563354492187500e+02
2.884801940917968750e+02
2.884336242675781250e+02
2.879421997070312500e+02
2.883656616210937500e+02
2.885098571777343750e+02
2.883273925781250000e+02
2.883656616210937500e+02
2.884123535156250000e+02
2.883188476562500000e+02
2.881738281250000000e+02
2.879894714355468750e+02
2.884123535156250000e+02
2.883825378417968750e+02
2.882975463867187500e+02
2.885267028808593750e+02
2.883273925781250000e+02
2.883571777343750000e+02
2.881738281250000000e+02
2.883656616210937500e+02
2.883954162597656250e+02
2.882805480957031250e+02
2.882720642089843750e+02
2.882037658691406250e+02
2.882805480957031250e+02
2.878861083984375000e+02
2.881738281250000000e+02
2.882122497558593750e+02
2.882676391601562500e+02
2.878343200683593750e+02
2.880109558105468750e+02
2.881653137207031250e+02
2.878170776367187500e+02
2.881653137207031250e+02
2.880281372070312500e+02
2.879808349609375000e+02
2.883656616210937500e+02
2.882336425781250000e+02
2.881738281250000000e+02
2.881567382812500000e+02
2.883825378417968750e+02
2.875611267089843750e+02
2.877174987792968750e+02
2.881653137207031250e+02
2.878731994628906250e+02
2.877781677246093750e+02
2.879722900390625000e+02
2.878558959960937500e+02
2.877174987792968750e+02
2.878731994628906250e+02
2.876697998046875000e+02
2.876220092773437500e+02
2.879722900390625000e+02
2.879722900390625000e+02
2.880195617675781250e+02
2.877694396972656250e+02
2.881353149414062500e+02
2.879722900390625000e+02
2.881053466796875000e+02
2.882421569824218750e+02
2.881567382812500000e+02
2.882805480957031250e+02
2.881653137207031250e+02
2.881738281250000000e+02
2.877781677246093750e+02
2.881653137207031250e+02
2.877694396972656250e+02
2.881567382812500000e+02
2.878083496093750000e+02
2.878774414062500000e+02
2.879722900390625000e+02
2.877607116699218750e+02
2.881738281250000000e+02
2.878170776367187500e+02
2.882037658691406250e+02
2.881182556152343750e+02
2.885563354492187500e+02
2.877304992675781250e+02
2.881653137207031250e+02
2.880796508789062500e+02
2.884038696289062500e+02
2.880581665039062500e+02
2.876089782714843750e+02
2.859790954589843750e+02
2.881653137207031250e+02
2.881268005371093750e+02
2.881268005371093750e+02
2.877781677246093750e+02
2.882592163085937500e+02
2.879034423828125000e+02
2.877868041992187500e+02
2.880495910644531250e+02
2.878731994628906250e+02
2.880495910644531250e+02
2.881738281250000000e+02
2.880109558105468750e+02
2.881438598632812500e+02
2.878343200683593750e+02
2.880581665039062500e+02
2.882805480957031250e+02
2.879636535644531250e+02
2.879335327148437500e+02
2.879722900390625000e+02
2.882421569824218750e+02
2.882506713867187500e+02
2.877781677246093750e+02
2.881738281250000000e+02
2.881952209472656250e+02
2.884336242675781250e+02
2.880881958007812500e+02
2.880109558105468750e+02
2.883273925781250000e+02
2.883486938476562500e+02
2.884886169433593750e+02
2.879507751464843750e+02
2.882292785644531250e+02
2.880195617675781250e+02
2.881823120117187500e+02
2.881653137207031250e+02
2.882037658691406250e+02
2.878257141113281250e+02
2.881053466796875000e+02
2.878170776367187500e+02
2.880195617675781250e+02
2.878558959960937500e+02
2.880881958007812500e+02
2.885182800292968750e+02
2.877781677246093750e+02
2.882592163085937500e+02
2.877868041992187500e+02
2.883741149902343750e+02
2.880495910644531250e+02
2.883273925781250000e+02
2.879722900390625000e+02
2.884123535156250000e+02
2.881268005371093750e+02
2.885563354492187500e+02
2.879722900390625000e+02
2.878947753906250000e+02
2.885182800292968750e+02
2.880195617675781250e+02
2.884801940917968750e+02
2.878645629882812500e+02
2.884717712402343750e+02
2.877781677246093750e+02
2.880796508789062500e+02
2.888214721679687500e+02
2.878947753906250000e+02
2.882890319824218750e+02
2.883273925781250000e+02
2.882805480957031250e+02
2.878774414062500000e+02
2.883571777343750000e+02
2.881096496582031250e+02
2.885394897460937500e+02
2.879636535644531250e+02
2.885182800292968750e+02
2.878558959960937500e+02
2.885647277832031250e+02
2.880967712402343750e+02
2.883656616210937500e+02
2.882890319824218750e+02
2.884886169433593750e+02
2.881096496582031250e+02
2.881653137207031250e+02
2.881952209472656250e+02
2.884336242675781250e+02
2.878257141113281250e+02
2.883358154296875000e+02
2.877954406738281250e+02
2.885730895996093750e+02
2.882207946777343750e+02
2.882805480957031250e+02
2.884420776367187500e+02
2.885563354492187500e+02
2.882122497558593750e+02
2.885563354492187500e+02
2.886027526855468750e+02
2.878257141113281250e+02
2.881438598632812500e+02
2.884801940917968750e+02
2.883273925781250000e+02
2.882506713867187500e+02
2.880109558105468750e+02
2.885267028808593750e+02
2.885267028808593750e+02
2.879421997070312500e+02
2.884505004882812500e+02
2.876307373046875000e+02
2.882890319824218750e+02
2.877868041992187500e+02
2.882506713867187500e+02
2.882506713867187500e+02
2.877088623046875000e+02
2.885350646972656250e+02
2.878731994628906250e+02
2.882676391601562500e+02
2.879979858398437500e+02
2.880581665039062500e+02
2.886786193847656250e+02
2.879034423828125000e+02
2.883825378417968750e+02
2.876393737792968750e+02
2.882292785644531250e+02
2.877564697265625000e+02
2.881438598632812500e+02
2.878257141113281250e+02
2.884886169433593750e+02
2.879808349609375000e+02
2.882207946777343750e+02
2.879421997070312500e+02
2.884505004882812500e+02
2.879808349609375000e+02
2.880195617675781250e+02
2.879722900390625000e+02
2.880581665039062500e+02
2.879722900390625000e+02
2.884886169433593750e+02
2.882421569824218750e+02
2.883656616210937500e+02
2.880881958007812500e+02
2.888003234863281250e+02
2.878731994628906250e+02
2.885350646972656250e+02
2.881523437500000000e+02
2.879979858398437500e+02
2.880064697265625000e+02
2.881138000488281250e+02
2.881908569335937500e+02
2.882676391601562500e+02
2.885433959960937500e+02
2.883526611328125000e+02
2.879592895507812500e+02
2.886489868164062500e+02
2.880667724609375000e+02
2.883526611328125000e+02
2.877868041992187500e+02
2.881908569335937500e+02
2.878343200683593750e+02
2.884588623046875000e+02
2.879894714355468750e+02
2.883059387207031250e+02
2.877261352539062500e+02
2.879119873046875000e+02
2.881823120117187500e+02
2.878731994628906250e+02
2.885647277832031250e+02
2.882207946777343750e+02
2.877564697265625000e+02
2.882292785644531250e+02
2.882890319824218750e+02
2.881823120117187500e+02
2.881138000488281250e+02
2.880881958007812500e+02
2.877564697265625000e+02
2.878343200683593750e+02
2.883656616210937500e+02
2.883442382812500000e+02
2.879722900390625000e+02
2.882975463867187500e+02
2.879119873046875000e+02
2.884123535156250000e+02
2.881353149414062500e+02
2.882122497558593750e+02
2.884420776367187500e+02
2.885098571777343750e+02
2.884801940917968750e+02
2.877088623046875000e+02
2.882207946777343750e+02
2.882592163085937500e+02
2.882592163085937500e+02
2.882975463867187500e+02
2.884505004882812500e+02
2.881738281250000000e+02
2.884505004882812500e+02
2.882592163085937500e+02
2.884505004882812500e+02
2.883825378417968750e+02
2.877261352539062500e+02
2.883526611328125000e+02
2.881908569335937500e+02
2.882207946777343750e+02
2.882676391601562500e+02
2.882207946777343750e+02
2.883442382812500000e+02
2.881523437500000000e+02
2.885730895996093750e+02
2.883059387207031250e+02
2.883825378417968750e+02
2.884291381835937500e+02
2.880667724609375000e+02
2.881053466796875000e+02
2.884672546386718750e+02
2.879205322265625000e+02
2.884588623046875000e+02
2.879979858398437500e+02
2.882292785644531250e+02
2.881823120117187500e+02
2.883059387207031250e+02
2.880667724609375000e+02
2.882975463867187500e+02
2.884420776367187500e+02
2.882760314941406250e+02
2.884505004882812500e+02
2.883908996582031250e+02
2.879979858398437500e+02
2.883442382812500000e+02
2.884505004882812500e+02
2.883442382812500000e+02
2.885433959960937500e+02
2.883059387207031250e+02
2.883908996582031250e+02
2.880752868652343750e+02
2.882760314941406250e+02
2.880752868652343750e+02
2.882760314941406250e+02
2.877564697265625000e+02
2.883442382812500000e+02
2.881738281250000000e+02
2.884505004882812500e+02
2.884672546386718750e+02
2.883442382812500000e+02
2.883273925781250000e+02
2.884123535156250000e+02
2.884038696289062500e+02
2.882592163085937500e+02
2.879507751464843750e+02
2.881268005371093750e+02
2.879808349609375000e+02
2.881523437500000000e+02
2.877478332519531250e+02
2.882421569824218750e+02
2.883273925781250000e+02
2.884420776367187500e+02
2.879421997070312500e+02
2.880409851074218750e+02
2.883188476562500000e+02
2.884717712402343750e+02
2.883486938476562500e+02
2.884038696289062500e+02
2.883188476562500000e+02
2.885267028808593750e+02
2.884336242675781250e+02
2.883954162597656250e+02
2.885014343261718750e+02
2.885943908691406250e+02
2.884505004882812500e+02
2.884505004882812500e+02
2.883273925781250000e+02
2.882421569824218750e+02
2.882890319824218750e+02
2.881952209472656250e+02
2.883273925781250000e+02
2.882890319824218750e+02
2.883741149902343750e+02
2.877781677246093750e+02
2.885563354492187500e+02
2.882890319824218750e+02
2.881567382812500000e+02
2.885182800292968750e+02
2.879722900390625000e+02
2.881567382812500000e+02
2.878947753906250000e+02
2.883656616210937500e+02
2.884420776367187500e+02
2.881952209472656250e+02
2.885563354492187500e+02
2.884123535156250000e+02
2.882506713867187500e+02
2.884969787597656250e+02
2.884123535156250000e+02
2.884588623046875000e+02
2.882592163085937500e+02
2.884207153320312500e+02
2.883656616210937500e+02
2.884886169433593750e+02
2.884886169433593750e+02
2.879034423828125000e+02
2.883869323730468750e+02
2.885859375000000000e+02
2.883571777343750000e+02
2.884420776367187500e+02
2.884420776367187500e+02
2.882720642089843750e+02
2.884801940917968750e+02
2.884336242675781250e+02
2.884886169433593750e+02
2.882037658691406250e+02
2.886027526855468750e+02
2.883486938476562500e+02
2.885943908691406250e+02
2.883869323730468750e+02
2.884717712402343750e+02
2.886659851074218750e+02
2.885310363769531250e+02
2.884758300781250000e+02
2.884632873535156250e+02
2.884377136230468750e+02
2.885563354492187500e+02
2.884844360351562500e+02
2.886155395507812500e+02
2.883103637695312500e+02
2.884166259765625000e+02
2.884632873535156250e+02
2.883995056152343750e+02
2.886155395507812500e+02
2.884251708984375000e+02
2.885479736328125000e+02
2.884717712402343750e+02
2.885267028808593750e+02
2.882421569824218750e+02
2.885098571777343750e+02
2.881952209472656250e+02
2.885859375000000000e+02
2.885690917968750000e+02
2.885014343261718750e+02
2.884081115722656250e+02
2.885690917968750000e+02
2.884081115722656250e+02
2.886828918457031250e+02
2.885690917968750000e+02
2.886323242187500000e+02
2.884166259765625000e+02
2.885098571777343750e+02
2.887459716796875000e+02
2.881481323242187500e+02
2.886997680664062500e+02
2.883486938476562500e+02
2.882336425781250000e+02
2.882805480957031250e+02
2.884632873535156250e+02
2.886702575683593750e+02
2.880796508789062500e+02
2.885394897460937500e+02
2.881567382812500000e+02
2.885098571777343750e+02
2.885563354492187500e+02
2.886239318847656250e+02
2.883486938476562500e+02
2.885479736328125000e+02
2.885310363769531250e+02
2.885563354492187500e+02
2.883526916503906250e+02
2.884548339843750000e+02
2.883612976074218750e+02
2.885310363769531250e+02
2.885520629882812500e+02
2.883486938476562500e+02
2.885900878906250000e+02
2.887291870117187500e+02
2.883698730468750000e+02
2.884632873535156250e+02
2.885225524902343750e+02
2.885986022949218750e+02
2.886913452148437500e+02
2.882548828125000000e+02
2.889094848632812500e+02
2.884377136230468750e+02
2.885225524902343750e+02
2.887376098632812500e+02
2.883103637695312500e+02
2.880536804199218750e+02
2.882251281738281250e+02
2.885606384277343750e+02
2.884081115722656250e+02
2.883612976074218750e+02
2.883869323730468750e+02
2.882932128906250000e+02
2.882720642089843750e+02
2.883698730468750000e+02
2.884929504394531250e+02
2.883995056152343750e+02
2.881394958496093750e+02
2.884672851562500000e+02
2.884929504394531250e+02
2.884377136230468750e+02
2.884548339843750000e+02
2.885310363769531250e+02
2.885775146484375000e+02
2.886575012207031250e+02
2.884548339843750000e+02
2.884758300781250000e+02
2.886828918457031250e+02
2.885606384277343750e+02
2.886155395507812500e+02
2.886365661621093750e+02
2.884336242675781250e+02
2.883571777343750000e+02
2.886828918457031250e+02
2.885479736328125000e+02
2.884548339843750000e+02
2.885775146484375000e+02
2.886702575683593750e+02
2.884038696289062500e+02
2.883954162597656250e+02
2.885775146484375000e+02
2.885986022949218750e+02
2.886239318847656250e+02
2.885943908691406250e+02
2.882975463867187500e+02
2.886786193847656250e+02
2.880581665039062500e+02
2.879421997070312500e+02
2.875044250488281250e+02
2.878731994628906250e+02
2.883741149902343750e+02
2.882037658691406250e+02
2.885053405761718750e+02
2.883273925781250000e+02
2.881952209472656250e+02
2.882890319824218750e+02
2.881567382812500000e+02
2.884336242675781250e+02
2.880623779296875000e+02
2.881952209472656250e+02
2.884166259765625000e+02
2.878861083984375000e+02
2.877217102050781250e+02
2.882506713867187500e+02
2.882720642089843750e+02
2.877781677246093750e+02
2.877954406738281250e+02
2.881523437500000000e+02
2.879808349609375000e+02
2.881738281250000000e+02
2.878558959960937500e+02
2.882506713867187500e+02
2.880109558105468750e+02
2.883656616210937500e+02
2.881653137207031250e+02
2.884038696289062500e+02
2.881653137207031250e+02
2.881182556152343750e+02
2.883486938476562500e+02
2.882634887695312500e+02
2.879722900390625000e+02
2.881481323242187500e+02
2.883103637695312500e+02
2.877781677246093750e+02
2.879636535644531250e+02
2.884929504394531250e+02
2.880195617675781250e+02
2.880195617675781250e+02
2.884251708984375000e+02
2.880195617675781250e+02
2.877694396972656250e+02
2.885479736328125000e+02
2.880409851074218750e+02
2.878170776367187500e+02
2.878861083984375000e+02
2.881653137207031250e+02
2.879636535644531250e+02
2.880323486328125000e+02
2.877781677246093750e+02
2.879894714355468750e+02
2.882805480957031250e+02
2.878472290039062500e+02
2.878170776367187500e+02
2.877781677246093750e+02
2.881053466796875000e+02
2.878947753906250000e+02
2.878257141113281250e+02
2.879722900390625000e+02
2.880195617675781250e+02
2.882292785644531250e+02
2.883954162597656250e+02
2.879636535644531250e+02
2.883869323730468750e+02
2.881952209472656250e+02
2.884251708984375000e+02
2.883103637695312500e+02
2.882251281738281250e+02
2.884632873535156250e+02
2.881780090332031250e+02
2.885014343261718750e+02
2.885098571777343750e+02
2.876914978027343750e+02
2.883486938476562500e+02
2.881182556152343750e+02
2.881567382812500000e+02
2.883018188476562500e+02
2.884632873535156250e+02
2.881481323242187500e+02
2.882421569824218750e+02
2.881268005371093750e+02
2.875653381347656250e+02
2.879034423828125000e+02
2.881567382812500000e+02
2.878645629882812500e+02
2.881567382812500000e+02
2.883273925781250000e+02
2.878257141113281250e+02
2.879119873046875000e+02
2.879034423828125000e+02
2.878731994628906250e+02
2.883273925781250000e+02
2.880109558105468750e+02
2.878645629882812500e+02
2.879335327148437500e+02
2.882207946777343750e+02
2.882037658691406250e+02
2.881268005371093750e+02
2.883571777343750000e+02
2.884166259765625000e+02
2.882037658691406250e+02
2.881567382812500000e+02
2.885479736328125000e+02
2.880409851074218750e+02
2.883188476562500000e+02
2.880409851074218750e+02
2.882037658691406250e+02
2.878385925292968750e+02
2.886534729003906250e+02
2.880623779296875000e+02
2.885098571777343750e+02
2.881866149902343750e+02
2.887291870117187500e+02
2.879937133789062500e+02
2.878472290039062500e+02
2.879722900390625000e+02
2.883358154296875000e+02
2.878343200683593750e+02
2.881053466796875000e+02
2.879722900390625000e+02
2.885479736328125000e+02
2.877694396972656250e+02
2.885943908691406250e+02
2.882720642089843750e+02
2.883656616210937500e+02
2.880323486328125000e+02
2.881353149414062500e+02
2.878472290039062500e+02
2.885859375000000000e+02
2.884420776367187500e+02
2.882037658691406250e+02
2.881567382812500000e+02
2.881268005371093750e+02
2.882421569824218750e+02
2.878558959960937500e+02
2.883273925781250000e+02
2.879808349609375000e+02
2.888508911132812500e+02
2.884632873535156250e+02
2.881268005371093750e+02
2.879808349609375000e+02
2.876784667968750000e+02
2.885479736328125000e+02
2.882890319824218750e+02
2.887081298828125000e+02
2.878731994628906250e+02
2.887459716796875000e+02
2.888214721679687500e+02
2.886913452148437500e+02
2.885014343261718750e+02
2.884632873535156250e+02
2.884632873535156250e+02
2.885014343261718750e+02
2.885859375000000000e+02
2.886239318847656250e+02
2.880881958007812500e+02
2.883188476562500000e+02
2.884336242675781250e+02
2.883358154296875000e+02
2.883273925781250000e+02
2.884038696289062500e+02
2.887459716796875000e+02
2.887164611816406250e+02
2.887920227050781250e+02
2.887459716796875000e+02
2.885563354492187500e+02
2.884505004882812500e+02
2.887920227050781250e+02
2.881823120117187500e+02
2.886702575683593750e+02
2.885098571777343750e+02
2.883571777343750000e+02
2.886534729003906250e+02
2.884251708984375000e+02
2.884336242675781250e+02
2.885563354492187500e+02
2.886618652343750000e+02
2.884717712402343750e+02
2.886997680664062500e+02
2.884801940917968750e+02
2.884505004882812500e+02
2.883188476562500000e+02
2.885479736328125000e+02
2.886239318847656250e+02
2.885479736328125000e+02
2.886155395507812500e+02
2.886406860351562500e+02
2.884505004882812500e+02
2.883358154296875000e+02
2.882506713867187500e+02
2.884336242675781250e+02
2.883954162597656250e+02
2.883358154296875000e+02
2.882592163085937500e+02
2.884886169433593750e+02
2.885647277832031250e+02
2.885563354492187500e+02
2.882592163085937500e+02
2.883825378417968750e+02
2.881053466796875000e+02
2.883741149902343750e+02
2.883358154296875000e+02
2.883358154296875000e+02
2.883825378417968750e+02
2.883442382812500000e+02
2.884588623046875000e+02
2.884969787597656250e+02
2.883526611328125000e+02
2.882376403808593750e+02
2.883825378417968750e+02
2.882975463867187500e+02
2.886027526855468750e+02
2.884291381835937500e+02
2.883143920898437500e+02
2.880752868652343750e+02
2.883358154296875000e+02
2.882975463867187500e+02
2.886406860351562500e+02
2.883656616210937500e+02
2.883741149902343750e+02
2.885350646972656250e+02
2.884588623046875000e+02
2.884969787597656250e+02
2.883358154296875000e+02
2.884123535156250000e+02
2.883825378417968750e+02
2.884588623046875000e+02
2.885350646972656250e+02
2.883526611328125000e+02
2.884886169433593750e+02
2.882592163085937500e+02
2.884123535156250000e+02
2.884505004882812500e+02
2.884505004882812500e+02
2.884588623046875000e+02
2.884969787597656250e+02
2.883059387207031250e+02
2.884207153320312500e+02
2.883358154296875000e+02
2.884505004882812500e+02
2.883741149902343750e+02
2.886323242187500000e+02
2.884886169433593750e+02
2.885267028808593750e+02
2.884420776367187500e+02
2.883656616210937500e+02
2.884038696289062500e+02
2.884801940917968750e+02
2.884801940917968750e+02
2.884251708984375000e+02
2.885394897460937500e+02
2.884251708984375000e+02
2.884717712402343750e+02
