2.876679687500000000e+02
2.876949157714843750e+02
2.877487487792968750e+02
2.876636047363281250e+02
2.872628479003906250e+02
2.875983886718750000e+02
2.875600891113281250e+02
2.875939636230468750e+02
2.872042846679687500e+02
2.874477539062500000e+02
2.875870361328125000e+02
2.871885681152343750e+02
2.873352050781250000e+02
2.873779296875000000e+02
2.873081359863281250e+02
2.872540588378906250e+02
2.872584533691406250e+02
2.874973144531250000e+02
2.874319763183593750e+02
2.876591796875000000e+02
2.875243225097656250e+02
2.871998596191406250e+02
2.874815979003906250e+02
2.874747314453125000e+02
2.875625915527343750e+02
2.874904174804687500e+02
2.875669860839843750e+02
2.874206848144531250e+02
2.875130310058593750e+02
2.874206848144531250e+02
2.875487670898437500e+02
2.875217590332031250e+02
2.873980407714843750e+02
2.874947814941406250e+02
2.875444030761718750e+02
2.874093627929687500e+02
2.876140441894531250e+02
2.874093627929687500e+02
2.875827026367187500e+02
2.876409606933593750e+02
2.875983886718750000e+02
2.873596496582031250e+02
2.871816406250000000e+02
2.873980407714843750e+02
2.871973266601562500e+02
2.871772460937500000e+02
2.872313842773437500e+02
2.874407348632812500e+02
2.871772460937500000e+02
2.872200012207031250e+02
2.876366271972656250e+02
2.874860534667968750e+02
2.874747314453125000e+02
2.877782897949218750e+02
2.875017089843750000e+02
2.873125610351562500e+02
2.875174255371093750e+02
2.876366271972656250e+02
2.875174255371093750e+02
2.876096801757812500e+02
2.872313842773437500e+02
2.875557250976562500e+02
2.873439941406250000e+02
2.873439941406250000e+02
2.875400390625000000e+02
2.874477539062500000e+02
2.876479492187500000e+02
2.873125610351562500e+02
2.874633789062500000e+02
2.875400390625000000e+02
2.873125610351562500e+02
2.873823547363281250e+02
2.875669860839843750e+02
2.875983886718750000e+02
2.876209106445312500e+02
2.874363708496093750e+02
2.874477539062500000e+02
2.874520568847656250e+02
2.875530700683593750e+02
2.875487670898437500e+02
2.874520568847656250e+02
2.872741394042968750e+02
2.873666381835937500e+02
2.874790649414062500e+02
2.860108947753906250e+02
2.874137573242187500e+02
2.872898864746093750e+02
2.870959777832031250e+02
2.873283081054687500e+02
2.874250793457031250e+02
2.877218627929687500e+02
2.873980407714843750e+02
2.875444030761718750e+02
2.874250793457031250e+02
2.878095703125000000e+02
2.876209106445312500e+02
2.873439941406250000e+02
2.875130310058593750e+02
2.875174255371093750e+02
2.871929626464843750e+02
2.875017089843750000e+02
2.874633789062500000e+02
2.873439941406250000e+02
2.872854919433593750e+02
2.873326721191406250e+02
2.873553161621093750e+02
2.873779296875000000e+02
2.872471008300781250e+02
2.875017089843750000e+02
2.873553161621093750e+02
2.874206848144531250e+02
2.874747314453125000e+02
2.875287170410156250e+02
2.873395996093750000e+02
2.874477539062500000e+02
2.873823547363281250e+02
2.874049987792968750e+02
2.875287170410156250e+02
2.874162597656250000e+02
2.872313842773437500e+02
2.874904174804687500e+02
2.875400390625000000e+02
2.875757446289062500e+02
2.875669860839843750e+02
2.874633789062500000e+02
2.874093627929687500e+02
2.876636047363281250e+02
2.874904174804687500e+02
2.876096801757812500e+02
2.873283081054687500e+02
2.874633789062500000e+02
2.873395996093750000e+02
2.873395996093750000e+02
2.876409606933593750e+02
2.874747314453125000e+02
2.874093627929687500e+02
2.876253051757812500e+02
2.874633789062500000e+02
2.875400390625000000e+02
2.875130310058593750e+02
2.876591796875000000e+02
2.873553161621093750e+02
2.875330810546875000e+02
2.872313842773437500e+02
2.875243225097656250e+02
2.876974182128906250e+02
2.874973144531250000e+02
2.875669860839843750e+02
2.874093627929687500e+02
2.874477539062500000e+02
2.875017089843750000e+02
2.876209106445312500e+02
2.877939758300781250e+02
2.875669860839843750e+02
2.872854919433593750e+02
2.877557373046875000e+02
2.872968139648437500e+02
2.875174255371093750e+02
2.875287170410156250e+02
2.874093627929687500e+02
2.875287170410156250e+02
2.874747314453125000e+02
2.874093627929687500e+02
2.874319763183593750e+02
2.874703063964843750e+02
2.874477539062500000e+02
2.872427062988281250e+02
2.876479492187500000e+02
2.871885681152343750e+02
2.873081359863281250e+02
2.874093627929687500e+02
2.877939758300781250e+02
2.874206848144531250e+02
2.874590148925781250e+02
2.875174255371093750e+02
2.874319763183593750e+02
2.874049987792968750e+02
2.874860534667968750e+02
2.874477539062500000e+02
2.872923889160156250e+02
2.875400390625000000e+02
2.874590148925781250e+02
2.875783081054687500e+02
2.876479492187500000e+02
2.876052856445312500e+02
2.875669860839843750e+02
2.875895690917968750e+02
2.872383117675781250e+02
2.873238830566406250e+02
2.875130310058593750e+02
2.874206848144531250e+02
2.875243225097656250e+02
2.873508605957031250e+02
2.876052856445312500e+02
2.874590148925781250e+02
2.873779296875000000e+02
2.877939758300781250e+02
2.875130310058593750e+02
2.877131347656250000e+02
2.875130310058593750e+02
2.876704711914062500e+02
2.874432983398437500e+02
2.874590148925781250e+02
2.875557250976562500e+02
2.873666381835937500e+02
2.876905517578125000e+02
2.876322631835937500e+02
2.875513000488281250e+02
2.876704711914062500e+02
2.875400390625000000e+02
2.843907470703125000e+02
2.876209106445312500e+02
2.872313842773437500e+02
2.876479492187500000e+02
2.873936462402343750e+02
2.877018432617187500e+02
2.873779296875000000e+02
2.876366271972656250e+02
2.877287902832031250e+02
2.873936462402343750e+02
2.877939758300781250e+02
2.872427062988281250e+02
2.877557373046875000e+02
2.874590148925781250e+02
2.876591796875000000e+02
2.873666381835937500e+02
2.876861267089843750e+02
2.873622131347656250e+02
2.876861267089843750e+02
2.873508605957031250e+02
2.876479492187500000e+02
2.872042846679687500e+02
2.875243225097656250e+02
2.873352050781250000e+02
2.876052856445312500e+02
2.876209106445312500e+02
2.877983093261718750e+02
2.875130310058593750e+02
2.876322631835937500e+02
2.875017089843750000e+02
2.873980407714843750e+02
2.876209106445312500e+02
2.874904174804687500e+02
2.876748657226562500e+02
2.875713806152343750e+02
2.876905517578125000e+02
2.874904174804687500e+02
2.876479492187500000e+02
2.873823547363281250e+02
2.875939636230468750e+02
2.874477539062500000e+02
2.875939636230468750e+02
2.874477539062500000e+02
2.875939636230468750e+02
2.874860534667968750e+02
2.874477539062500000e+02
2.874319763183593750e+02
2.874093627929687500e+02
2.875827026367187500e+02
2.875174255371093750e+02
2.876748657226562500e+02
2.874747314453125000e+02
2.875400390625000000e+02
2.878946533203125000e+02
2.875287170410156250e+02
2.872200012207031250e+02
2.875444030761718750e+02
2.877601013183593750e+02
2.876479492187500000e+02
2.876636047363281250e+02
2.876052856445312500e+02
2.874860534667968750e+02
2.875895690917968750e+02
2.877018432617187500e+02
2.876165466308593750e+02
2.877939758300781250e+02
2.875738525390625000e+02
2.872923889160156250e+02
2.876817626953125000e+02
2.875243225097656250e+02
2.874973144531250000e+02
2.876748657226562500e+02
2.877287902832031250e+02
2.876052856445312500e+02
2.873352050781250000e+02
2.876165466308593750e+02
2.876096801757812500e+02
2.875513000488281250e+02
2.877174987792968750e+02
2.876748657226562500e+02
2.874477539062500000e+02
2.875130310058593750e+02
2.874590148925781250e+02
2.876435241699218750e+02
2.874432983398437500e+02
2.875895690917968750e+02
2.871841430664062500e+02
2.874546203613281250e+02
2.872766418457031250e+02
2.873352050781250000e+02
2.875355834960937500e+02
2.874973144531250000e+02
2.876165466308593750e+02
2.874590148925781250e+02
2.874973144531250000e+02
2.875130310058593750e+02
2.875895690917968750e+02
2.875400390625000000e+02
2.877243957519531250e+02
2.873238830566406250e+02
2.876322631835937500e+02
2.875355834960937500e+02
2.874590148925781250e+02
2.876165466308593750e+02
2.875783081054687500e+02
2.876052856445312500e+02
2.878521423339843750e+02
2.873508605957031250e+02
2.876209106445312500e+02
2.877983093261718750e+02
2.875895690917968750e+02
2.877939758300781250e+02
2.877513427734375000e+02
2.877557373046875000e+02
2.876591796875000000e+02
2.873779296875000000e+02
2.873779296875000000e+02
2.873779296875000000e+02
2.874973144531250000e+02
2.876636047363281250e+02
2.875625915527343750e+02
2.877287902832031250e+02
2.876322631835937500e+02
2.874860534667968750e+02
2.876479492187500000e+02
2.875400390625000000e+02
2.877018432617187500e+02
2.875130310058593750e+02
2.875783081054687500e+02
2.876479492187500000e+02
2.874363708496093750e+02
2.876479492187500000e+02
2.875983886718750000e+02
2.876096801757812500e+02
2.877601013183593750e+02
2.876209106445312500e+02
2.876591796875000000e+02
2.875625915527343750e+02
2.875243225097656250e+02
2.876278381347656250e+02
2.874275817871093750e+02
2.877400817871093750e+02
2.876547851562500000e+02
2.876861267089843750e+02
2.878164978027343750e+02
2.872923889160156250e+02
2.878052368164062500e+02
2.877983093261718750e+02
2.880134887695312500e+02
2.879440917968750000e+02
2.875895690917968750e+02
2.879172363281250000e+02
2.878590087890625000e+02
2.876974182128906250e+02
2.875243225097656250e+02
2.876861267089843750e+02
2.871998596191406250e+02
2.876591796875000000e+02
2.876479492187500000e+02
2.877131347656250000e+02
2.875130310058593750e+02
2.875939636230468750e+02
2.875939636230468750e+02
2.876479492187500000e+02
2.874206848144531250e+02
2.876096801757812500e+02
2.877557373046875000e+02
2.874049987792968750e+02
2.876591796875000000e+02
2.875557250976562500e+02
2.875243225097656250e+02
2.874049987792968750e+02
2.876052856445312500e+02
2.873395996093750000e+02
2.876479492187500000e+02
2.877331542968750000e+02
2.877983093261718750e+02
2.873169250488281250e+02
2.876096801757812500e+02
2.876679687500000000e+02
2.876096801757812500e+02
2.877105407714843750e+02
2.876792297363281250e+02
2.876140441894531250e+02
2.875983886718750000e+02
2.875600891113281250e+02
2.876096801757812500e+02
2.873980407714843750e+02
2.875174255371093750e+02
2.876566467285156250e+02
2.876792297363281250e+02
2.876209106445312500e+02
2.874319763183593750e+02
2.879666137695312500e+02
2.878790283203125000e+02
2.876052856445312500e+02
2.877174987792968750e+02
2.876591796875000000e+02
2.874703063964843750e+02
2.876974182128906250e+02
2.872540588378906250e+02
2.875783081054687500e+02
2.872810974121093750e+02
2.876861267089843750e+02
2.876096801757812500e+02
2.876861267089843750e+02
2.875870361328125000e+02
2.876905517578125000e+02
2.873823547363281250e+02
2.876209106445312500e+02
2.876905517578125000e+02
2.875669860839843750e+02
2.876479492187500000e+02
2.877713623046875000e+02
2.873283081054687500e+02
2.876479492187500000e+02
2.875400390625000000e+02
2.877487487792968750e+02
2.877826538085937500e+02
2.875444030761718750e+02
2.877713623046875000e+02
2.875983886718750000e+02
2.877131347656250000e+02
2.878408508300781250e+02
2.877983093261718750e+02
2.876679687500000000e+02
2.876636047363281250e+02
2.876523132324218750e+02
2.877557373046875000e+02
2.877062072753906250e+02
2.878521423339843750e+02
2.877287902832031250e+02
2.876905517578125000e+02
2.878521423339843750e+02
2.875713806152343750e+02
2.874904174804687500e+02
2.876949157714843750e+02
2.878364868164062500e+02
2.874520568847656250e+02
2.876636047363281250e+02
2.877913513183593750e+02
2.877870178222656250e+02
2.875487670898437500e+02
2.875939636230468750e+02
2.876792297363281250e+02
2.877287902832031250e+02
2.876636047363281250e+02
2.874363708496093750e+02
2.873012695312500000e+02
2.877287902832031250e+02
2.877062072753906250e+02
2.876905517578125000e+02
2.877105407714843750e+02
2.876905517578125000e+02
2.878026428222656250e+02
2.878521423339843750e+02
2.879528198242187500e+02
2.877713623046875000e+02
2.875061035156250000e+02
2.876748657226562500e+02
2.874206848144531250e+02
2.877826538085937500e+02
2.878095703125000000e+02
2.876096801757812500e+02
2.876905517578125000e+02
2.873866882324218750e+02
2.876096801757812500e+02
2.877374877929687500e+02
2.876748657226562500e+02
2.877913513183593750e+02
2.877174987792968750e+02
2.877913513183593750e+02
2.876949157714843750e+02
2.877800292968750000e+02
2.876253051757812500e+02
2.874407348632812500e+02
2.877331542968750000e+02
2.875487670898437500e+02
2.876409606933593750e+02
2.875374450683593750e+02
2.877218627929687500e+02
2.875914001464843750e+02
2.874790649414062500e+02
2.871772460937500000e+02
2.875130310058593750e+02
2.874093627929687500e+02
2.874206848144531250e+02
2.871072692871093750e+02
2.874206848144531250e+02
2.878408508300781250e+02
2.876052856445312500e+02
2.872313842773437500e+02
2.875400390625000000e+02
2.875017089843750000e+02
2.875669860839843750e+02
2.873238830566406250e+02
2.875243225097656250e+02
2.875827026367187500e+02
2.875669860839843750e+02
2.874093627929687500e+02
2.873169250488281250e+02
2.875104370117187500e+02
2.876140441894531250e+02
2.875827026367187500e+02
2.872200012207031250e+02
2.875870361328125000e+02
2.872471008300781250e+02
2.872087402343750000e+02
2.872200012207031250e+02
2.876366271972656250e+02
2.874093627929687500e+02
2.872741394042968750e+02
2.873823547363281250e+02
2.873283081054687500e+02
2.873710327148437500e+02
2.874477539062500000e+02
2.873439941406250000e+02
2.874633789062500000e+02
2.874093627929687500e+02
2.875217590332031250e+02
2.876253051757812500e+02
2.872357788085937500e+02
2.875287170410156250e+02
2.878208618164062500e+02
2.872968139648437500e+02
2.872540588378906250e+02
2.875130310058593750e+02
2.875017089843750000e+02
2.876253051757812500e+02
2.873395996093750000e+02
2.874790649414062500e+02
2.875130310058593750e+02
2.872741394042968750e+02
2.873553161621093750e+02
2.877400817871093750e+02
2.878564453125000000e+02
2.875713806152343750e+02
2.877444458007812500e+02
2.875061035156250000e+02
2.874432983398437500e+02
2.872269592285156250e+02
2.873892517089843750e+02
2.876704711914062500e+02
2.875400390625000000e+02
2.876591796875000000e+02
2.871570434570312500e+02
2.873081359863281250e+02
2.877513427734375000e+02
2.874275817871093750e+02
2.872697753906250000e+02
2.873892517089843750e+02
2.872269592285156250e+02
2.875513000488281250e+02
2.873125610351562500e+02
2.874590148925781250e+02
2.871501159667968750e+02
2.873081359863281250e+02
2.874319763183593750e+02
2.874633789062500000e+02
2.876253051757812500e+02
2.874747314453125000e+02
2.873622131347656250e+02
2.876366271972656250e+02
2.876591796875000000e+02
2.874747314453125000e+02
2.874049987792968750e+02
2.875827026367187500e+02
2.876479492187500000e+02
2.875983886718750000e+02
2.874747314453125000e+02
2.874206848144531250e+02
2.872810974121093750e+02
2.873553161621093750e+02
2.873710327148437500e+02
2.875061035156250000e+02
2.875669860839843750e+02
2.873125610351562500e+02
2.872968139648437500e+02
2.873395996093750000e+02
2.875827026367187500e+02
2.877243957519531250e+02
2.873666381835937500e+02
2.873283081054687500e+02
2.875669860839843750e+02
2.875017089843750000e+02
2.875400390625000000e+02
2.873125610351562500e+02
2.874590148925781250e+02
2.874477539062500000e+02
2.872042846679687500e+02
2.873980407714843750e+02
2.873666381835937500e+02
2.874049987792968750e+02
2.874162597656250000e+02
2.873125610351562500e+02
2.873936462402343750e+02
2.876566467285156250e+02
2.875557250976562500e+02
2.873553161621093750e+02
2.875287170410156250e+02
2.873710327148437500e+02
2.874633789062500000e+02
2.874904174804687500e+02
2.872741394042968750e+02
2.877444458007812500e+02
2.874363708496093750e+02
2.876409606933593750e+02
2.875444030761718750e+02
2.873779296875000000e+02
2.872854919433593750e+02
2.876253051757812500e+02
2.875939636230468750e+02
2.875669860839843750e+02
2.877557373046875000e+02
2.875130310058593750e+02
2.875017089843750000e+02
2.873823547363281250e+02
2.873012695312500000e+02
2.875983886718750000e+02
2.875061035156250000e+02
2.874363708496093750e+02
2.872628479003906250e+02
2.875174255371093750e+02
2.872200012207031250e+02
2.875287170410156250e+02
2.873980407714843750e+02
2.876253051757812500e+02
2.875130310058593750e+02
2.875939636230468750e+02
2.875983886718750000e+02
2.876479492187500000e+02
2.874049987792968750e+02
2.874206848144531250e+02
2.873666381835937500e+02
2.874477539062500000e+02
2.874633789062500000e+02
2.876523132324218750e+02
2.873980407714843750e+02
2.874904174804687500e+02
2.873439941406250000e+02
2.875017089843750000e+02
2.874250793457031250e+02
2.874206848144531250e+02
2.875827026367187500e+02
2.874206848144531250e+02
2.874477539062500000e+02
2.875130310058593750e+02
2.875400390625000000e+02
2.876861267089843750e+02
2.874093627929687500e+02
2.875827026367187500e+02
2.873238830566406250e+02
2.875713806152343750e+02
2.874363708496093750e+02
2.876140441894531250e+02
2.874520568847656250e+02
2.872628479003906250e+02
2.874633789062500000e+02
2.874093627929687500e+02
2.877174987792968750e+02
2.872471008300781250e+02
2.873936462402343750e+02
2.875669860839843750e+02
2.874747314453125000e+02
2.877444458007812500e+02
2.874093627929687500e+02
2.873823547363281250e+02
2.872854919433593750e+02
2.872741394042968750e+02
2.873710327148437500e+02
2.872854919433593750e+02
2.875444030761718750e+02
2.876479492187500000e+02
2.876974182128906250e+02
2.877826538085937500e+02
2.876523132324218750e+02
2.876792297363281250e+02
2.874633789062500000e+02
2.875983886718750000e+02
2.873395996093750000e+02
2.877287902832031250e+02
2.876052856445312500e+02
2.877018432617187500e+02
2.877018432617187500e+02
2.875400390625000000e+02
2.876209106445312500e+02
2.877018432617187500e+02
2.875713806152343750e+02
2.876366271972656250e+02
2.877287902832031250e+02
2.872968139648437500e+02
2.877243957519531250e+02
2.876435241699218750e+02
2.876322631835937500e+02
2.876591796875000000e+02
2.876322631835937500e+02
2.877131347656250000e+02
2.875243225097656250e+02
2.876052856445312500e+02
2.875243225097656250e+02
2.876322631835937500e+02
2.875625915527343750e+02
2.876861267089843750e+02
2.877087097167968750e+02
2.874658813476562500e+02
2.875154418945312500e+02
2.874973144531250000e+02
2.874703063964843750e+02
2.877400817871093750e+02
2.877087097167968750e+02
2.876165466308593750e+02
2.877626037597656250e+02
2.876008911132812500e+02
2.875738525390625000e+02
2.876817626953125000e+02
2.876435241699218750e+02
2.875895690917968750e+02
2.877243957519531250e+02
2.876974182128906250e+02
2.876704711914062500e+02
2.876704711914062500e+02
2.876165466308593750e+02
2.876052856445312500e+02
2.875939636230468750e+02
2.875939636230468750e+02
2.875939636230468750e+02
2.874477539062500000e+02
2.877018432617187500e+02
2.873823547363281250e+02
2.875669860839843750e+02
2.877174987792968750e+02
2.877331542968750000e+02
2.877557373046875000e+02
2.877131347656250000e+02
2.874973144531250000e+02
2.876479492187500000e+02
2.876209106445312500e+02
2.876792297363281250e+02
2.877018432617187500e+02
2.876140441894531250e+02
2.874747314453125000e+02
2.876523132324218750e+02
2.876366271972656250e+02
2.876748657226562500e+02
2.876322631835937500e+02
2.877243957519531250e+02
2.876636047363281250e+02
2.876591796875000000e+02
2.877287902832031250e+02
2.876209106445312500e+02
2.877939758300781250e+02
2.878702697753906250e+02
2.877400817871093750e+02
2.878052368164062500e+02
2.877131347656250000e+02
2.877513427734375000e+02
2.878164978027343750e+02
2.877243957519531250e+02
2.878052368164062500e+02
2.877670288085937500e+02
2.878590087890625000e+02
2.879397277832031250e+02
2.879622192382812500e+02
2.878477478027343750e+02
2.876792297363281250e+02
2.876905517578125000e+02
2.877939758300781250e+02
2.876253051757812500e+02
2.877601013183593750e+02
2.878251953125000000e+02
2.876209106445312500e+02
2.878521423339843750e+02
2.875061035156250000e+02
2.877913513183593750e+02
2.877601013183593750e+02
2.877644348144531250e+02
2.878408508300781250e+02
2.877062072753906250e+02
2.877870178222656250e+02
2.878721008300781250e+02
2.878408508300781250e+02
2.876679687500000000e+02
2.876792297363281250e+02
2.877261657714843750e+02
2.877870178222656250e+02
2.877713623046875000e+02
2.878408508300781250e+02
2.878451843261718750e+02
2.878251953125000000e+02
2.878139343261718750e+02
2.878251953125000000e+02
2.877870178222656250e+02
2.879172363281250000e+02
2.877174987792968750e+02
2.877018432617187500e+02
2.879397277832031250e+02
2.879128417968750000e+02
2.878052368164062500e+02
2.878477478027343750e+02
2.878052368164062500e+02
2.878477478027343750e+02
2.879934997558593750e+02
2.877939758300781250e+02
2.879284973144531250e+02
2.879284973144531250e+02
2.878052368164062500e+02
2.877939758300781250e+02
2.879553527832031250e+02
2.877826538085937500e+02
2.877939758300781250e+02
2.879284973144531250e+02
2.879284973144531250e+02
2.879553527832031250e+02
2.879172363281250000e+02
2.876479492187500000e+02
2.875444030761718750e+02
2.873238830566406250e+02
2.874162597656250000e+02
2.872427062988281250e+02
2.876591796875000000e+02
2.878164978027343750e+02
2.878052368164062500e+02
2.877939758300781250e+02
2.877400817871093750e+02
2.877018432617187500e+02
2.873622131347656250e+02
2.876591796875000000e+02
2.877557373046875000e+02
2.876322631835937500e+02
2.876591796875000000e+02
2.876974182128906250e+02
2.876209106445312500e+02
2.875243225097656250e+02
2.874005432128906250e+02
2.876974182128906250e+02
2.876817626953125000e+02
2.876165466308593750e+02
2.877782897949218750e+02
2.876322631835937500e+02
2.876479492187500000e+02
2.875243225097656250e+02
2.876591796875000000e+02
2.876748657226562500e+02
2.875939636230468750e+02
2.875827026367187500e+02
2.875400390625000000e+02
2.875939636230468750e+02
2.873125610351562500e+02
2.875243225097656250e+02
2.875513000488281250e+02
2.876008911132812500e+02
2.872923889160156250e+02
2.874049987792968750e+02
2.875130310058593750e+02
2.872697753906250000e+02
2.875130310058593750e+02
2.874275817871093750e+02
2.873892517089843750e+02
2.876591796875000000e+02
2.875557250976562500e+02
2.875243225097656250e+02
2.875017089843750000e+02
2.876817626953125000e+02
2.871028747558593750e+02
2.872112121582031250e+02
2.875130310058593750e+02
2.873194274902343750e+02
2.872427062988281250e+02
2.873779296875000000e+02
2.872968139648437500e+02
2.872112121582031250e+02
2.873194274902343750e+02
2.871727905273437500e+02
2.871343994140625000e+02
2.873779296875000000e+02
2.873779296875000000e+02
2.874162597656250000e+02
2.872313842773437500e+02
2.874973144531250000e+02
2.873779296875000000e+02
2.874815979003906250e+02
2.875669860839843750e+02
2.875017089843750000e+02
2.875939636230468750e+02
2.875130310058593750e+02
2.875243225097656250e+02
2.872427062988281250e+02
2.875130310058593750e+02
2.872313842773437500e+02
2.875017089843750000e+02
2.872584533691406250e+02
2.873012695312500000e+02
2.873779296875000000e+02
2.872200012207031250e+02
2.875243225097656250e+02
2.872697753906250000e+02
2.875400390625000000e+02
2.874747314453125000e+02
2.877939758300781250e+02
2.872042846679687500e+02
2.875130310058593750e+02
2.874477539062500000e+02
2.876861267089843750e+02
2.874432983398437500e+02
2.871412658691406250e+02
2.860334472656250000e+02
2.875130310058593750e+02
2.874860534667968750e+02
2.874860534667968750e+02
2.872427062988281250e+02
2.875895690917968750e+02
2.873352050781250000e+02
2.872540588378906250e+02
2.874319763183593750e+02
2.873194274902343750e+02
2.874319763183593750e+02
2.875243225097656250e+02
2.874049987792968750e+02
2.875085754394531250e+02
2.872923889160156250e+02
2.874432983398437500e+02
2.875939636230468750e+02
2.873666381835937500e+02
2.873508605957031250e+02
2.873779296875000000e+02
2.875669860839843750e+02
2.875783081054687500e+02
2.872427062988281250e+02
2.875243225097656250e+02
2.875287170410156250e+02
2.877018432617187500e+02
2.874590148925781250e+02
2.874049987792968750e+02
2.876322631835937500e+02
2.876366271972656250e+02
2.877513427734375000e+02
2.873735046386718750e+02
2.875738525390625000e+02
2.874162597656250000e+02
2.875355834960937500e+02
2.875130310058593750e+02
2.875400390625000000e+02
2.872810974121093750e+02
2.874815979003906250e+02
2.872697753906250000e+02
2.874162597656250000e+02
2.872968139648437500e+02
2.874590148925781250e+02
2.877670288085937500e+02
2.872427062988281250e+02
2.875895690917968750e+02
2.872540588378906250e+02
2.876704711914062500e+02
2.874319763183593750e+02
2.876322631835937500e+02
2.873779296875000000e+02
2.876974182128906250e+02
2.874860534667968750e+02
2.877939758300781250e+02
2.873779296875000000e+02
2.873238830566406250e+02
2.877670288085937500e+02
2.874162597656250000e+02
2.877400817871093750e+02
2.873081359863281250e+02
2.877287902832031250e+02
2.872427062988281250e+02
2.874477539062500000e+02
2.879822998046875000e+02
2.873238830566406250e+02
2.876052856445312500e+02
2.876322631835937500e+02
2.875939636230468750e+02
2.873012695312500000e+02
2.876479492187500000e+02
2.874633789062500000e+02
2.877713623046875000e+02
2.873666381835937500e+02
2.877670288085937500e+02
2.872968139648437500e+02
2.878052368164062500e+02
2.874703063964843750e+02
2.876591796875000000e+02
2.876052856445312500e+02
2.877513427734375000e+02
2.874633789062500000e+02
2.875130310058593750e+02
2.875287170410156250e+02
2.877018432617187500e+02
2.872810974121093750e+02
2.876435241699218750e+02
2.872653808593750000e+02
2.878164978027343750e+02
2.875625915527343750e+02
2.875939636230468750e+02
2.877131347656250000e+02
2.877939758300781250e+02
2.875513000488281250e+02
2.877939758300781250e+02
2.878321228027343750e+02
2.872810974121093750e+02
2.875085754394531250e+02
2.877400817871093750e+02
2.876322631835937500e+02
2.875783081054687500e+02
2.874049987792968750e+02
2.877782897949218750e+02
2.877782897949218750e+02
2.873622131347656250e+02
2.877243957519531250e+02
2.871456909179687500e+02
2.876052856445312500e+02
2.872540588378906250e+02
2.875783081054687500e+02
2.875783081054687500e+02
2.871998596191406250e+02
2.877895507812500000e+02
2.873194274902343750e+02
2.876008911132812500e+02
2.874118652343750000e+02
2.874432983398437500e+02
2.878859558105468750e+02
2.873352050781250000e+02
2.876817626953125000e+02
2.871570434570312500e+02
2.875738525390625000e+02
2.872383117675781250e+02
2.875085754394531250e+02
2.872810974121093750e+02
2.877513427734375000e+02
2.873892517089843750e+02
2.875625915527343750e+02
2.873622131347656250e+02
2.877243957519531250e+02
2.873892517089843750e+02
2.874162597656250000e+02
2.873779296875000000e+02
2.874432983398437500e+02
2.873779296875000000e+02
2.877513427734375000e+02
2.875669860839843750e+02
2.876591796875000000e+02
2.874590148925781250e+02
2.879778442382812500e+02
2.873194274902343750e+02
2.877895507812500000e+02
2.875198974609375000e+02
2.874118652343750000e+02
2.874231262207031250e+02
2.874928894042968750e+02
2.875469055175781250e+02
2.876008911132812500e+02
2.878008117675781250e+02
2.876660766601562500e+02
2.873848266601562500e+02
2.878702697753906250e+02
2.874546203613281250e+02
2.876660766601562500e+02
2.872540588378906250e+02
2.875469055175781250e+02
2.872923889160156250e+02
2.877356567382812500e+02
2.874005432128906250e+02
2.876278381347656250e+02
2.872225036621093750e+02
2.873464965820312500e+02
2.875355834960937500e+02
2.873194274902343750e+02
2.878052368164062500e+02
2.875625915527343750e+02
2.872383117675781250e+02
2.875738525390625000e+02
2.876052856445312500e+02
2.875355834960937500e+02
2.874928894042968750e+02
2.874590148925781250e+02
2.872383117675781250e+02
2.872923889160156250e+02
2.876591796875000000e+02
2.876547851562500000e+02
2.873779296875000000e+02
2.876165466308593750e+02
2.873464965820312500e+02
2.876974182128906250e+02
2.874973144531250000e+02
2.875513000488281250e+02
2.877131347656250000e+02
2.877557373046875000e+02
2.877400817871093750e+02
2.871998596191406250e+02
2.875625915527343750e+02
2.875895690917968750e+02
2.875895690917968750e+02
2.876165466308593750e+02
2.877243957519531250e+02
2.875243225097656250e+02
2.877243957519531250e+02
2.875895690917968750e+02
2.877243957519531250e+02
2.876817626953125000e+02
2.872225036621093750e+02
2.876660766601562500e+02
2.875469055175781250e+02
2.875625915527343750e+02
2.876008911132812500e+02
2.875625915527343750e+02
2.876547851562500000e+02
2.875198974609375000e+02
2.878164978027343750e+02
2.876278381347656250e+02
2.876817626953125000e+02
2.877199707031250000e+02
2.874546203613281250e+02
2.874815979003906250e+02
2.877469482421875000e+02
2.873577880859375000e+02
2.877356567382812500e+02
2.874118652343750000e+02
2.875738525390625000e+02
2.875355834960937500e+02
2.876278381347656250e+02
2.874546203613281250e+02
2.876165466308593750e+02
2.877131347656250000e+02
2.876121520996093750e+02
2.877243957519531250e+02
2.876930541992187500e+02
2.874118652343750000e+02
2.876547851562500000e+02
2.877243957519531250e+02
2.876547851562500000e+02
2.878008117675781250e+02
2.876278381347656250e+02
2.876930541992187500e+02
2.874658813476562500e+02
2.876121520996093750e+02
2.874658813476562500e+02
2.876121520996093750e+02
2.872383117675781250e+02
2.876547851562500000e+02
2.875243225097656250e+02
2.877243957519531250e+02
2.877469482421875000e+02
2.876547851562500000e+02
2.876322631835937500e+02
2.876974182128906250e+02
2.876861267089843750e+02
2.875895690917968750e+02
2.873735046386718750e+02
2.874860534667968750e+02
2.873892517089843750e+02
2.875198974609375000e+02
2.872269592285156250e+02
2.875669860839843750e+02
2.876322631835937500e+02
2.877131347656250000e+02
2.873622131347656250e+02
2.874206848144531250e+02
2.876209106445312500e+02
2.877287902832031250e+02
2.876366271972656250e+02
2.876861267089843750e+02
2.876209106445312500e+02
2.877782897949218750e+02
2.877018432617187500e+02
2.876748657226562500e+02
2.877444458007812500e+02
2.878208618164062500e+02
2.877243957519531250e+02
2.877243957519531250e+02
2.876322631835937500e+02
2.875669860839843750e+02
2.876052856445312500e+02
2.875287170410156250e+02
2.876322631835937500e+02
2.876052856445312500e+02
2.876704711914062500e+02
2.872427062988281250e+02
2.877939758300781250e+02
2.876052856445312500e+02
2.875017089843750000e+02
2.877670288085937500e+02
2.873779296875000000e+02
2.875017089843750000e+02
2.873238830566406250e+02
2.876591796875000000e+02
2.877131347656250000e+02
2.875287170410156250e+02
2.877939758300781250e+02
2.876974182128906250e+02
2.875783081054687500e+02
2.877626037597656250e+02
2.876974182128906250e+02
2.877356567382812500e+02
2.875895690917968750e+02
2.877087097167968750e+02
2.876591796875000000e+02
2.877513427734375000e+02
2.877513427734375000e+02
2.873352050781250000e+02
2.876636047363281250e+02
2.878095703125000000e+02
2.876479492187500000e+02
2.877131347656250000e+02
2.877131347656250000e+02
2.875827026367187500e+02
2.877400817871093750e+02
2.877018432617187500e+02
2.877513427734375000e+02
2.875400390625000000e+02
2.878321228027343750e+02
2.876366271972656250e+02
2.878208618164062500e+02
2.876636047363281250e+02
2.877287902832031250e+02
2.878451843261718750e+02
2.877601013183593750e+02
2.877105407714843750e+02
2.877174987792968750e+02
2.876835937500000000e+02
2.877939758300781250e+02
2.877218627929687500e+02
2.878251953125000000e+02
2.876096801757812500e+02
2.876792297363281250e+02
2.877174987792968750e+02
2.876566467285156250e+02
2.878251953125000000e+02
2.876905517578125000e+02
2.877826538085937500e+02
2.877287902832031250e+02
2.877782897949218750e+02
2.875669860839843750e+02
2.877557373046875000e+02
2.875287170410156250e+02
2.878095703125000000e+02
2.877870178222656250e+02
2.877444458007812500e+02
2.876679687500000000e+02
2.877870178222656250e+02
2.876679687500000000e+02
2.878677368164062500e+02
2.877870178222656250e+02
2.878477478027343750e+02
2.876792297363281250e+02
2.877557373046875000e+02
2.879284973144531250e+02
2.874904174804687500e+02
2.878903198242187500e+02
2.876366271972656250e+02
2.875557250976562500e+02
2.875939636230468750e+02
2.877174987792968750e+02
2.878746948242187500e+02
2.874477539062500000e+02
2.877713623046875000e+02
2.875017089843750000e+02
2.877557373046875000e+02
2.877939758300781250e+02
2.878364868164062500e+02
2.876366271972656250e+02
2.877826538085937500e+02
2.877601013183593750e+02
2.877939758300781250e+02
2.876183776855468750e+02
2.877062072753906250e+02
2.876296997070312500e+02
2.877601013183593750e+02
2.877644348144531250e+02
2.876366271972656250e+02
2.877913513183593750e+02
2.879059448242187500e+02
2.876409606933593750e+02
2.877174987792968750e+02
2.877487487792968750e+02
2.878026428222656250e+02
2.878790283203125000e+02
2.875600891113281250e+02
2.880290832519531250e+02
2.876835937500000000e+02
2.877487487792968750e+02
2.879172363281250000e+02
2.876096801757812500e+02
2.874137573242187500e+02
2.875444030761718750e+02
2.877757263183593750e+02
2.876679687500000000e+02
2.876296997070312500e+02
2.876636047363281250e+02
2.875870361328125000e+02
2.875827026367187500e+02
2.876409606933593750e+02
2.877331542968750000e+02
2.876566467285156250e+02
2.874790649414062500e+02
2.876992187500000000e+02
2.877331542968750000e+02
2.876835937500000000e+02
2.877062072753906250e+02
2.877601013183593750e+02
2.877983093261718750e+02
2.878338623046875000e+02
2.877062072753906250e+02
2.877105407714843750e+02
2.878677368164062500e+02
2.877757263183593750e+02
2.878251953125000000e+02
2.878295593261718750e+02
2.877018432617187500e+02
2.876479492187500000e+02
2.878677368164062500e+02
2.877826538085937500e+02
2.877062072753906250e+02
2.877983093261718750e+02
2.878746948242187500e+02
2.876861267089843750e+02
2.876748657226562500e+02
2.877983093261718750e+02
2.878026428222656250e+02
2.878364868164062500e+02
2.878208618164062500e+02
2.876165466308593750e+02
2.878859558105468750e+02
2.874432983398437500e+02
2.873622131347656250e+02
2.870530395507812500e+02
2.873194274902343750e+02
2.876704711914062500e+02
2.875400390625000000e+02
2.877738647460937500e+02
2.876322631835937500e+02
2.875287170410156250e+02
2.876052856445312500e+02
2.875017089843750000e+02
2.877018432617187500e+02
2.874250793457031250e+02
2.875287170410156250e+02
2.876792297363281250e+02
2.873125610351562500e+02
2.871929626464843750e+02
2.875783081054687500e+02
2.875827026367187500e+02
2.872427062988281250e+02
2.872653808593750000e+02
2.875198974609375000e+02
2.873892517089843750e+02
2.875243225097656250e+02
2.872968139648437500e+02
2.875783081054687500e+02
2.874049987792968750e+02
2.876591796875000000e+02
2.875130310058593750e+02
2.876861267089843750e+02
2.875130310058593750e+02
2.874747314453125000e+02
2.876366271972656250e+02
2.875713806152343750e+02
2.873779296875000000e+02
2.874904174804687500e+02
2.876096801757812500e+02
2.872427062988281250e+02
2.873666381835937500e+02
2.877331542968750000e+02
2.874162597656250000e+02
2.874162597656250000e+02
2.876905517578125000e+02
2.874162597656250000e+02
2.872313842773437500e+02
2.877826538085937500e+02
2.874206848144531250e+02
2.872697753906250000e+02
2.873125610351562500e+02
2.875130310058593750e+02
2.873666381835937500e+02
2.874093627929687500e+02
2.872427062988281250e+02
2.874005432128906250e+02
2.875939636230468750e+02
2.872854919433593750e+02
2.872697753906250000e+02
2.872427062988281250e+02
2.874815979003906250e+02
2.873238830566406250e+02
2.872810974121093750e+02
2.873779296875000000e+02
2.874162597656250000e+02
2.875738525390625000e+02
2.876748657226562500e+02
2.873666381835937500e+02
2.876636047363281250e+02
2.875287170410156250e+02
2.876905517578125000e+02
2.876096801757812500e+02
2.875444030761718750e+02
2.877174987792968750e+02
2.875061035156250000e+02
2.877444458007812500e+02
2.877557373046875000e+02
2.871772460937500000e+02
2.876366271972656250e+02
2.874747314453125000e+02
2.875017089843750000e+02
2.875983886718750000e+02
2.877174987792968750e+02
2.874904174804687500e+02
2.875669860839843750e+02
2.874860534667968750e+02
2.870845947265625000e+02
2.873352050781250000e+02
2.875017089843750000e+02
2.873081359863281250e+02
2.875017089843750000e+02
2.876322631835937500e+02
2.872810974121093750e+02
2.873464965820312500e+02
2.873352050781250000e+02
2.873194274902343750e+02
2.876322631835937500e+02
2.874049987792968750e+02
2.873081359863281250e+02
2.873508605957031250e+02
2.875625915527343750e+02
2.875400390625000000e+02
2.874860534667968750e+02
2.876479492187500000e+02
2.876792297363281250e+02
2.875400390625000000e+02
2.875017089843750000e+02
2.877826538085937500e+02
2.874206848144531250e+02
2.876209106445312500e+02
2.874206848144531250e+02
2.875400390625000000e+02
2.872741394042968750e+02
2.878521423339843750e+02
2.874250793457031250e+02
2.877557373046875000e+02
2.875174255371093750e+02
2.879059448242187500e+02
2.873823547363281250e+02
2.872854919433593750e+02
2.873779296875000000e+02
2.876435241699218750e+02
2.872923889160156250e+02
2.874815979003906250e+02
2.873779296875000000e+02
2.877826538085937500e+02
2.872313842773437500e+02
2.878208618164062500e+02
2.875827026367187500e+02
2.876591796875000000e+02
2.874093627929687500e+02
2.874973144531250000e+02
2.872854919433593750e+02
2.878095703125000000e+02
2.877131347656250000e+02
2.875400390625000000e+02
2.875017089843750000e+02
2.874860534667968750e+02
2.875669860839843750e+02
2.872968139648437500e+02
2.876322631835937500e+02
2.873892517089843750e+02
2.879978942871093750e+02
2.877174987792968750e+02
2.874860534667968750e+02
2.873892517089843750e+02
2.871841430664062500e+02
2.877826538085937500e+02
2.876052856445312500e+02
2.879015808105468750e+02
2.873194274902343750e+02
2.879284973144531250e+02
2.879822998046875000e+02
2.878790283203125000e+02
2.877444458007812500e+02
2.877174987792968750e+02
2.877174987792968750e+02
2.877444458007812500e+02
2.878095703125000000e+02
2.878364868164062500e+02
2.874590148925781250e+02
2.876209106445312500e+02
2.877018432617187500e+02
2.876435241699218750e+02
2.876322631835937500e+02
2.876861267089843750e+02
2.879284973144531250e+02
2.879128417968750000e+02
2.879666137695312500e+02
2.879284973144531250e+02
2.877939758300781250e+02
2.877243957519531250e+02
2.879666137695312500e+02
2.875355834960937500e+02
2.878746948242187500e+02
2.877557373046875000e+02
2.876479492187500000e+02
2.878521423339843750e+02
2.876905517578125000e+02
2.877018432617187500e+02
2.877939758300781250e+02
2.878634033203125000e+02
2.877287902832031250e+02
2.878903198242187500e+02
2.877400817871093750e+02
2.877243957519531250e+02
2.876209106445312500e+02
2.877826538085937500e+02
2.878364868164062500e+02
2.877826538085937500e+02
2.878251953125000000e+02
2.878590087890625000e+02
2.877243957519531250e+02
2.876435241699218750e+02
2.875783081054687500e+02
2.877018432617187500e+02
2.876748657226562500e+02
2.876435241699218750e+02
2.875895690917968750e+02
2.877513427734375000e+02
2.878052368164062500e+02
2.877939758300781250e+02
2.875895690917968750e+02
2.876817626953125000e+02
2.874815979003906250e+02
2.876704711914062500e+02
2.876435241699218750e+02
2.876435241699218750e+02
2.876817626953125000e+02
2.876547851562500000e+02
2.877356567382812500e+02
2.877626037597656250e+02
2.876660766601562500e+02
2.875851440429687500e+02
2.876817626953125000e+02
2.876165466308593750e+02
2.878321228027343750e+02
2.877199707031250000e+02
2.876390991210937500e+02
2.874658813476562500e+02
2.876435241699218750e+02
2.876165466308593750e+02
2.878590087890625000e+02
2.876591796875000000e+02
2.876704711914062500e+02
2.877895507812500000e+02
2.877356567382812500e+02
2.877626037597656250e+02
2.876435241699218750e+02
2.876974182128906250e+02
2.876817626953125000e+02
2.877356567382812500e+02
2.877895507812500000e+02
2.876660766601562500e+02
2.877513427734375000e+02
2.875895690917968750e+02
2.876974182128906250e+02
2.877243957519531250e+02
2.877243957519531250e+02
2.877356567382812500e+02
2.877626037597656250e+02
2.876278381347656250e+02
2.877087097167968750e+02
2.876435241699218750e+02
2.877243957519531250e+02
2.876704711914062500e+02
2.878477478027343750e+02
2.877513427734375000e+02
2.877782897949218750e+02
2.877131347656250000e+02
2.876591796875000000e+02
2.876861267089843750e+02
2.877400817871093750e+02
2.877400817871093750e+02
2.876905517578125000e+02
2.877713623046875000e+02
2.876905517578125000e+02
2.877287902832031250e+02
