2.893946410191962286e+02
2.893474305532538438e+02
2.898908944479205729e+02
2.892032322781738003e+02
2.871313772003887834e+02
2.888244021772692349e+02
2.890545690811378563e+02
2.884416331746472224e+02
2.861236373480695647e+02
2.880248445296089699e+02
2.888925334605153807e+02
2.852597075416740608e+02
2.868230686106900293e+02
2.884888608141326358e+02
2.871752069840833883e+02
2.867884619711418850e+02
2.866093509837133411e+02
2.891973986923139250e+02
2.880068601716890839e+02
2.891062623290418969e+02
2.884305345979504409e+02
2.854064078176016892e+02
2.880215199602753842e+02
2.889548958157545258e+02
2.883599547276002681e+02
2.889183567367688852e+02
2.884308435636235686e+02
2.880204592287380478e+02
2.885001335572209200e+02
2.880204592287380478e+02
2.878900334805255739e+02
2.880102776943596723e+02
2.876115956845995356e+02
2.883103224041233830e+02
2.887843928348830786e+02
2.876695566376550914e+02
2.892251709013332288e+02
2.876695566376550914e+02
2.887240533234113400e+02
2.895144194342751121e+02
2.888244021772692349e+02
2.878902709774164919e+02
2.858638089983153350e+02
2.876115956845995356e+02
2.861242482445245514e+02
2.854012716878883111e+02
2.864646226586438615e+02
2.888734748798023020e+02
2.854012716878883111e+02
2.863559448219098726e+02
2.891314610929634910e+02
2.897452917082492831e+02
2.889548958157545258e+02
2.891715400169621830e+02
2.886709367675373983e+02
2.869396506183202291e+02
2.887914751958873580e+02
2.891314610929634910e+02
2.887914751958873580e+02
2.889322673493099387e+02
2.864646226586438615e+02
2.887735099799168665e+02
2.876615480787851311e+02
2.876615480787851311e+02
2.884084516843498136e+02
2.880248445296089699e+02
2.891955260120692515e+02
2.869396506183202291e+02
2.895026996295391086e+02
2.884084516843498136e+02
2.869396506183202291e+02
2.875075847625096230e+02
2.884308435636235686e+02
2.888244021772692349e+02
2.887739233660478817e+02
2.876550936211792759e+02
2.880248445296089699e+02
2.894943683468544577e+02
2.885975886102110053e+02
2.878900334805255739e+02
2.894943683468544577e+02
2.872186584193197518e+02
2.883285848535857667e+02
2.889429616729451595e+02
2.861645218856365318e+02
2.879240069426035689e+02
2.871085948047084457e+02
2.852943263158520608e+02
2.872446615848122633e+02
2.875226284392833236e+02
2.893538242795732458e+02
2.876115956845995356e+02
2.887843928348830786e+02
2.875226284392833236e+02
2.895387600873258407e+02
2.887739233660478817e+02
2.876615480787851311e+02
2.885001335572209200e+02
2.887914751958873580e+02
2.860029422122058804e+02
2.886709367675373983e+02
2.895026996295391086e+02
2.876615480787851311e+02
2.871231800537408390e+02
2.878030706426625329e+02
2.876218426983579093e+02
2.884888608141326358e+02
2.863971295178058654e+02
2.886709367675373983e+02
2.876218426983579093e+02
2.880204592287380478e+02
2.889548958157545258e+02
2.886593487786552714e+02
2.875226277203647669e+02
2.880248445296089699e+02
2.875075847625096230e+02
2.876361374514016802e+02
2.886593487786552714e+02
2.878201128354631919e+02
2.864646226586438615e+02
2.889183567367688852e+02
2.884084516843498136e+02
2.884257759085714952e+02
2.884308435636235686e+02
2.895026996295391086e+02
2.876695566376550914e+02
2.892032322781738003e+02
2.889183567367688852e+02
2.889322673493099387e+02
2.872446615848122633e+02
2.895026996295391086e+02
2.875226277203647669e+02
2.875226277203647669e+02
2.895144194342751121e+02
2.889548958157545258e+02
2.876695566376550914e+02
2.889344159022875829e+02
2.895026996295391086e+02
2.884084516843498136e+02
2.885001335572209200e+02
2.891062623290418969e+02
2.876218426983579093e+02
2.891015090899440452e+02
2.864646226586438615e+02
2.884305345979504409e+02
2.890474368524306215e+02
2.891973986923139250e+02
2.884308435636235686e+02
2.876695566376550914e+02
2.880248445296089699e+02
2.886709367675373983e+02
2.887739233660478817e+02
2.896831636061102131e+02
2.884308435636235686e+02
2.871231800537408390e+02
2.894858576553130547e+02
2.874990010174266786e+02
2.887914751958873580e+02
2.886593487786552714e+02
2.876695566376550914e+02
2.886593487786552714e+02
2.889548958157545258e+02
2.876695566376550914e+02
2.880068601716890839e+02
2.879948696370685752e+02
2.880248445296089699e+02
2.866041946656245614e+02
2.891955260120692515e+02
2.852597075416740608e+02
2.871752069840833883e+02
2.876695566376550914e+02
2.896831636061102131e+02
2.880204592287380478e+02
2.878408602101072233e+02
2.887914751958873580e+02
2.880068601716890839e+02
2.876361374514016802e+02
2.897452917082492831e+02
2.880248445296089699e+02
2.865579256134874981e+02
2.884084516843498136e+02
2.878408602101072233e+02
2.883887253339032100e+02
2.891955260120692515e+02
2.884361760297992419e+02
2.884308435636235686e+02
2.883395130833059739e+02
2.871423992550570574e+02
2.873312284517494390e+02
2.885001335572209200e+02
2.880204592287380478e+02
2.884305345979504409e+02
2.877989994400512614e+02
2.884361760297992419e+02
2.878408602101072233e+02
2.884888608141326358e+02
2.896831636061102131e+02
2.885001335572209200e+02
2.893815223106239500e+02
2.885001335572209200e+02
2.887619315741170567e+02
2.881729595860223299e+02
2.878408602101072233e+02
2.887735099799168665e+02
2.883285848535857667e+02
2.892318529105092466e+02
2.888176077866519336e+02
2.883772808364967091e+02
2.887619315741170567e+02
2.884084516843498136e+02
2.865575208588462033e+02
2.887739233660478817e+02
2.864646226586438615e+02
2.891955260120692515e+02
2.877437488428238908e+02
2.894263719429415005e+02
2.884888608141326358e+02
2.891314610929634910e+02
2.894462722112497772e+02
2.877437488428238908e+02
2.896831636061102131e+02
2.866041946656245614e+02
2.894858576553130547e+02
2.878408602101072233e+02
2.891062623290418969e+02
2.883285848535857667e+02
2.892985401783521979e+02
2.879175886314584432e+02
2.892985401783521979e+02
2.877989994400512614e+02
2.891955260120692515e+02
2.861236373480695647e+02
2.884305345979504409e+02
2.868230686106900293e+02
2.884361760297992419e+02
2.887739233660478817e+02
2.894878167614204472e+02
2.885001335572209200e+02
2.888176077866519336e+02
2.886709367675373983e+02
2.876115956845995356e+02
2.887739233660478817e+02
2.889183567367688852e+02
2.894258643091134218e+02
2.887538377976090374e+02
2.892318529105092466e+02
2.889183567367688852e+02
2.891955260120692515e+02
2.875075847625096230e+02
2.884416331746472224e+02
2.880248445296089699e+02
2.884416331746472224e+02
2.880248445296089699e+02
2.884416331746472224e+02
2.897452917082492831e+02
2.880248445296089699e+02
2.880068601716890839e+02
2.876695566376550914e+02
2.887240533234113400e+02
2.887914751958873580e+02
2.894258643091134218e+02
2.889548958157545258e+02
2.884084516843498136e+02
2.902180927127503196e+02
2.886593487786552714e+02
2.863559448219098726e+02
2.887843928348830786e+02
2.897180932846235919e+02
2.891955260120692515e+02
2.892032322781738003e+02
2.884361760297992419e+02
2.897452917082492831e+02
2.883395130833059739e+02
2.894263719429415005e+02
2.883862570798433467e+02
2.896831636061102131e+02
2.883764212245312137e+02
2.865579256134874981e+02
2.888980797846596147e+02
2.884305345979504409e+02
2.891973986923139250e+02
2.894258643091134218e+02
2.894462722112497772e+02
2.884361760297992419e+02
2.868230686106900293e+02
2.883862570798433467e+02
2.889322673493099387e+02
2.883772808364967091e+02
2.892717536111086361e+02
2.894258643091134218e+02
2.880248445296089699e+02
2.885001335572209200e+02
2.878408602101072233e+02
2.888235687750400871e+02
2.881729595860223299e+02
2.883395130833059739e+02
2.856285139900927561e+02
2.880604251258045565e+02
2.865037766428476971e+02
2.868230686106900293e+02
2.883707165702082875e+02
2.891973986923139250e+02
2.883862570798433467e+02
2.878408602101072233e+02
2.891973986923139250e+02
2.885001335572209200e+02
2.883395130833059739e+02
2.884084516843498136e+02
2.891449296008418060e+02
2.873312284517494390e+02
2.888176077866519336e+02
2.883707165702082875e+02
2.878408602101072233e+02
2.883862570798433467e+02
2.883887253339032100e+02
2.884361760297992419e+02
2.895441590979272632e+02
2.877989994400512614e+02
2.887739233660478817e+02
2.894878167614204472e+02
2.883395130833059739e+02
2.896831636061102131e+02
2.891756160554697317e+02
2.894858576553130547e+02
2.891062623290418969e+02
2.884888608141326358e+02
2.884888608141326358e+02
2.884888608141326358e+02
2.891973986923139250e+02
2.892032322781738003e+02
2.883599547276002681e+02
2.894462722112497772e+02
2.888176077866519336e+02
2.897452917082492831e+02
2.891955260120692515e+02
2.884084516843498136e+02
2.894263719429415005e+02
2.885001335572209200e+02
2.883887253339032100e+02
2.891955260120692515e+02
2.876550936211792759e+02
2.891955260120692515e+02
2.888244021772692349e+02
2.889322673493099387e+02
2.897180932846235919e+02
2.887739233660478817e+02
2.891062623290418969e+02
2.883599547276002681e+02
2.884305345979504409e+02
2.884247942121120900e+02
2.880088113721453738e+02
2.894037382768323141e+02
2.889098862892085435e+02
2.892985401783521979e+02
2.894728562405681487e+02
2.865579256134874981e+02
2.895884319332329255e+02
2.894878167614204472e+02
2.911686793947516207e+02
2.900499269905819801e+02
2.883395130833059739e+02
2.901960213717902661e+02
2.896261689970207271e+02
2.890474368524306215e+02
2.884305345979504409e+02
2.892985401783521979e+02
2.854064078176016892e+02
2.891062623290418969e+02
2.891955260120692515e+02
2.893815223106239500e+02
2.885001335572209200e+02
2.884416331746472224e+02
2.884416331746472224e+02
2.891955260120692515e+02
2.880204592287380478e+02
2.889322673493099387e+02
2.894858576553130547e+02
2.876361374514016802e+02
2.891062623290418969e+02
2.887735099799168665e+02
2.884305345979504409e+02
2.876361374514016802e+02
2.884361760297992419e+02
2.875226277203647669e+02
2.891955260120692515e+02
2.893976745325853699e+02
2.894878167614204472e+02
2.873770969865130382e+02
2.889322673493099387e+02
2.893946410191962286e+02
2.889322673493099387e+02
2.894474327245977747e+02
2.892941374882886407e+02
2.892251709013332288e+02
2.888244021772692349e+02
2.890545690811378563e+02
2.889322673493099387e+02
2.876115956845995356e+02
2.887914751958873580e+02
2.894884222779223251e+02
2.892941374882886407e+02
2.887739233660478817e+02
2.880068601716890839e+02
2.898372274107186968e+02
2.899502195642439801e+02
2.884361760297992419e+02
2.892717536111086361e+02
2.891062623290418969e+02
2.879948696370685752e+02
2.890474368524306215e+02
2.867884619711418850e+02
2.883887253339032100e+02
2.866872246503163524e+02
2.892985401783521979e+02
2.889322673493099387e+02
2.892985401783521979e+02
2.888925334605153807e+02
2.892318529105092466e+02
2.875075847625096230e+02
2.887739233660478817e+02
2.892318529105092466e+02
2.884308435636235686e+02
2.891955260120692515e+02
2.894731731269894794e+02
2.872446615848122633e+02
2.891955260120692515e+02
2.884084516843498136e+02
2.898908944479205729e+02
2.895281878059888072e+02
2.887843928348830786e+02
2.894731731269894794e+02
2.888244021772692349e+02
2.893815223106239500e+02
2.897643929682957946e+02
2.894878167614204472e+02
2.893946410191962286e+02
2.892032322781738003e+02
2.893035811148301946e+02
2.894858576553130547e+02
2.893451846534713923e+02
2.895441590979272632e+02
2.894462722112497772e+02
2.892318529105092466e+02
2.895441590979272632e+02
2.887538377976090374e+02
2.889183567367688852e+02
2.893474305532538438e+02
2.895968260637145022e+02
2.894943683468544577e+02
2.892032322781738003e+02
2.897865409930147393e+02
2.897549807188428872e+02
2.878900334805255739e+02
2.884416331746472224e+02
2.892941374882886407e+02
2.894462722112497772e+02
2.892032322781738003e+02
2.876550936211792759e+02
2.870512355905721620e+02
2.894462722112497772e+02
2.893451846534713923e+02
2.892318529105092466e+02
2.894474327245977747e+02
2.892318529105092466e+02
2.898476776845172935e+02
2.895441590979272632e+02
2.902906042474488117e+02
2.894731731269894794e+02
2.889718599933092378e+02
2.894258643091134218e+02
2.880204592287380478e+02
2.895281878059888072e+02
2.895387600873258407e+02
2.889322673493099387e+02
2.892318529105092466e+02
2.879524787290736185e+02
2.889322673493099387e+02
2.898229203786534072e+02
2.894258643091134218e+02
2.897865409930147393e+02
2.892717536111086361e+02
2.897865409930147393e+02
2.893474305532538438e+02
2.897865409930147393e+02
2.889344159022875829e+02
2.888734748798023020e+02
2.893976745325853699e+02
2.878900334805255739e+02
2.895144194342751121e+02
2.881612276962645183e+02
2.893538242795732458e+02
2.894206843486689422e+02
2.889429616729451595e+02
2.854012716878883111e+02
2.885001335572209200e+02
2.876695566376550914e+02
2.880204592287380478e+02
2.856884413750507861e+02
2.880204592287380478e+02
2.897643929682957946e+02
2.884361760297992419e+02
2.864646226586438615e+02
2.884084516843498136e+02
2.886709367675373983e+02
2.884308435636235686e+02
2.873312284517494390e+02
2.884305345979504409e+02
2.887240533234113400e+02
2.884308435636235686e+02
2.876695566376550914e+02
2.873770969865130382e+02
2.883043541361302573e+02
2.892251709013332288e+02
2.887240533234113400e+02
2.863559448219098726e+02
2.888925334605153807e+02
2.863971295178058654e+02
2.861955966791057335e+02
2.863559448219098726e+02
2.891314610929634910e+02
2.876695566376550914e+02
2.872186584193197518e+02
2.875075847625096230e+02
2.872446615848122633e+02
2.875500015013712414e+02
2.880248445296089699e+02
2.876615480787851311e+02
2.895026996295391086e+02
2.876695566376550914e+02
2.880102776943596723e+02
2.889344159022875829e+02
2.862764617407805190e+02
2.886593487786552714e+02
2.896931094029756082e+02
2.874990010174266786e+02
2.867884619711418850e+02
2.885001335572209200e+02
2.886709367675373983e+02
2.889344159022875829e+02
2.875226277203647669e+02
2.889429616729451595e+02
2.885001335572209200e+02
2.872186584193197518e+02
2.876218426983579093e+02
2.894037382768323141e+02
2.902365759084104297e+02
2.887538377976090374e+02
2.893115603673030023e+02
2.889718599933092378e+02
2.881729595860223299e+02
2.867077860634548756e+02
2.892738500719153194e+02
2.887619315741170567e+02
2.884084516843498136e+02
2.891062623290418969e+02
2.846395836879820536e+02
2.871752069840833883e+02
2.891756160554697317e+02
2.880088113721453738e+02
2.865528131777008980e+02
2.892738500719153194e+02
2.867077860634548756e+02
2.883772808364967091e+02
2.869396506183202291e+02
2.878408602101072233e+02
2.856583336032697957e+02
2.871752069840833883e+02
2.880068601716890839e+02
2.895026996295391086e+02
2.889344159022875829e+02
2.889548958157545258e+02
2.879175886314584432e+02
2.891314610929634910e+02
2.891062623290418969e+02
2.889548958157545258e+02
2.876361374514016802e+02
2.887240533234113400e+02
2.891955260120692515e+02
2.888244021772692349e+02
2.889548958157545258e+02
2.880204592287380478e+02
2.866872246503163524e+02
2.876218426983579093e+02
2.875500015013712414e+02
2.889718599933092378e+02
2.884308435636235686e+02
2.869396506183202291e+02
2.874990010174266786e+02
2.875226277203647669e+02
2.887240533234113400e+02
2.891449296008418060e+02
2.883285848535857667e+02
2.872446615848122633e+02
2.884308435636235686e+02
2.886709367675373983e+02
2.884084516843498136e+02
2.869396506183202291e+02
2.878408602101072233e+02
2.880248445296089699e+02
2.861236373480695647e+02
2.876115956845995356e+02
2.883285848535857667e+02
2.876361374514016802e+02
2.878201128354631919e+02
2.869396506183202291e+02
2.877437488428238908e+02
2.894884222779223251e+02
2.887735099799168665e+02
2.876218426983579093e+02
2.886593487786552714e+02
2.875500015013712414e+02
2.895026996295391086e+02
2.889183567367688852e+02
2.872186584193197518e+02
2.893115603673030023e+02
2.876550936211792759e+02
2.895144194342751121e+02
2.887843928348830786e+02
2.884888608141326358e+02
2.871231800537408390e+02
2.889344159022875829e+02
2.884416331746472224e+02
2.884308435636235686e+02
2.894858576553130547e+02
2.885001335572209200e+02
2.886709367675373983e+02
2.875075847625096230e+02
2.870512355905721620e+02
2.888244021772692349e+02
2.889718599933092378e+02
2.876550936211792759e+02
2.871313772003887834e+02
2.887914751958873580e+02
2.863559448219098726e+02
2.886593487786552714e+02
2.876115956845995356e+02
2.889344159022875829e+02
2.885001335572209200e+02
2.884416331746472224e+02
2.888244021772692349e+02
2.891955260120692515e+02
2.876361374514016802e+02
2.880204592287380478e+02
2.883285848535857667e+02
2.880248445296089699e+02
2.895026996295391086e+02
2.893035811148301946e+02
2.876115956845995356e+02
2.889183567367688852e+02
2.876615480787851311e+02
2.886709367675373983e+02
2.875226284392833236e+02
2.880204592287380478e+02
2.887240533234113400e+02
2.880204592287380478e+02
2.880248445296089699e+02
2.885001335572209200e+02
2.884084516843498136e+02
2.892985401783521979e+02
2.876695566376550914e+02
2.887240533234113400e+02
2.873312284517494390e+02
2.887538377976090374e+02
2.876550936211792759e+02
2.892251709013332288e+02
2.894943683468544577e+02
2.871313772003887834e+02
2.895026996295391086e+02
2.876695566376550914e+02
2.892717536111086361e+02
2.863971295178058654e+02
2.877437488428238908e+02
2.884308435636235686e+02
2.889548958157545258e+02
2.893115603673030023e+02
2.876695566376550914e+02
2.875075847625096230e+02
2.871231800537408390e+02
2.872186584193197518e+02
2.875500015013712414e+02
2.871231800537408390e+02
2.887843928348830786e+02
2.891955260120692515e+02
2.890474368524306215e+02
2.895281878059888072e+02
2.893035811148301946e+02
2.892941374882886407e+02
2.895026996295391086e+02
2.888244021772692349e+02
2.875226277203647669e+02
2.894462722112497772e+02
2.884361760297992419e+02
2.894263719429415005e+02
2.894263719429415005e+02
2.884084516843498136e+02
2.887739233660478817e+02
2.894263719429415005e+02
2.887538377976090374e+02
2.891314610929634910e+02
2.894462722112497772e+02
2.874990010174266786e+02
2.891449296008418060e+02
2.888235687750400871e+02
2.888176077866519336e+02
2.891062623290418969e+02
2.888176077866519336e+02
2.893815223106239500e+02
2.884305345979504409e+02
2.884361760297992419e+02
2.884305345979504409e+02
2.888176077866519336e+02
2.883599547276002681e+02
2.892985401783521979e+02
2.890890332342756324e+02
2.880138282570100614e+02
2.874392996406383531e+02
2.891973986923139250e+02
2.879948696370685752e+02
2.894037382768323141e+02
2.890890332342756324e+02
2.883862570798433467e+02
2.891710661452795534e+02
2.883715564608195336e+02
2.883764212245312137e+02
2.888980797846596147e+02
2.888235687750400871e+02
2.883395130833059739e+02
2.891449296008418060e+02
2.890474368524306215e+02
2.887619315741170567e+02
2.887619315741170567e+02
2.883862570798433467e+02
2.884361760297992419e+02
2.884416331746472224e+02
2.884416331746472224e+02
2.884416331746472224e+02
2.880248445296089699e+02
2.894263719429415005e+02
2.875075847625096230e+02
2.884308435636235686e+02
2.892717536111086361e+02
2.893976745325853699e+02
2.894858576553130547e+02
2.893815223106239500e+02
2.891973986923139250e+02
2.891955260120692515e+02
2.887739233660478817e+02
2.892941374882886407e+02
2.894263719429415005e+02
2.892251709013332288e+02
2.889548958157545258e+02
2.893035811148301946e+02
2.891314610929634910e+02
2.894258643091134218e+02
2.888176077866519336e+02
2.891449296008418060e+02
2.892032322781738003e+02
2.891062623290418969e+02
2.894462722112497772e+02
2.887739233660478817e+02
2.896831636061102131e+02
2.895321237630470250e+02
2.894037382768323141e+02
2.895884319332329255e+02
2.893815223106239500e+02
2.891756160554697317e+02
2.894728562405681487e+02
2.891449296008418060e+02
2.895884319332329255e+02
2.894478108734854800e+02
2.896261689970207271e+02
2.900035342365035262e+02
2.896375898754782270e+02
2.897278144771462394e+02
2.892941374882886407e+02
2.892318529105092466e+02
2.896831636061102131e+02
2.889344159022875829e+02
2.897180932846235919e+02
2.895215415416191149e+02
2.887739233660478817e+02
2.895441590979272632e+02
2.889718599933092378e+02
2.897865409930147393e+02
2.897180932846235919e+02
2.898164889668822752e+02
2.897643929682957946e+02
2.893451846534713923e+02
2.897549807188428872e+02
2.901585316501204375e+02
2.897643929682957946e+02
2.893946410191962286e+02
2.892941374882886407e+02
2.898229203786534072e+02
2.897549807188428872e+02
2.894731731269894794e+02
2.897643929682957946e+02
2.902022558997487067e+02
2.895215415416191149e+02
2.897447149114744320e+02
2.895215415416191149e+02
2.897549807188428872e+02
2.901960213717902661e+02
2.892717536111086361e+02
2.894263719429415005e+02
2.900035342365035262e+02
2.898460009914570037e+02
2.895884319332329255e+02
2.897278144771462394e+02
2.895884319332329255e+02
2.897278144771462394e+02
2.883945171848664017e+02
2.896831636061102131e+02
2.902464472089696983e+02
2.902464472089696983e+02
2.895884319332329255e+02
2.896831636061102131e+02
2.900374061872624338e+02
2.895281878059888072e+02
2.896831636061102131e+02
2.902464472089696983e+02
2.902464472089696983e+02
2.900374061872624338e+02
2.901960213717902661e+02
2.891955260120692515e+02
2.887843928348830786e+02
2.873312284517494390e+02
2.878201128354631919e+02
2.866041946656245614e+02
2.891062623290418969e+02
2.894728562405681487e+02
2.895884319332329255e+02
2.896831636061102131e+02
2.894037382768323141e+02
2.894263719429415005e+02
2.879175886314584432e+02
2.891062623290418969e+02
2.894858576553130547e+02
2.888176077866519336e+02
2.891062623290418969e+02
2.890474368524306215e+02
2.887739233660478817e+02
2.884305345979504409e+02
2.880835706695253293e+02
2.890474368524306215e+02
2.888980797846596147e+02
2.883862570798433467e+02
2.891715400169621830e+02
2.888176077866519336e+02
2.891955260120692515e+02
2.884305345979504409e+02
2.891062623290418969e+02
2.894258643091134218e+02
2.884416331746472224e+02
2.887240533234113400e+02
2.884084516843498136e+02
2.884416331746472224e+02
2.869396506183202291e+02
2.884305345979504409e+02
2.883772808364967091e+02
2.883715564608195336e+02
2.865579256134874981e+02
2.876361374514016802e+02
2.885001335572209200e+02
2.865528131777008980e+02
2.885001335572209200e+02
2.880088113721453738e+02
2.892738500719153194e+02
2.891062623290418969e+02
2.887735099799168665e+02
2.884305345979504409e+02
2.886709367675373983e+02
2.888980797846596147e+02
2.842934801947993151e+02
2.852795265620506484e+02
2.885001335572209200e+02
2.879038251224291685e+02
2.866041946656245614e+02
2.884888608141326358e+02
2.874990010174266786e+02
2.852795265620506484e+02
2.879038251224291685e+02
2.856610181811932989e+02
2.849693745999776979e+02
2.884888608141326358e+02
2.884888608141326358e+02
2.878201128354631919e+02
2.864646226586438615e+02
2.891973986923139250e+02
2.884888608141326358e+02
2.880215199602753842e+02
2.884308435636235686e+02
2.886709367675373983e+02
2.884416331746472224e+02
2.885001335572209200e+02
2.884305345979504409e+02
2.866041946656245614e+02
2.885001335572209200e+02
2.864646226586438615e+02
2.886709367675373983e+02
2.866093509837133411e+02
2.870512355905721620e+02
2.884888608141326358e+02
2.863559448219098726e+02
2.884305345979504409e+02
2.865528131777008980e+02
2.884084516843498136e+02
2.889548958157545258e+02
2.896831636061102131e+02
2.861236373480695647e+02
2.885001335572209200e+02
2.880248445296089699e+02
2.892985401783521979e+02
2.881729595860223299e+02
2.852828429560819359e+02
2.855812307283510449e+02
2.885001335572209200e+02
2.897452917082492831e+02
2.897452917082492831e+02
2.866041946656245614e+02
2.883395130833059739e+02
2.868230686106900293e+02
2.867884619711418850e+02
2.880068601716890839e+02
2.879038251224291685e+02
2.880068601716890839e+02
2.884305345979504409e+02
2.876361374514016802e+02
2.891867657396425102e+02
2.865579256134874981e+02
2.881729595860223299e+02
2.884416331746472224e+02
2.883285848535857667e+02
2.877989994400512614e+02
2.884888608141326358e+02
2.884308435636235686e+02
2.883887253339032100e+02
2.866041946656245614e+02
2.884305345979504409e+02
2.886593487786552714e+02
2.894263719429415005e+02
2.878408602101072233e+02
2.876361374514016802e+02
2.888176077866519336e+02
2.891314610929634910e+02
2.891756160554697317e+02
2.872468005915936828e+02
2.883764212245312137e+02
2.878201128354631919e+02
2.883707165702082875e+02
2.885001335572209200e+02
2.884084516843498136e+02
2.866872246503163524e+02
2.880215199602753842e+02
2.865528131777008980e+02
2.878201128354631919e+02
2.874990010174266786e+02
2.878408602101072233e+02
2.894478108734854800e+02
2.866041946656245614e+02
2.883395130833059739e+02
2.867884619711418850e+02
2.887619315741170567e+02
2.880068601716890839e+02
2.888176077866519336e+02
2.884888608141326358e+02
2.890474368524306215e+02
2.897452917082492831e+02
2.896831636061102131e+02
2.884888608141326358e+02
2.873312284517494390e+02
2.894478108734854800e+02
2.878201128354631919e+02
2.894037382768323141e+02
2.871752069840833883e+02
2.894462722112497772e+02
2.866041946656245614e+02
2.880248445296089699e+02
2.883880880514482783e+02
2.873312284517494390e+02
2.884361760297992419e+02
2.888176077866519336e+02
2.884416331746472224e+02
2.870512355905721620e+02
2.891955260120692515e+02
2.895026996295391086e+02
2.894731731269894794e+02
2.883285848535857667e+02
2.894478108734854800e+02
2.874990010174266786e+02
2.895884319332329255e+02
2.879948696370685752e+02
2.891062623290418969e+02
2.884361760297992419e+02
2.891756160554697317e+02
2.895026996295391086e+02
2.885001335572209200e+02
2.886593487786552714e+02
2.894263719429415005e+02
2.866872246503163524e+02
2.888235687750400871e+02
2.865395445685294931e+02
2.894728562405681487e+02
2.883599547276002681e+02
2.884416331746472224e+02
2.893815223106239500e+02
2.896831636061102131e+02
2.883772808364967091e+02
2.896831636061102131e+02
2.896080589612789709e+02
2.866872246503163524e+02
2.891867657396425102e+02
2.894037382768323141e+02
2.888176077866519336e+02
2.883887253339032100e+02
2.876361374514016802e+02
2.891715400169621830e+02
2.891715400169621830e+02
2.879175886314584432e+02
2.891449296008418060e+02
2.852543297827683091e+02
2.884361760297992419e+02
2.867884619711418850e+02
2.883887253339032100e+02
2.883887253339032100e+02
2.854064078176016892e+02
2.891488654747959117e+02
2.879038251224291685e+02
2.883715564608195336e+02
2.879390460744408529e+02
2.881729595860223299e+02
2.896287181981423373e+02
2.868230686106900293e+02
2.888980797846596147e+02
2.846395836879820536e+02
2.883764212245312137e+02
2.871423992550570574e+02
2.891867657396425102e+02
2.866872246503163524e+02
2.891756160554697317e+02
2.892738500719153194e+02
2.883599547276002681e+02
2.879175886314584432e+02
2.891449296008418060e+02
2.892738500719153194e+02
2.878201128354631919e+02
2.884888608141326358e+02
2.881729595860223299e+02
2.884888608141326358e+02
2.891756160554697317e+02
2.884308435636235686e+02
2.891062623290418969e+02
2.878408602101072233e+02
2.895616889796101532e+02
2.879038251224291685e+02
2.891488654747959117e+02
2.891482925531201431e+02
2.879390460744408529e+02
2.868556707940578008e+02
2.878626193344625221e+02
2.885213248507861294e+02
2.883715564608195336e+02
2.896234291143132396e+02
2.891795814472375241e+02
2.874501010084903783e+02
2.895321237630470250e+02
2.880604251258045565e+02
2.891795814472375241e+02
2.867884619711418850e+02
2.885213248507861294e+02
2.865579256134874981e+02
2.891443025281286623e+02
2.880835706695253293e+02
2.884247942121120900e+02
2.850291051447514974e+02
2.870022559113334069e+02
2.883707165702082875e+02
2.879038251224291685e+02
2.895884319332329255e+02
2.883599547276002681e+02
2.871423992550570574e+02
2.883764212245312137e+02
2.884361760297992419e+02
2.883707165702082875e+02
2.878626193344625221e+02
2.878408602101072233e+02
2.871423992550570574e+02
2.865579256134874981e+02
2.891062623290418969e+02
2.889098862892085435e+02
2.884888608141326358e+02
2.883862570798433467e+02
2.870022559113334069e+02
2.890474368524306215e+02
2.891973986923139250e+02
2.883772808364967091e+02
2.893815223106239500e+02
2.894858576553130547e+02
2.894037382768323141e+02
2.854064078176016892e+02
2.883599547276002681e+02
2.883395130833059739e+02
2.883395130833059739e+02
2.883862570798433467e+02
2.891449296008418060e+02
2.884305345979504409e+02
2.891449296008418060e+02
2.883395130833059739e+02
2.891449296008418060e+02
2.888980797846596147e+02
2.850291051447514974e+02
2.891795814472375241e+02
2.885213248507861294e+02
2.883599547276002681e+02
2.883715564608195336e+02
2.883599547276002681e+02
2.889098862892085435e+02
2.891482925531201431e+02
2.894728562405681487e+02
2.884247942121120900e+02
2.888980797846596147e+02
2.895089332313460773e+02
2.880604251258045565e+02
2.880215199602753842e+02
2.897992171120356488e+02
2.872437057718722713e+02
2.891443025281286623e+02
2.879390460744408529e+02
2.883764212245312137e+02
2.883707165702082875e+02
2.884247942121120900e+02
2.880604251258045565e+02
2.883862570798433467e+02
2.893815223106239500e+02
2.883917102594973585e+02
2.891449296008418060e+02
2.892181222631402875e+02
2.879390460744408529e+02
2.889098862892085435e+02
2.891449296008418060e+02
2.889098862892085435e+02
2.896234291143132396e+02
2.884247942121120900e+02
2.892181222631402875e+02
2.880138282570100614e+02
2.883917102594973585e+02
2.880138282570100614e+02
2.883917102594973585e+02
2.871423992550570574e+02
2.889098862892085435e+02
2.884305345979504409e+02
2.891449296008418060e+02
2.897992171120356488e+02
2.889098862892085435e+02
2.888176077866519336e+02
2.890474368524306215e+02
2.892985401783521979e+02
2.883395130833059739e+02
2.872468005915936828e+02
2.897452917082492831e+02
2.892738500719153194e+02
2.891482925531201431e+02
2.867077860634548756e+02
2.884308435636235686e+02
2.888176077866519336e+02
2.893815223106239500e+02
2.879175886314584432e+02
2.880204592287380478e+02
2.887739233660478817e+02
2.894462722112497772e+02
2.891314610929634910e+02
2.892985401783521979e+02
2.887739233660478817e+02
2.891715400169621830e+02
2.894263719429415005e+02
2.894258643091134218e+02
2.893115603673030023e+02
2.896931094029756082e+02
2.891449296008418060e+02
2.891449296008418060e+02
2.888176077866519336e+02
2.884308435636235686e+02
2.884361760297992419e+02
2.886593487786552714e+02
2.888176077866519336e+02
2.884361760297992419e+02
2.887619315741170567e+02
2.866041946656245614e+02
2.896831636061102131e+02
2.884361760297992419e+02
2.886709367675373983e+02
2.894478108734854800e+02
2.884888608141326358e+02
2.886709367675373983e+02
2.873312284517494390e+02
2.891062623290418969e+02
2.893815223106239500e+02
2.886593487786552714e+02
2.896831636061102131e+02
2.890474368524306215e+02
2.883887253339032100e+02
2.891710661452795534e+02
2.890474368524306215e+02
2.891443025281286623e+02
2.883395130833059739e+02
2.890890332342756324e+02
2.891062623290418969e+02
2.891756160554697317e+02
2.891756160554697317e+02
2.868230686106900293e+02
2.892032322781738003e+02
2.895387600873258407e+02
2.891955260120692515e+02
2.893815223106239500e+02
2.893815223106239500e+02
2.887240533234113400e+02
2.894037382768323141e+02
2.894263719429415005e+02
2.891756160554697317e+02
2.884084516843498136e+02
2.896080589612789709e+02
2.891314610929634910e+02
2.896931094029756082e+02
2.892032322781738003e+02
2.894462722112497772e+02
2.902022558997487067e+02
2.897180932846235919e+02
2.894474327245977747e+02
2.892717536111086361e+02
2.894356726202287291e+02
2.896831636061102131e+02
2.893538242795732458e+02
2.895215415416191149e+02
2.889322673493099387e+02
2.892941374882886407e+02
2.892717536111086361e+02
2.894884222779223251e+02
2.895215415416191149e+02
2.892318529105092466e+02
2.895281878059888072e+02
2.894462722112497772e+02
2.891715400169621830e+02
2.884308435636235686e+02
2.894858576553130547e+02
2.886593487786552714e+02
2.895387600873258407e+02
2.897549807188428872e+02
2.893115603673030023e+02
2.893946410191962286e+02
2.897549807188428872e+02
2.893946410191962286e+02
2.901995805210846129e+02
2.897549807188428872e+02
2.897278144771462394e+02
2.892941374882886407e+02
2.894858576553130547e+02
2.902464472089696983e+02
2.889183567367688852e+02
2.900759311018717312e+02
2.891314610929634910e+02
2.887735099799168665e+02
2.884416331746472224e+02
2.892717536111086361e+02
2.898464426065689281e+02
2.880248445296089699e+02
2.894731731269894794e+02
2.886709367675373983e+02
2.894858576553130547e+02
2.896831636061102131e+02
2.895968260637145022e+02
2.891314610929634910e+02
2.895281878059888072e+02
2.897180932846235919e+02
2.896831636061102131e+02
2.896473559680453604e+02
2.893451846534713923e+02
2.896502057430453192e+02
2.897180932846235919e+02
2.898164889668822752e+02
2.891314610929634910e+02
2.897865409930147393e+02
2.900651074123460376e+02
2.895144194342751121e+02
2.892717536111086361e+02
2.898908944479205729e+02
2.898476776845172935e+02
2.899502195642439801e+02
2.890545690811378563e+02
2.904182218191564857e+02
2.894356726202287291e+02
2.898908944479205729e+02
2.901960213717902661e+02
2.889322673493099387e+02
2.879240069426035689e+02
2.887843928348830786e+02
2.898778452009209445e+02
2.893946410191962286e+02
2.896502057430453192e+02
2.892032322781738003e+02
2.888925334605153807e+02
2.887240533234113400e+02
2.895144194342751121e+02
2.893976745325853699e+02
2.894884222779223251e+02
2.889429616729451595e+02
2.894468158745977462e+02
2.893976745325853699e+02
2.894356726202287291e+02
2.893451846534713923e+02
2.897180932846235919e+02
2.894878167614204472e+02
2.902022558997487067e+02
2.893451846534713923e+02
2.894474327245977747e+02
2.901995805210846129e+02
2.898778452009209445e+02
2.895215415416191149e+02
2.898509015832918294e+02
2.894263719429415005e+02
2.891955260120692515e+02
2.901995805210846129e+02
2.895281878059888072e+02
2.893451846534713923e+02
2.894878167614204472e+02
2.898464426065689281e+02
2.892985401783521979e+02
2.894258643091134218e+02
2.894878167614204472e+02
2.898476776845172935e+02
2.895968260637145022e+02
2.896931094029756082e+02
2.883862570798433467e+02
2.896287181981423373e+02
2.881729595860223299e+02
2.879175886314584432e+02
2.844822001455936515e+02
2.879038251224291685e+02
2.887619315741170567e+02
2.884084516843498136e+02
2.897031052683609573e+02
2.888176077866519336e+02
2.886593487786552714e+02
2.884361760297992419e+02
2.886709367675373983e+02
2.894263719429415005e+02
2.875226284392833236e+02
2.886593487786552714e+02
2.892941374882886407e+02
2.869396506183202291e+02
2.860029422122058804e+02
2.883887253339032100e+02
2.887240533234113400e+02
2.866041946656245614e+02
2.865395445685294931e+02
2.891482925531201431e+02
2.892738500719153194e+02
2.884305345979504409e+02
2.874990010174266786e+02
2.883887253339032100e+02
2.876361374514016802e+02
2.891062623290418969e+02
2.885001335572209200e+02
2.892985401783521979e+02
2.885001335572209200e+02
2.889548958157545258e+02
2.891314610929634910e+02
2.887538377976090374e+02
2.884888608141326358e+02
2.889183567367688852e+02
2.889322673493099387e+02
2.866041946656245614e+02
2.883285848535857667e+02
2.893976745325853699e+02
2.878201128354631919e+02
2.878201128354631919e+02
2.892318529105092466e+02
2.878201128354631919e+02
2.864646226586438615e+02
2.895281878059888072e+02
2.880204592287380478e+02
2.865528131777008980e+02
2.869396506183202291e+02
2.885001335572209200e+02
2.883285848535857667e+02
2.876695566376550914e+02
2.866041946656245614e+02
2.880835706695253293e+02
2.884416331746472224e+02
2.871231800537408390e+02
2.865528131777008980e+02
2.866041946656245614e+02
2.880215199602753842e+02
2.873312284517494390e+02
2.866872246503163524e+02
2.884888608141326358e+02
2.878201128354631919e+02
2.883764212245312137e+02
2.894258643091134218e+02
2.883285848535857667e+02
2.892032322781738003e+02
2.886593487786552714e+02
2.892318529105092466e+02
2.889322673493099387e+02
2.887843928348830786e+02
2.892717536111086361e+02
2.889718599933092378e+02
2.893115603673030023e+02
2.894858576553130547e+02
2.854012716878883111e+02
2.891314610929634910e+02
2.889548958157545258e+02
2.886709367675373983e+02
2.888244021772692349e+02
2.892717536111086361e+02
2.889183567367688852e+02
2.884308435636235686e+02
2.897452917082492831e+02
2.854529943056193133e+02
2.868230686106900293e+02
2.886709367675373983e+02
2.871752069840833883e+02
2.886709367675373983e+02
2.888176077866519336e+02
2.866872246503163524e+02
2.870022559113334069e+02
2.868230686106900293e+02
2.879038251224291685e+02
2.888176077866519336e+02
2.876361374514016802e+02
2.871752069840833883e+02
2.877989994400512614e+02
2.883599547276002681e+02
2.884084516843498136e+02
2.897452917082492831e+02
2.891955260120692515e+02
2.892941374882886407e+02
2.884084516843498136e+02
2.886709367675373983e+02
2.895281878059888072e+02
2.880204592287380478e+02
2.887739233660478817e+02
2.880204592287380478e+02
2.884084516843498136e+02
2.872186584193197518e+02
2.895441590979272632e+02
2.875226284392833236e+02
2.894858576553130547e+02
2.887914751958873580e+02
2.900651074123460376e+02
2.875075847625096230e+02
2.871231800537408390e+02
2.884888608141326358e+02
2.888235687750400871e+02
2.865579256134874981e+02
2.880215199602753842e+02
2.884888608141326358e+02
2.895281878059888072e+02
2.864646226586438615e+02
2.896931094029756082e+02
2.887240533234113400e+02
2.891062623290418969e+02
2.876695566376550914e+02
2.891973986923139250e+02
2.871231800537408390e+02
2.895387600873258407e+02
2.893815223106239500e+02
2.884084516843498136e+02
2.886709367675373983e+02
2.897452917082492831e+02
2.884308435636235686e+02
2.874990010174266786e+02
2.888176077866519336e+02
2.892738500719153194e+02
2.905565765636546303e+02
2.892717536111086361e+02
2.897452917082492831e+02
2.892738500719153194e+02
2.856285139900927561e+02
2.895281878059888072e+02
2.884361760297992419e+02
2.901157872958931421e+02
2.879038251224291685e+02
2.902464472089696983e+02
2.883880880514482783e+02
2.899502195642439801e+02
2.893115603673030023e+02
2.892717536111086361e+02
2.892717536111086361e+02
2.893115603673030023e+02
2.895387600873258407e+02
2.895968260637145022e+02
2.878408602101072233e+02
2.887739233660478817e+02
2.894263719429415005e+02
2.888235687750400871e+02
2.888176077866519336e+02
2.892985401783521979e+02
2.902464472089696983e+02
2.898460009914570037e+02
2.898372274107186968e+02
2.902464472089696983e+02
2.896831636061102131e+02
2.891449296008418060e+02
2.898372274107186968e+02
2.883707165702082875e+02
2.898464426065689281e+02
2.894858576553130547e+02
2.891955260120692515e+02
2.895441590979272632e+02
2.892318529105092466e+02
2.894263719429415005e+02
2.896831636061102131e+02
2.897206218695192206e+02
2.894462722112497772e+02
2.900759311018717312e+02
2.894037382768323141e+02
2.891449296008418060e+02
2.887739233660478817e+02
2.895281878059888072e+02
2.895968260637145022e+02
2.895281878059888072e+02
2.895215415416191149e+02
2.896261689970207271e+02
2.891449296008418060e+02
2.888235687750400871e+02
2.883887253339032100e+02
2.894263719429415005e+02
2.894258643091134218e+02
2.888235687750400871e+02
2.883395130833059739e+02
2.891756160554697317e+02
2.895884319332329255e+02
2.896831636061102131e+02
2.883395130833059739e+02
2.888980797846596147e+02
2.880215199602753842e+02
2.887619315741170567e+02
2.888235687750400871e+02
2.888235687750400871e+02
2.888980797846596147e+02
2.889098862892085435e+02
2.891443025281286623e+02
2.891710661452795534e+02
2.891795814472375241e+02
2.883981757697099511e+02
2.888980797846596147e+02
2.883862570798433467e+02
2.896080589612789709e+02
2.895089332313460773e+02
2.885162098357960190e+02
2.880138282570100614e+02
2.888235687750400871e+02
2.883862570798433467e+02
2.896261689970207271e+02
2.891062623290418969e+02
2.887619315741170567e+02
2.891488654747959117e+02
2.891443025281286623e+02
2.891710661452795534e+02
2.888235687750400871e+02
2.890474368524306215e+02
2.888980797846596147e+02
2.891443025281286623e+02
2.891488654747959117e+02
2.891795814472375241e+02
2.891756160554697317e+02
2.883395130833059739e+02
2.890474368524306215e+02
2.891449296008418060e+02
2.891449296008418060e+02
2.891443025281286623e+02
2.891710661452795534e+02
2.884247942121120900e+02
2.890890332342756324e+02
2.888235687750400871e+02
2.891449296008418060e+02
2.887619315741170567e+02
2.897278144771462394e+02
2.891756160554697317e+02
2.891715400169621830e+02
2.893815223106239500e+02
2.891062623290418969e+02
2.892985401783521979e+02
2.894037382768323141e+02
2.894037382768323141e+02
2.892318529105092466e+02
2.894731731269894794e+02
2.892318529105092466e+02
2.894462722112497772e+02
