2.880987854003906250e+02
2.881135253906250000e+02
2.881430358886718750e+02
2.880992736816406250e+02
2.878777465820312500e+02
2.880621948242187500e+02
2.880398864746093750e+02
2.880627136230468750e+02
2.878488159179687500e+02
2.879814147949218750e+02
2.880545959472656250e+02
2.878417358398437500e+02
2.879230041503906250e+02
2.879448547363281250e+02
2.879082946777343750e+02
2.878788452148437500e+02
2.878782653808593750e+02
2.880114440917968750e+02
2.879743652343750000e+02
2.880997924804687500e+02
2.880261840820312500e+02
2.878493347167968750e+02
2.880043334960937500e+02
2.879961547851562500e+02
2.880484924316406250e+02
2.880032348632812500e+02
2.880479736328125000e+02
2.879667053222656250e+02
2.880185241699218750e+02
2.879667053222656250e+02
2.880322265625000000e+02
2.880174865722656250e+02
2.879514465332031250e+02
2.880028076171875000e+02
2.880327453613281250e+02
2.879590759277343750e+02
2.880693054199218750e+02
2.879590759277343750e+02
2.880550842285156250e+02
2.880840454101562500e+02
2.880621948242187500e+02
2.879290466308593750e+02
2.878334960937500000e+02
2.879514465332031250e+02
2.878406066894531250e+02
2.878340759277343750e+02
2.878635253906250000e+02
2.879732971191406250e+02
2.878340759277343750e+02
2.878558959960937500e+02
2.880845642089843750e+02
2.880038146972656250e+02
2.879961547851562500e+02
2.881662597656250000e+02
2.880108947753906250e+02
2.879077758789062500e+02
2.880180053710937500e+02
2.880845642089843750e+02
2.880180053710937500e+02
2.880697937011718750e+02
2.878635253906250000e+02
2.880403442382812500e+02
2.879219665527343750e+02
2.879219665527343750e+02
2.880332336425781250e+02
2.879814147949218750e+02
2.880921936035156250e+02
2.879077758789062500e+02
2.879885559082031250e+02
2.880332336425781250e+02
2.879077758789062500e+02
2.879443359375000000e+02
2.880479736328125000e+02
2.880621948242187500e+02
2.880774230957031250e+02
2.879737854003906250e+02
2.879814147949218750e+02
2.879809875488281250e+02
2.880317077636718750e+02
2.880322265625000000e+02
2.879809875488281250e+02
2.878854064941406250e+02
2.879372253417968750e+02
2.879956359863281250e+02
2.871922607421875000e+02
2.879585266113281250e+02
2.878924865722656250e+02
2.877898254394531250e+02
2.879148864746093750e+02
2.879661865234375000e+02
2.881282653808593750e+02
2.879514465332031250e+02
2.880327453613281250e+02
2.879661865234375000e+02
2.881805419921875000e+02
2.880774230957031250e+02
2.879219665527343750e+02
2.880185241699218750e+02
2.880180053710937500e+02
2.878411560058593750e+02
2.880108947753906250e+02
2.879885559082031250e+02
2.879219665527343750e+02
2.878930358886718750e+02
2.879143676757812500e+02
2.879296264648437500e+02
2.879448547363281250e+02
2.878706359863281250e+02
2.880108947753906250e+02
2.879296264648437500e+02
2.879667053222656250e+02
2.879961547851562500e+02
2.880256347656250000e+02
2.879224853515625000e+02
2.879814147949218750e+02
2.879443359375000000e+02
2.879595947265625000e+02
2.880256347656250000e+02
2.879672241210937500e+02
2.878635253906250000e+02
2.880032348632812500e+02
2.880332336425781250e+02
2.880469665527343750e+02
2.880479736328125000e+02
2.879885559082031250e+02
2.879590759277343750e+02
2.880992736816406250e+02
2.880032348632812500e+02
2.880697937011718750e+02
2.879148864746093750e+02
2.879885559082031250e+02
2.879224853515625000e+02
2.879224853515625000e+02
2.880840454101562500e+02
2.879961547851562500e+02
2.879590759277343750e+02
2.880769653320312500e+02
2.879885559082031250e+02
2.880332336425781250e+02
2.880185241699218750e+02
2.880997924804687500e+02
2.879296264648437500e+02
2.880251464843750000e+02
2.878635253906250000e+02
2.880261840820312500e+02
2.881221008300781250e+02
2.880114440917968750e+02
2.880479736328125000e+02
2.879590759277343750e+02
2.879814147949218750e+02
2.880108947753906250e+02
2.880774230957031250e+02
2.881734313964843750e+02
2.880479736328125000e+02
2.878930358886718750e+02
2.881510925292968750e+02
2.879006347656250000e+02
2.880180053710937500e+02
2.880256347656250000e+02
2.879590759277343750e+02
2.880256347656250000e+02
2.879961547851562500e+02
2.879590759277343750e+02
2.879743652343750000e+02
2.879966430664062500e+02
2.879814147949218750e+02
2.878711547851562500e+02
2.880921936035156250e+02
2.878417358398437500e+02
2.879082946777343750e+02
2.879590759277343750e+02
2.881734313964843750e+02
2.879667053222656250e+02
2.879890747070312500e+02
2.880180053710937500e+02
2.879743652343750000e+02
2.879595947265625000e+02
2.880038146972656250e+02
2.879814147949218750e+02
2.879011840820312500e+02
2.880332336425781250e+02
2.879890747070312500e+02
2.880555725097656250e+02
2.880921936035156250e+02
2.880703125000000000e+02
2.880479736328125000e+02
2.880632019042968750e+02
2.878717346191406250e+02
2.879154052734375000e+02
2.880185241699218750e+02
2.879667053222656250e+02
2.880261840820312500e+02
2.879301452636718750e+02
2.880703125000000000e+02
2.879890747070312500e+02
2.879448547363281250e+02
2.881734313964843750e+02
2.880185241699218750e+02
2.881292114257812500e+02
2.880185241699218750e+02
2.881073608398437500e+02
2.879819030761718750e+02
2.879890747070312500e+02
2.880403442382812500e+02
2.879372253417968750e+02
2.881140441894531250e+02
2.880850524902343750e+02
2.880408630371093750e+02
2.881073608398437500e+02
2.880332336425781250e+02
2.863153686523437500e+02
2.880774230957031250e+02
2.878635253906250000e+02
2.880921936035156250e+02
2.879519653320312500e+02
2.881216430664062500e+02
2.879448547363281250e+02
2.880845642089843750e+02
2.881363525390625000e+02
2.879519653320312500e+02
2.881734313964843750e+02
2.878711547851562500e+02
2.881510925292968750e+02
2.879890747070312500e+02
2.880997924804687500e+02
2.879372253417968750e+02
2.881145324707031250e+02
2.879377441406250000e+02
2.881145324707031250e+02
2.879301452636718750e+02
2.880921936035156250e+02
2.878488159179687500e+02
2.880261840820312500e+02
2.879230041503906250e+02
2.880703125000000000e+02
2.880774230957031250e+02
2.881729736328125000e+02
2.880185241699218750e+02
2.880850524902343750e+02
2.880108947753906250e+02
2.879514465332031250e+02
2.880774230957031250e+02
2.880032348632812500e+02
2.881069030761718750e+02
2.880475158691406250e+02
2.881140441894531250e+02
2.880032348632812500e+02
2.880921936035156250e+02
2.879443359375000000e+02
2.880627136230468750e+02
2.879814147949218750e+02
2.880627136230468750e+02
2.879814147949218750e+02
2.880627136230468750e+02
2.880038146972656250e+02
2.879814147949218750e+02
2.879743652343750000e+02
2.879590759277343750e+02
2.880550842285156250e+02
2.880180053710937500e+02
2.881069030761718750e+02
2.879961547851562500e+02
2.880332336425781250e+02
2.882242736816406250e+02
2.880256347656250000e+02
2.878558959960937500e+02
2.880327453613281250e+02
2.881506347656250000e+02
2.880921936035156250e+02
2.880992736816406250e+02
2.880703125000000000e+02
2.880038146972656250e+02
2.880632019042968750e+02
2.881216430664062500e+02
2.880779418945312500e+02
2.881734313964843750e+02
2.880560607910156250e+02
2.879011840820312500e+02
2.881149902343750000e+02
2.880261840820312500e+02
2.880114440917968750e+02
2.881069030761718750e+02
2.881363525390625000e+02
2.880703125000000000e+02
2.879230041503906250e+02
2.880779418945312500e+02
2.880697937011718750e+02
2.880408630371093750e+02
2.881287536621093750e+02
2.881069030761718750e+02
2.879814147949218750e+02
2.880185241699218750e+02
2.879890747070312500e+02
2.880926818847656250e+02
2.879819030761718750e+02
2.880632019042968750e+02
2.878422851562500000e+02
2.879895629882812500e+02
2.878941040039062500e+02
2.879230041503906250e+02
2.880337219238281250e+02
2.880114440917968750e+02
2.880779418945312500e+02
2.879890747070312500e+02
2.880114440917968750e+02
2.880185241699218750e+02
2.880632019042968750e+02
2.880332336425781250e+02
2.881368408203125000e+02
2.879154052734375000e+02
2.880850524902343750e+02
2.880337219238281250e+02
2.879890747070312500e+02
2.880779418945312500e+02
2.880555725097656250e+02
2.880703125000000000e+02
2.882024230957031250e+02
2.879301452636718750e+02
2.880774230957031250e+02
2.881729736328125000e+02
2.880632019042968750e+02
2.881734313964843750e+02
2.881515808105468750e+02
2.881510925292968750e+02
2.880997924804687500e+02
2.879448547363281250e+02
2.879448547363281250e+02
2.879448547363281250e+02
2.880114440917968750e+02
2.880992736816406250e+02
2.880484924316406250e+02
2.881363525390625000e+02
2.880850524902343750e+02
2.880038146972656250e+02
2.880921936035156250e+02
2.880332336425781250e+02
2.881216430664062500e+02
2.880185241699218750e+02
2.880555725097656250e+02
2.880921936035156250e+02
2.879737854003906250e+02
2.880921936035156250e+02
2.880621948242187500e+02
2.880697937011718750e+02
2.881506347656250000e+02
2.880774230957031250e+02
2.880997924804687500e+02
2.880484924316406250e+02
2.880261840820312500e+02
2.880856018066406250e+02
2.879748229980468750e+02
2.881439819335937500e+02
2.881002502441406250e+02
2.881145324707031250e+02
2.881885986328125000e+02
2.879011840820312500e+02
2.881809997558593750e+02
2.881729736328125000e+02
2.882907714843750000e+02
2.882541809082031250e+02
2.880632019042968750e+02
2.882394714355468750e+02
2.882104797363281250e+02
2.881221008300781250e+02
2.880261840820312500e+02
2.881145324707031250e+02
2.878493347167968750e+02
2.880997924804687500e+02
2.880921936035156250e+02
2.881292114257812500e+02
2.880185241699218750e+02
2.880627136230468750e+02
2.880627136230468750e+02
2.880921936035156250e+02
2.879667053222656250e+02
2.880697937011718750e+02
2.881510925292968750e+02
2.879595947265625000e+02
2.880997924804687500e+02
2.880403442382812500e+02
2.880261840820312500e+02
2.879595947265625000e+02
2.880703125000000000e+02
2.879224853515625000e+02
2.880921936035156250e+02
2.881358642578125000e+02
2.881729736328125000e+02
2.879072265625000000e+02
2.880697937011718750e+02
2.880987854003906250e+02
2.880697937011718750e+02
2.881206665039062500e+02
2.881064147949218750e+02
2.880693054199218750e+02
2.880621948242187500e+02
2.880398864746093750e+02
2.880697937011718750e+02
2.879514465332031250e+02
2.880180053710937500e+02
2.880912170410156250e+02
2.881064147949218750e+02
2.880774230957031250e+02
2.879743652343750000e+02
2.882693786621093750e+02
2.882171325683593750e+02
2.880703125000000000e+02
2.881287536621093750e+02
2.880997924804687500e+02
2.879966430664062500e+02
2.881221008300781250e+02
2.878788452148437500e+02
2.880555725097656250e+02
2.878935241699218750e+02
2.881145324707031250e+02
2.880697937011718750e+02
2.881145324707031250e+02
2.880545959472656250e+02
2.881140441894531250e+02
2.879443359375000000e+02
2.880774230957031250e+02
2.881140441894531250e+02
2.880479736328125000e+02
2.880921936035156250e+02
2.881582336425781250e+02
2.879148864746093750e+02
2.880921936035156250e+02
2.880332336425781250e+02
2.881430358886718750e+02
2.881658020019531250e+02
2.880327453613281250e+02
2.881582336425781250e+02
2.880621948242187500e+02
2.881292114257812500e+02
2.881947937011718750e+02
2.881729736328125000e+02
2.880987854003906250e+02
2.880992736816406250e+02
2.880917053222656250e+02
2.881510925292968750e+02
2.881211547851562500e+02
2.882024230957031250e+02
2.881363525390625000e+02
2.881140441894531250e+02
2.882024230957031250e+02
2.880475158691406250e+02
2.880032348632812500e+02
2.881135253906250000e+02
2.881952514648437500e+02
2.879809875488281250e+02
2.880992736816406250e+02
2.881648864746093750e+02
2.881653137207031250e+02
2.880322265625000000e+02
2.880627136230468750e+02
2.881064147949218750e+02
2.881363525390625000e+02
2.880992736816406250e+02
2.879737854003906250e+02
2.879000854492187500e+02
2.881363525390625000e+02
2.881211547851562500e+02
2.881140441894531250e+02
2.881206665039062500e+02
2.881140441894531250e+02
2.881724548339843750e+02
2.882024230957031250e+02
2.882532958984375000e+02
2.881582336425781250e+02
2.880103759765625000e+02
2.881069030761718750e+02
2.879667053222656250e+02
2.881658020019531250e+02
2.881805419921875000e+02
2.880697937011718750e+02
2.881140441894531250e+02
2.879437866210937500e+02
2.880697937011718750e+02
2.881354064941406250e+02
2.881069030761718750e+02
2.881648864746093750e+02
2.881287536621093750e+02
2.881648864746093750e+02
2.881135253906250000e+02
2.881572570800781250e+02
2.880769653320312500e+02
2.879732971191406250e+02
2.881358642578125000e+02
2.880322265625000000e+02
2.880840454101562500e+02
2.880246276855468750e+02
2.881282653808593750e+02
2.880540771484375000e+02
2.879956359863281250e+02
2.878340759277343750e+02
2.880185241699218750e+02
2.879590759277343750e+02
2.879667053222656250e+02
2.877975158691406250e+02
2.879667053222656250e+02
2.881947937011718750e+02
2.880703125000000000e+02
2.878635253906250000e+02
2.880332336425781250e+02
2.880108947753906250e+02
2.880479736328125000e+02
2.879154052734375000e+02
2.880261840820312500e+02
2.880550842285156250e+02
2.880479736328125000e+02
2.879590759277343750e+02
2.879072265625000000e+02
2.880098571777343750e+02
2.880693054199218750e+02
2.880550842285156250e+02
2.878558959960937500e+02
2.880545959472656250e+02
2.878706359863281250e+02
2.878482360839843750e+02
2.878558959960937500e+02
2.880845642089843750e+02
2.879590759277343750e+02
2.878854064941406250e+02
2.879443359375000000e+02
2.879148864746093750e+02
2.879367065429687500e+02
2.879814147949218750e+02
2.879219665527343750e+02
2.879885559082031250e+02
2.879590759277343750e+02
2.880174865722656250e+02
2.880769653320312500e+02
2.878630065917968750e+02
2.880256347656250000e+02
2.881881408691406250e+02
2.879006347656250000e+02
2.878788452148437500e+02
2.880185241699218750e+02
2.880108947753906250e+02
2.880769653320312500e+02
2.879224853515625000e+02
2.879956359863281250e+02
2.880185241699218750e+02
2.878854064941406250e+02
2.879296264648437500e+02
2.881439819335937500e+02
2.882019653320312500e+02
2.880475158691406250e+02
2.881434936523437500e+02
2.880103759765625000e+02
2.879819030761718750e+02
2.878641052246093750e+02
2.879525146484375000e+02
2.881073608398437500e+02
2.880332336425781250e+02
2.880997924804687500e+02
2.878275146484375000e+02
2.879082946777343750e+02
2.881515808105468750e+02
2.879748229980468750e+02
2.878859252929687500e+02
2.879525146484375000e+02
2.878641052246093750e+02
2.880408630371093750e+02
2.879077758789062500e+02
2.879890747070312500e+02
2.878193054199218750e+02
2.879082946777343750e+02
2.879743652343750000e+02
2.879885559082031250e+02
2.880769653320312500e+02
2.879961547851562500e+02
2.879377441406250000e+02
2.880845642089843750e+02
2.880997924804687500e+02
2.879961547851562500e+02
2.879595947265625000e+02
2.880550842285156250e+02
2.880921936035156250e+02
2.880621948242187500e+02
2.879961547851562500e+02
2.879667053222656250e+02
2.878935241699218750e+02
2.879296264648437500e+02
2.879367065429687500e+02
2.880103759765625000e+02
2.880479736328125000e+02
2.879077758789062500e+02
2.879006347656250000e+02
2.879224853515625000e+02
2.880550842285156250e+02
2.881368408203125000e+02
2.879372253417968750e+02
2.879148864746093750e+02
2.880479736328125000e+02
2.880108947753906250e+02
2.880332336425781250e+02
2.879077758789062500e+02
2.879890747070312500e+02
2.879814147949218750e+02
2.878488159179687500e+02
2.879514465332031250e+02
2.879372253417968750e+02
2.879595947265625000e+02
2.879672241210937500e+02
2.879077758789062500e+02
2.879519653320312500e+02
2.880912170410156250e+02
2.880403442382812500e+02
2.879296264648437500e+02
2.880256347656250000e+02
2.879367065429687500e+02
2.879885559082031250e+02
2.880032348632812500e+02
2.878854064941406250e+02
2.881434936523437500e+02
2.879737854003906250e+02
2.880840454101562500e+02
2.880327453613281250e+02
2.879448547363281250e+02
2.878930358886718750e+02
2.880769653320312500e+02
2.880627136230468750e+02
2.880479736328125000e+02
2.881510925292968750e+02
2.880185241699218750e+02
2.880108947753906250e+02
2.879443359375000000e+02
2.879000854492187500e+02
2.880621948242187500e+02
2.880103759765625000e+02
2.879737854003906250e+02
2.878777465820312500e+02
2.880180053710937500e+02
2.878558959960937500e+02
2.880256347656250000e+02
2.879514465332031250e+02
2.880769653320312500e+02
2.880185241699218750e+02
2.880627136230468750e+02
2.880621948242187500e+02
2.880921936035156250e+02
2.879595947265625000e+02
2.879667053222656250e+02
2.879372253417968750e+02
2.879814147949218750e+02
2.879885559082031250e+02
2.880917053222656250e+02
2.879514465332031250e+02
2.880032348632812500e+02
2.879219665527343750e+02
2.880108947753906250e+02
2.879661865234375000e+02
2.879667053222656250e+02
2.880550842285156250e+02
2.879667053222656250e+02
2.879814147949218750e+02
2.880185241699218750e+02
2.880332336425781250e+02
2.881145324707031250e+02
2.879590759277343750e+02
2.880550842285156250e+02
2.879154052734375000e+02
2.880475158691406250e+02
2.879737854003906250e+02
2.880693054199218750e+02
2.879809875488281250e+02
2.878777465820312500e+02
2.879885559082031250e+02
2.879590759277343750e+02
2.881287536621093750e+02
2.878706359863281250e+02
2.879519653320312500e+02
2.880479736328125000e+02
2.879961547851562500e+02
2.881434936523437500e+02
2.879590759277343750e+02
2.879443359375000000e+02
2.878930358886718750e+02
2.878854064941406250e+02
2.879367065429687500e+02
2.878930358886718750e+02
2.880327453613281250e+02
2.880921936035156250e+02
2.881221008300781250e+02
2.881658020019531250e+02
2.880917053222656250e+02
2.881064147949218750e+02
2.879885559082031250e+02
2.880621948242187500e+02
2.879224853515625000e+02
2.881363525390625000e+02
2.880703125000000000e+02
2.881216430664062500e+02
2.881216430664062500e+02
2.880332336425781250e+02
2.880774230957031250e+02
2.881216430664062500e+02
2.880475158691406250e+02
2.880845642089843750e+02
2.881363525390625000e+02
2.879006347656250000e+02
2.881368408203125000e+02
2.880926818847656250e+02
2.880850524902343750e+02
2.880997924804687500e+02
2.880850524902343750e+02
2.881292114257812500e+02
2.880261840820312500e+02
2.880703125000000000e+02
2.880261840820312500e+02
2.880850524902343750e+02
2.880484924316406250e+02
2.881145324707031250e+02
2.881297302246093750e+02
2.879971923828125000e+02
2.880271606445312500e+02
2.880114440917968750e+02
2.879966430664062500e+02
2.881439819335937500e+02
2.881297302246093750e+02
2.880779418945312500e+02
2.881591796875000000e+02
2.880708312988281250e+02
2.880560607910156250e+02
2.881149902343750000e+02
2.880926818847656250e+02
2.880632019042968750e+02
2.881368408203125000e+02
2.881221008300781250e+02
2.881073608398437500e+02
2.881073608398437500e+02
2.880779418945312500e+02
2.880703125000000000e+02
2.880627136230468750e+02
2.880627136230468750e+02
2.880627136230468750e+02
2.879814147949218750e+02
2.881216430664062500e+02
2.879443359375000000e+02
2.880479736328125000e+02
2.881287536621093750e+02
2.881358642578125000e+02
2.881510925292968750e+02
2.881292114257812500e+02
2.880114440917968750e+02
2.880921936035156250e+02
2.880774230957031250e+02
2.881064147949218750e+02
2.881216430664062500e+02
2.880693054199218750e+02
2.879961547851562500e+02
2.880917053222656250e+02
2.880845642089843750e+02
2.881069030761718750e+02
2.880850524902343750e+02
2.881368408203125000e+02
2.880992736816406250e+02
2.880997924804687500e+02
2.881363525390625000e+02
2.880774230957031250e+02
2.881734313964843750e+02
2.882180786132812500e+02
2.881439819335937500e+02
2.881809997558593750e+02
2.881292114257812500e+02
2.881515808105468750e+02
2.881885986328125000e+02
2.881368408203125000e+02
2.881809997558593750e+02
2.881586914062500000e+02
2.882104797363281250e+02
2.882546386718750000e+02
2.882698059082031250e+02
2.882028503417968750e+02
2.881064147949218750e+02
2.881140441894531250e+02
2.881734313964843750e+02
2.880769653320312500e+02
2.881506347656250000e+02
2.881876831054687500e+02
2.880774230957031250e+02
2.882024230957031250e+02
2.880103759765625000e+02
2.881648864746093750e+02
2.881506347656250000e+02
2.881501464843750000e+02
2.881947937011718750e+02
2.881211547851562500e+02
2.881653137207031250e+02
2.882090759277343750e+02
2.881947937011718750e+02
2.880987854003906250e+02
2.881064147949218750e+02
2.881277770996093750e+02
2.881653137207031250e+02
2.881582336425781250e+02
2.881947937011718750e+02
2.881943359375000000e+02
2.881876831054687500e+02
2.881800842285156250e+02
2.881876831054687500e+02
2.881653137207031250e+02
2.882394714355468750e+02
2.881287536621093750e+02
2.881216430664062500e+02
2.882546386718750000e+02
2.882398986816406250e+02
2.881809997558593750e+02
2.882028503417968750e+02
2.881809997558593750e+02
2.882028503417968750e+02
2.882840576171875000e+02
2.881734313964843750e+02
2.882470397949218750e+02
2.882470397949218750e+02
2.881809997558593750e+02
2.881734313964843750e+02
2.882617797851562500e+02
2.881658020019531250e+02
2.881734313964843750e+02
2.882470397949218750e+02
2.882470397949218750e+02
2.882617797851562500e+02
2.882394714355468750e+02
2.880921936035156250e+02
2.880327453613281250e+02
2.879154052734375000e+02
2.879672241210937500e+02
2.878711547851562500e+02
2.880997924804687500e+02
2.881885986328125000e+02
2.881809997558593750e+02
2.881734313964843750e+02
2.881439819335937500e+02
2.881216430664062500e+02
2.879377441406250000e+02
2.880997924804687500e+02
2.881510925292968750e+02
2.880850524902343750e+02
2.880997924804687500e+02
2.881221008300781250e+02
2.880774230957031250e+02
2.880261840820312500e+02
2.879601440429687500e+02
2.881221008300781250e+02
2.881149902343750000e+02
2.880779418945312500e+02
2.881662597656250000e+02
2.880850524902343750e+02
2.880921936035156250e+02
2.880261840820312500e+02
2.880997924804687500e+02
2.881069030761718750e+02
2.880627136230468750e+02
2.880550842285156250e+02
2.880332336425781250e+02
2.880627136230468750e+02
2.879077758789062500e+02
2.880261840820312500e+02
2.880408630371093750e+02
2.880708312988281250e+02
2.879011840820312500e+02
2.879595947265625000e+02
2.880185241699218750e+02
2.878859252929687500e+02
2.880185241699218750e+02
2.879748229980468750e+02
2.879525146484375000e+02
2.880997924804687500e+02
2.880403442382812500e+02
2.880261840820312500e+02
2.880108947753906250e+02
2.881149902343750000e+02
2.877980651855468750e+02
2.878569946289062500e+02
2.880185241699218750e+02
2.879159240722656250e+02
2.878711547851562500e+02
2.879448547363281250e+02
2.879006347656250000e+02
2.878569946289062500e+02
2.879159240722656250e+02
2.878345947265625000e+02
2.878122253417968750e+02
2.879448547363281250e+02
2.879448547363281250e+02
2.879672241210937500e+02
2.878635253906250000e+02
2.880114440917968750e+02
2.879448547363281250e+02
2.880043334960937500e+02
2.880479736328125000e+02
2.880108947753906250e+02
2.880627136230468750e+02
2.880185241699218750e+02
2.880261840820312500e+02
2.878711547851562500e+02
2.880185241699218750e+02
2.878635253906250000e+02
2.880108947753906250e+02
2.878782653808593750e+02
2.879000854492187500e+02
2.879448547363281250e+02
2.878558959960937500e+02
2.880261840820312500e+02
2.878859252929687500e+02
2.880332336425781250e+02
2.879961547851562500e+02
2.881734313964843750e+02
2.878488159179687500e+02
2.880185241699218750e+02
2.879814147949218750e+02
2.881145324707031250e+02
2.879819030761718750e+02
2.878204345703125000e+02
2.872077636718750000e+02
2.880185241699218750e+02
2.880038146972656250e+02
2.880038146972656250e+02
2.878711547851562500e+02
2.880632019042968750e+02
2.879230041503906250e+02
2.878788452148437500e+02
2.879743652343750000e+02
2.879159240722656250e+02
2.879743652343750000e+02
2.880261840820312500e+02
2.879595947265625000e+02
2.880190124511718750e+02
2.879011840820312500e+02
2.879819030761718750e+02
2.880627136230468750e+02
2.879372253417968750e+02
2.879301452636718750e+02
2.879448547363281250e+02
2.880479736328125000e+02
2.880555725097656250e+02
2.878711547851562500e+02
2.880261840820312500e+02
2.880256347656250000e+02
2.881216430664062500e+02
2.879890747070312500e+02
2.879595947265625000e+02
2.880850524902343750e+02
2.880845642089843750e+02
2.881515808105468750e+02
2.879453735351562500e+02
2.880560607910156250e+02
2.879672241210937500e+02
2.880337219238281250e+02
2.880185241699218750e+02
2.880332336425781250e+02
2.878935241699218750e+02
2.880043334960937500e+02
2.878859252929687500e+02
2.879672241210937500e+02
2.879006347656250000e+02
2.879890747070312500e+02
2.881586914062500000e+02
2.878711547851562500e+02
2.880632019042968750e+02
2.878788452148437500e+02
2.881073608398437500e+02
2.879743652343750000e+02
2.880850524902343750e+02
2.879448547363281250e+02
2.881221008300781250e+02
2.880038146972656250e+02
2.881734313964843750e+02
2.879448547363281250e+02
2.879154052734375000e+02
2.881586914062500000e+02
2.879672241210937500e+02
2.881439819335937500e+02
2.879082946777343750e+02
2.881363525390625000e+02
2.878711547851562500e+02
2.879814147949218750e+02
2.882764892578125000e+02
2.879154052734375000e+02
2.880703125000000000e+02
2.880850524902343750e+02
2.880627136230468750e+02
2.879000854492187500e+02
2.880921936035156250e+02
2.879885559082031250e+02
2.881582336425781250e+02
2.879372253417968750e+02
2.881586914062500000e+02
2.879006347656250000e+02
2.881809997558593750e+02
2.879966430664062500e+02
2.880997924804687500e+02
2.880703125000000000e+02
2.881515808105468750e+02
2.879885559082031250e+02
2.880185241699218750e+02
2.880256347656250000e+02
2.881216430664062500e+02
2.878935241699218750e+02
2.880926818847656250e+02
2.878864746093750000e+02
2.881885986328125000e+02
2.880484924316406250e+02
2.880627136230468750e+02
2.881292114257812500e+02
2.881734313964843750e+02
2.880408630371093750e+02
2.881734313964843750e+02
2.881957702636718750e+02
2.878935241699218750e+02
2.880190124511718750e+02
2.881439819335937500e+02
2.880850524902343750e+02
2.880555725097656250e+02
2.879595947265625000e+02
2.881662597656250000e+02
2.881662597656250000e+02
2.879377441406250000e+02
2.881368408203125000e+02
2.878198852539062500e+02
2.880703125000000000e+02
2.878788452148437500e+02
2.880555725097656250e+02
2.880555725097656250e+02
2.878493347167968750e+02
2.881738891601562500e+02
2.879159240722656250e+02
2.880708312988281250e+02
2.879677124023437500e+02
2.879819030761718750e+02
2.882252197265625000e+02
2.879230041503906250e+02
2.881149902343750000e+02
2.878275146484375000e+02
2.880560607910156250e+02
2.878717346191406250e+02
2.880190124511718750e+02
2.878935241699218750e+02
2.881515808105468750e+02
2.879525146484375000e+02
2.880484924316406250e+02
2.879377441406250000e+02
2.881368408203125000e+02
2.879525146484375000e+02
2.879672241210937500e+02
2.879448547363281250e+02
2.879819030761718750e+02
2.879448547363281250e+02
2.881515808105468750e+02
2.880479736328125000e+02
2.880997924804687500e+02
2.879890747070312500e+02
2.882769470214843750e+02
2.879159240722656250e+02
2.881738891601562500e+02
2.880267028808593750e+02
2.879677124023437500e+02
2.879753723144531250e+02
2.880119018554687500e+02
2.880413818359375000e+02
2.880708312988281250e+02
2.881815185546875000e+02
2.881079101562500000e+02
2.879530334472656250e+02
2.882180786132812500e+02
2.879895629882812500e+02
2.881079101562500000e+02
2.878788452148437500e+02
2.880413818359375000e+02
2.879011840820312500e+02
2.881444396972656250e+02
2.879601440429687500e+02
2.880856018066406250e+02
2.878646545410156250e+02
2.879306640625000000e+02
2.880337219238281250e+02
2.879159240722656250e+02
2.881809997558593750e+02
2.880484924316406250e+02
2.878717346191406250e+02
2.880560607910156250e+02
2.880703125000000000e+02
2.880337219238281250e+02
2.880119018554687500e+02
2.879890747070312500e+02
2.878717346191406250e+02
2.879011840820312500e+02
2.880997924804687500e+02
2.881002502441406250e+02
2.879448547363281250e+02
2.880779418945312500e+02
2.879306640625000000e+02
2.881221008300781250e+02
2.880114440917968750e+02
2.880408630371093750e+02
2.881292114257812500e+02
2.881510925292968750e+02
2.881439819335937500e+02
2.878493347167968750e+02
2.880484924316406250e+02
2.880632019042968750e+02
2.880632019042968750e+02
2.880779418945312500e+02
2.881368408203125000e+02
2.880261840820312500e+02
2.881368408203125000e+02
2.880632019042968750e+02
2.881368408203125000e+02
2.881149902343750000e+02
2.878646545410156250e+02
2.881079101562500000e+02
2.880413818359375000e+02
2.880484924316406250e+02
2.880708312988281250e+02
2.880484924316406250e+02
2.881002502441406250e+02
2.880267028808593750e+02
2.881885986328125000e+02
2.880856018066406250e+02
2.881149902343750000e+02
2.881372985839843750e+02
2.879895629882812500e+02
2.880043334960937500e+02
2.881520385742187500e+02
2.879382934570312500e+02
2.881444396972656250e+02
2.879677124023437500e+02
2.880560607910156250e+02
2.880337219238281250e+02
2.880856018066406250e+02
2.879895629882812500e+02
2.880779418945312500e+02
2.881292114257812500e+02
2.880784301757812500e+02
2.881368408203125000e+02
2.881226501464843750e+02
2.879677124023437500e+02
2.881002502441406250e+02
2.881368408203125000e+02
2.881002502441406250e+02
2.881815185546875000e+02
2.880856018066406250e+02
2.881226501464843750e+02
2.879971923828125000e+02
2.880784301757812500e+02
2.879971923828125000e+02
2.880784301757812500e+02
2.878717346191406250e+02
2.881002502441406250e+02
2.880261840820312500e+02
2.881368408203125000e+02
2.881520385742187500e+02
2.881002502441406250e+02
2.880850524902343750e+02
2.881221008300781250e+02
2.881145324707031250e+02
2.880632019042968750e+02
2.879453735351562500e+02
2.880038146972656250e+02
2.879525146484375000e+02
2.880267028808593750e+02
2.878641052246093750e+02
2.880479736328125000e+02
2.880850524902343750e+02
2.881292114257812500e+02
2.879377441406250000e+02
2.879667053222656250e+02
2.880774230957031250e+02
2.881363525390625000e+02
2.880845642089843750e+02
2.881145324707031250e+02
2.880774230957031250e+02
2.881662597656250000e+02
2.881216430664062500e+02
2.881069030761718750e+02
2.881434936523437500e+02
2.881881408691406250e+02
2.881368408203125000e+02
2.881368408203125000e+02
2.880850524902343750e+02
2.880479736328125000e+02
2.880703125000000000e+02
2.880256347656250000e+02
2.880850524902343750e+02
2.880703125000000000e+02
2.881073608398437500e+02
2.878711547851562500e+02
2.881734313964843750e+02
2.880703125000000000e+02
2.880108947753906250e+02
2.881586914062500000e+02
2.879448547363281250e+02
2.880108947753906250e+02
2.879154052734375000e+02
2.880997924804687500e+02
2.881292114257812500e+02
2.880256347656250000e+02
2.881734313964843750e+02
2.881221008300781250e+02
2.880555725097656250e+02
2.881591796875000000e+02
2.881221008300781250e+02
2.881444396972656250e+02
2.880632019042968750e+02
2.881297302246093750e+02
2.880997924804687500e+02
2.881515808105468750e+02
2.881515808105468750e+02
2.879230041503906250e+02
2.880992736816406250e+02
2.881805419921875000e+02
2.880921936035156250e+02
2.881292114257812500e+02
2.881292114257812500e+02
2.880550842285156250e+02
2.881439819335937500e+02
2.881216430664062500e+02
2.881515808105468750e+02
2.880332336425781250e+02
2.881957702636718750e+02
2.880845642089843750e+02
2.881881408691406250e+02
2.880992736816406250e+02
2.881363525390625000e+02
2.881943359375000000e+02
2.881506347656250000e+02
2.881206665039062500e+02
2.881287536621093750e+02
2.881058959960937500e+02
2.881734313964843750e+02
2.881282653808593750e+02
2.881876831054687500e+02
2.880697937011718750e+02
2.881064147949218750e+02
2.881287536621093750e+02
2.880912170410156250e+02
2.881876831054687500e+02
2.881140441894531250e+02
2.881658020019531250e+02
2.881363525390625000e+02
2.881662597656250000e+02
2.880479736328125000e+02
2.881510925292968750e+02
2.880256347656250000e+02
2.881805419921875000e+02
2.881653137207031250e+02
2.881434936523437500e+02
2.880987854003906250e+02
2.881653137207031250e+02
2.880987854003906250e+02
2.882095336914062500e+02
2.881653137207031250e+02
2.882028503417968750e+02
2.881064147949218750e+02
2.881510925292968750e+02
2.882470397949218750e+02
2.880032348632812500e+02
2.882247009277343750e+02
2.880845642089843750e+02
2.880403442382812500e+02
2.880627136230468750e+02
2.881287536621093750e+02
2.882175903320312500e+02
2.879814147949218750e+02
2.881582336425781250e+02
2.880108947753906250e+02
2.881510925292968750e+02
2.881734313964843750e+02
2.881952514648437500e+02
2.880845642089843750e+02
2.881658020019531250e+02
2.881506347656250000e+02
2.881734313964843750e+02
2.880688476562500000e+02
2.881211547851562500e+02
2.880764465332031250e+02
2.881506347656250000e+02
2.881501464843750000e+02
2.880845642089843750e+02
2.881648864746093750e+02
2.882318420410156250e+02
2.880840454101562500e+02
2.881287536621093750e+02
2.881430358886718750e+02
2.881724548339843750e+02
2.882171325683593750e+02
2.880398864746093750e+02
2.882978820800781250e+02
2.881058959960937500e+02
2.881430358886718750e+02
2.882394714355468750e+02
2.880697937011718750e+02
2.879585266113281250e+02
2.880327453613281250e+02
2.881577453613281250e+02
2.880987854003906250e+02
2.880764465332031250e+02
2.880992736816406250e+02
2.880545959472656250e+02
2.880550842285156250e+02
2.880840454101562500e+02
2.881358642578125000e+02
2.880912170410156250e+02
2.879956359863281250e+02
2.881130676269531250e+02
2.881358642578125000e+02
2.881058959960937500e+02
2.881211547851562500e+02
2.881506347656250000e+02
2.881729736328125000e+02
2.881867370605468750e+02
2.881211547851562500e+02
2.881206665039062500e+02
2.882095336914062500e+02
2.881577453613281250e+02
2.881876831054687500e+02
2.881871643066406250e+02
2.881216430664062500e+02
2.880921936035156250e+02
2.882095336914062500e+02
2.881658020019531250e+02
2.881211547851562500e+02
2.881729736328125000e+02
2.882175903320312500e+02
2.881145324707031250e+02
2.881069030761718750e+02
2.881729736328125000e+02
2.881724548339843750e+02
2.881952514648437500e+02
2.881881408691406250e+02
2.880779418945312500e+02
2.882252197265625000e+02
2.879819030761718750e+02
2.879377441406250000e+02
2.877680053710937500e+02
2.879159240722656250e+02
2.881073608398437500e+02
2.880332336425781250e+02
2.881667480468750000e+02
2.880850524902343750e+02
2.880256347656250000e+02
2.880703125000000000e+02
2.880108947753906250e+02
2.881216430664062500e+02
2.879661865234375000e+02
2.880256347656250000e+02
2.881064147949218750e+02
2.879077758789062500e+02
2.878411560058593750e+02
2.880555725097656250e+02
2.880550842285156250e+02
2.878711547851562500e+02
2.878864746093750000e+02
2.880267028808593750e+02
2.879525146484375000e+02
2.880261840820312500e+02
2.879006347656250000e+02
2.880555725097656250e+02
2.879595947265625000e+02
2.880997924804687500e+02
2.880185241699218750e+02
2.881145324707031250e+02
2.880185241699218750e+02
2.879961547851562500e+02
2.880845642089843750e+02
2.880475158691406250e+02
2.879448547363281250e+02
2.880032348632812500e+02
2.880697937011718750e+02
2.878711547851562500e+02
2.879372253417968750e+02
2.881358642578125000e+02
2.879672241210937500e+02
2.879672241210937500e+02
2.881140441894531250e+02
2.879672241210937500e+02
2.878635253906250000e+02
2.881658020019531250e+02
2.879667053222656250e+02
2.878859252929687500e+02
2.879077758789062500e+02
2.880185241699218750e+02
2.879372253417968750e+02
2.879590759277343750e+02
2.878711547851562500e+02
2.879601440429687500e+02
2.880627136230468750e+02
2.878930358886718750e+02
2.878859252929687500e+02
2.878711547851562500e+02
2.880043334960937500e+02
2.879154052734375000e+02
2.878935241699218750e+02
2.879448547363281250e+02
2.879672241210937500e+02
2.880560607910156250e+02
2.881069030761718750e+02
2.879372253417968750e+02
2.880992736816406250e+02
2.880256347656250000e+02
2.881140441894531250e+02
2.880697937011718750e+02
2.880327453613281250e+02
2.881287536621093750e+02
2.880103759765625000e+02
2.881434936523437500e+02
2.881510925292968750e+02
2.878340759277343750e+02
2.880845642089843750e+02
2.879961547851562500e+02
2.880108947753906250e+02
2.880621948242187500e+02
2.881287536621093750e+02
2.880032348632812500e+02
2.880479736328125000e+02
2.880038146972656250e+02
2.877821655273437500e+02
2.879230041503906250e+02
2.880108947753906250e+02
2.879082946777343750e+02
2.880108947753906250e+02
2.880850524902343750e+02
2.878935241699218750e+02
2.879306640625000000e+02
2.879230041503906250e+02
2.879159240722656250e+02
2.880850524902343750e+02
2.879595947265625000e+02
2.879082946777343750e+02
2.879301452636718750e+02
2.880484924316406250e+02
2.880332336425781250e+02
2.880038146972656250e+02
2.880921936035156250e+02
2.881064147949218750e+02
2.880332336425781250e+02
2.880108947753906250e+02
2.881658020019531250e+02
2.879667053222656250e+02
2.880774230957031250e+02
2.879667053222656250e+02
2.880332336425781250e+02
2.878854064941406250e+02
2.882024230957031250e+02
2.879661865234375000e+02
2.881510925292968750e+02
2.880180053710937500e+02
2.882318420410156250e+02
2.879443359375000000e+02
2.878930358886718750e+02
2.879448547363281250e+02
2.880926818847656250e+02
2.879011840820312500e+02
2.880043334960937500e+02
2.879448547363281250e+02
2.881658020019531250e+02
2.878635253906250000e+02
2.881881408691406250e+02
2.880550842285156250e+02
2.880997924804687500e+02
2.879590759277343750e+02
2.880114440917968750e+02
2.878930358886718750e+02
2.881805419921875000e+02
2.881292114257812500e+02
2.880332336425781250e+02
2.880108947753906250e+02
2.880038146972656250e+02
2.880479736328125000e+02
2.879006347656250000e+02
2.880850524902343750e+02
2.879525146484375000e+02
2.882835998535156250e+02
2.881287536621093750e+02
2.880038146972656250e+02
2.879525146484375000e+02
2.878422851562500000e+02
2.881658020019531250e+02
2.880703125000000000e+02
2.882323303222656250e+02
2.879159240722656250e+02
2.882470397949218750e+02
2.882764892578125000e+02
2.882171325683593750e+02
2.881434936523437500e+02
2.881287536621093750e+02
2.881287536621093750e+02
2.881434936523437500e+02
2.881805419921875000e+02
2.881952514648437500e+02
2.879890747070312500e+02
2.880774230957031250e+02
2.881216430664062500e+02
2.880926818847656250e+02
2.880850524902343750e+02
2.881145324707031250e+02
2.882470397949218750e+02
2.882398986816406250e+02
2.882693786621093750e+02
2.882470397949218750e+02
2.881734313964843750e+02
2.881368408203125000e+02
2.882693786621093750e+02
2.880337219238281250e+02
2.882175903320312500e+02
2.881510925292968750e+02
2.880921936035156250e+02
2.882024230957031250e+02
2.881140441894531250e+02
2.881216430664062500e+02
2.881734313964843750e+02
2.882099609375000000e+02
2.881363525390625000e+02
2.882247009277343750e+02
2.881439819335937500e+02
2.881368408203125000e+02
2.880774230957031250e+02
2.881658020019531250e+02
2.881952514648437500e+02
2.881658020019531250e+02
2.881876831054687500e+02
2.882104797363281250e+02
2.881368408203125000e+02
2.880926818847656250e+02
2.880555725097656250e+02
2.881216430664062500e+02
2.881069030761718750e+02
2.880926818847656250e+02
2.880632019042968750e+02
2.881515808105468750e+02
2.881809997558593750e+02
2.881734313964843750e+02
2.880632019042968750e+02
2.881149902343750000e+02
2.880043334960937500e+02
2.881073608398437500e+02
2.880926818847656250e+02
2.880926818847656250e+02
2.881149902343750000e+02
2.881002502441406250e+02
2.881444396972656250e+02
2.881591796875000000e+02
2.881079101562500000e+02
2.880636901855468750e+02
2.881149902343750000e+02
2.880779418945312500e+02
2.881957702636718750e+02
2.881372985839843750e+02
2.880931396484375000e+02
2.879971923828125000e+02
2.880926818847656250e+02
2.880779418945312500e+02
2.882104797363281250e+02
2.880997924804687500e+02
2.881073608398437500e+02
2.881738891601562500e+02
2.881444396972656250e+02
2.881591796875000000e+02
2.880926818847656250e+02
2.881221008300781250e+02
2.881149902343750000e+02
2.881444396972656250e+02
2.881738891601562500e+02
2.881079101562500000e+02
2.881515808105468750e+02
2.880632019042968750e+02
2.881221008300781250e+02
2.881368408203125000e+02
2.881368408203125000e+02
2.881444396972656250e+02
2.881591796875000000e+02
2.880856018066406250e+02
2.881297302246093750e+02
2.880926818847656250e+02
2.881368408203125000e+02
2.881073608398437500e+02
2.882028503417968750e+02
2.881515808105468750e+02
2.881662597656250000e+02
2.881292114257812500e+02
2.880997924804687500e+02
2.881145324707031250e+02
2.881439819335937500e+02
2.881439819335937500e+02
2.881140441894531250e+02
2.881582336425781250e+02
2.881140441894531250e+02
2.881363525390625000e+02
