289.1282
288.7161
289.3894
289.3941
289.8093
291.0033
289.9904
288.4977
287.6591
287.8239
289.0228
288.5654
290.1937
287.6689
288.9578
289.0458
287.9986
287.6502
289.0272
290.3889
291.6899
289.9484
289.5255
290.0475
288.8983
289.5399
290.1425
290.713
289.8865
288.912
289.8875
290.7796
289.899
289.5981
288.9703
291.067
289.8919
293.895
288.1064
289.6824
289.6673
277.905
290.6873
289.4071
290.286
290.4576
290.5182
289.0092
288.4659
288.5431
289.7303
291.574
290.8627
290.576
290.4791
289.7687
290.7086
272.4173
291.5667
290.3132
290.1732
290.4884
290.3592
289.667
290.7452
291.3751
292.5146
290.7632
291.5139
289.8238
291.0721
291.8745
291.5536
290.2384
289.0164
288.6147
289.3059
289.4448
290.3416
290.1804
289.4157
290.3776
290.3905
290.7374
290.7756
290.3504
291.3737
289.5154
290.1417
288.2324
289.0949
289.6228
287.4163
285.4341
287.7573
285.8116
289.0864
288.9127
289.0972
288.6318
286.5253
286.2809
285.3225
288.2716
285.7359
286.6969
287.5592
287.4588
287.2951
289.3226
291.599
290.9109
290.6304
290.37
290.8253
289.6363
288.9221
290.1944
290.0287
289.5516
290.3436
290.987
290.7281
287.9713
286.3057
285.7699
288.5799
284.6301
286.0296
285.6036
286.7235
286.2377
287.7747
287.3438
287.0719
287.4232
288.7776
287.9751
288.8104
289.6786
289.9954
290.1407
289.7043
289.8305
288.2574
287.7602
287.5677
286.4202
286.5643
288.5429
289.1423
286.8385
286.948
287.5997
288.9279
288.5456
290.0417
291.537
290.2817
290.7784
290.1086
287.2835
288.6776
288.4113
288.6333
288.6848
286.8816
286.83
289.1295
287.6839
284.9707
289.0061
290.1579
286.0403
287.188
288.4231
289.938
290.1015
289.3641
290.9263
287.4731
289.4627
286.0964
287.8827
285.1664
290.0269
290.3275
285.4924
286.882
286.8816
287.0535
288.9446
287.4387
286.8729
286.6626
288.6936
287.3696
288.0454
287.437
287.2593
286.4572
287.2107
287.4334
286.1372
287.9867
287.9917
288.0608
287.9689
288.1934
288.7678
287.3344
285.6928
286.2632
287.8582
286.7212
288.1307
287.8477
288.1748
288.3156
287.9068
288.2387
287.8275
286.1711
289.1925
288.8639
288.0582
288.0199
287.3755
286.8655
287.3999
285.5051
286.6871
287.5345
289.4454
288.5105
288.8637
290.2146
287.7908
287.4845
286.7315
289.8391
288.8849
288.4937
286.5963
288.3857
289.2837
284.9806
287.2999
286.5349
288.8
287.3231
288.5285
289.7031
289.1164
289.0613
289.4206
289.8609
290.1977
292.1543
290.9384
289.902
287.5608
290.1036
291.3802
290.6842
291.5988
291.0229
290.7945
290.8792
290.594
290.4634
290.2928
289.8667
288.8197
288.126
289.2684
287.7147
287.7234
288.0229
289.4083
289.2134
287.9311
289.5118
289.5378
289.7853
287.6412
288.8071
290.5477
290.1231
287.785
289.3693
289.397
290.535
289.5805
291.6076
290.0952
290.2155
289.3143
289.6031
288.6562
288.9597
288.1646
287.1012
290.7956
289.762
289.848
290.029
290.6764
290.491
291.5563
288.961
288.5616
290.8674
291.3679
291.3399
289.5775
290.1521
290.414
290.383
290.0145
289.7569
289.7187
289.6555
292.2309
290.1934
289.3921
290.6797
290.496
290.5892
290.7302
290.8479
288.3082
289.1057
289.9259
290.1286
289.4055
289.9139
290.8127
291.4307
290.8584
288.0512
290.0618
290.8487
288.4461
288.26
290.8699
289.3625
290.2367
290.0168
290.688
290.2095
290.8519
290.3037
290.3707
291.9154
291.7664
287.8142
290.6447
290.4995
290.7698
290.8472
290.6107
290.8058
290.1322
289.2827
291.0009
289.1372
290.3451
290.5746
291.8092
290.1307
290.6376
290.2237
290.2434
291.1745
291.0289
290.1104
290.6745
291.339
291.4257
290.3066
291.3333
290.7932
290.5429
290.2088
289.5898
290.7806
290.4039
290.1669
291.3601
289.358
290.8016
289.0619
288.4306
288.2378
289.9791
290.5105
289.9901
289.8503
291.4442
290.2187
290.5334
291.4802
290.2669
290.3794
290.1131
290.9032
289.8463
290.1683
289.7449
287.8511
288.0489
288.0729
288.0035
287.847
288.7132
290.1065
290.8578
290.2568
289.4094
290.3802
290.5136
289.6782
289.983
290.2889
289.5208
291.0266
289.9701
288.1543
289.9867
289.2849
288.6158
288.0239
288.0301
288.2777
289.0987
290.2289
289.3204
290.1468
289.8413
290.3067
289.1506
288.8303
289.7785
289.5288
288.9742
287.1668
288.8883
288.5974
285.519
286.1563
288.2631
285.9804
285.0544
284.8641
287.1259
287.8868
288.6453
288.3556
287.3163
286.623
286.2769
285.2699
285.9243
286.5571
287.942
288.2218
288.5779
287.923
288.5429
288.7128
290.3802
289.4123
290.4818
289.549
291.1293
289.8421
289.5065
287.7956
289.6307
290.3478
289.4611
288.2899
287.0756
287.6816
284.6501
285.6269
284.8951
286.9439
288.1223
287.5765
287.9236
289.7797
286.721
288.6002
288.2809
288.7571
289.5244
290.9094
288.5959
287.2036
286.8149
287.2473
286.4927
286.486
287.0025
286.8941
285.9464
288.5653
284.816
288.3649
288.9944
289.395
288.7275
287.4682
287.0816
286.8706
287.2909
286.2357
288.5868
287.1968
290.1611
291.3251
292.3727
291.3594
289.6707
290.7286
286.7896
289.493
289.5884
288.7038
288.4641
287.0384
286.8
287.1641
288.9966
287.1391
287.2284
286.157
286.977
285.3918
287.8165
288.9099
289.8207
288.145
287.8442
286.8788
288.1198
285.9554
286.4319
287.9403
286.6099
289.4046
288.8522
290.9078
289.4176
289.5031
288.6959
289.7216
289.1332
287.3372
290.528
290.7449
286.2751
285.9246
287.0477
288.0345
288.9998
291.5759
288.9027
286.7746
288.474
289.7518
287.9258
287.6701
287.5903
289.8525
289.7383
289.123
288.078
287.2701
290.1156
289.6038
287.8085
288.6846
288.5023
290.1614
290.8972
287.2121
288.6982
287.0816
288.462
289.2085
290.3088
290.8694
289.9693
289.3965
288.4915
288.1159
289.2698
290.0026
287.9847
289.1337
289.0406
287.6363
288.1629
287.9208
288.2115
289.3402
288.9368
287.1832
286.8573
288.169
288.2711
288.6074
288.8882
290.2725
287.3892
286.0993
286.9062
290.2415
293.0089
289.7133
290.2107
290.0776
287.8379
286.8422
289.1867
289.7151
290.3774
288.2658
290.0469
289.5834
289.7449
290.4156
289.3442
290.0064
290.7292
289.8871
289.6117
290.3489
290.0357
287.7837
288.1501
289.5187
290.5802
288.7916
288.5614
288.6866
289.1778
290.5605
291.0744
289.9731
290.5415
290.5819
289.6317
289.3554
290.642
291.0138
290.7695
291.5327
290.3871
290.3564
291.8402
291.6468
290.1687
288.8963
290.3936
290.5358
289.6972
290.678
290.3332
289.2359
289.817
289.5049
288.3842
289.5129
290.6421
290.0842
289.6881
289.6367
288.7532
290.4094
289.1245
290.3287
291.3492
290.1887
290.0762
289.7177
290.2144
288.6836
289.9728
290.1895
290.0479
289.1385
290.4258
290.4517
291.3102
290.7682
291.0054
290.5351
291.7521
290.5053
290.5872
291.3182
289.8502
289.8221
289.9683
290.4238
290.4032
291.9012
290.8432
290.0014
291.6228
291.639
290.192
289.8162
289.6254
290.0396
290.9554
291.1333
290.6429
290.57
290.8047
288.6784
287.7819
288.3415
287.8848
286.9224
288.4178
287.3619
286.4569
287.7409
287.3397
286.918
285.3612
287.9456
284.2407
287.9869
288.4605
289.1751
287.0692
287.2931
288.0332
287.3625
288.4093
290.4445
287.5842
287.6211
290.0939
289.1227
288.9833
289.1382
287.5719
288.9265
290.4165
289.9758
291.1688
291.0259
289.79
289.8415
289.6931
289.1222
288.7289
290.4904
290.2692
288.3145
288.3648
288.446
288.7839
290.8493
290.4449
290.4917
290.1258
287.9382
287.6945
286.2147
284.8799
287.7827
287.5258
287.2531
288.8703
290.6443
289.1458
290.4055
289.9492
289.2262
291.0081
289.5327
288.908
289.9244
289.6103
289.7513
289.3813
286.994
289.0519
285.8574
283.7262
286.9755
287.9595
288.5766
288.0352
288.2689
288.623
288.2693
287.6934
289.4669
288.2343
287.305
283.687
284.9786
288.1306
287.3321
286.9313
287.8257
287.8791
286.5544
287.2394
288.6039
288.9299
288.8474
284.9003
284.0859
285.4253
285.999
285.8789
286.3296
284.8167
288.4554
287.7893
288.926
288.5035
285.2669
287.7229
288.3772
287.2697
289.8571
288.6319
287.8673
287.4066
290.1504
287.0964
288.5536
286.5825
285.7606
287.5238
286.533
284.7347
286.1139
285.4756
287.4449
286.9814
285.3669
286.3887
287.2924
288.654
289.4521
286.7804
289.2658
286.9483
288.075
288.1042
288.2175
287.7574
287.8808
286.9785
284.0463
285.5749
287.3294
286.2794
286.2365
286.8966
285.329
285.9588
286.9831
286.346
290.0701
286.4827
286.5337
286.5607
287.33
285.8639
288.6471
288.1651
284.9986
286.4797
286.8481
286.7503
287.708
287.2886
284.6292
286.6142
287.7052
288.8773
290.2278
290.5407
287.9981
287.3345
287.8881
288.9746
288.5019
287.1517
288.6693
285.6735
289.2579
287.9033
286.7536
287.3002
287.6772
287.5471
287.6635
288.0233
286.7434
287.3753
287.0997
288.5912
287.2914
287.5753
286.6842
287.4404
287.019
287.9235
288.8927
288.3806
288.3819
288.0578
288.0915
289.5032
287.9716
287.2813
287.6561
287.8275
286.6064
288.1618
286.996
286.3393
285.6991
286.4597
286.8395
287.6902
287.5283
288.0507
287.547
286.9742
287.1593
289.7569
288.9923
289.1949
289.6878
287.6373
289.3674
287.9556
288.4648
290.394
287.7926
287.4405
287.1773
289.3038
289.3322
289.4907
286.7681
288.6498
286.1088
289.8235
289.3507
289.1703
289.5203
287.9951
289.2256
288.8993
287.612
288.0003
289.7822
290.1536
289.5209
288.9864
286.7674
286.8685
286.9216
285.2798
288.1327
287.9279
289.5505
289.5789
289.1554
290.1146
291.3539
290.0668
288.9346
289.5816
290.477
288.5865
287.0261
287.8873
288.1989
289.9069
290.2614
289.8428
288.2374
288.9386
290.7264
290.2921
289.3762
289.0085
291.5763
289.3512
289.9809
289.0975
289.6642
291.1526
290.5938
289.7147
286.9963
289.9628
289.6887
290.2595
289.5092
289.0539
288.4257
288.6761
290.8933
290.7664
289.3687
290.3781
289.8368
289.528
288.9922
289.2505
289.8513
290.2855
289.7724
291.1752
289.9147
290.4682
291.3208
291.166
289.4895
290.8295
288.6807
289.5386
288.1172
289.2897
290.1572
289.7384
288.5032
290.9908
290.5589
291.4031
291.1754
291.6877
291.1929
290.3535
290.2458
290.9569
289.4645
290.8616
289.3074
289.518
290.6982
290.2369
290.7464
288.3375
290.0889
290.5889
289.6091
291.5808
291.9319
291.2687
288.9484
288.5108
287.8495
289.5022
289.6672
289.715
291.3206
288.6297
284.3033
285.808
287.4591
289.8905
290.2682
289.7166
288.9295
289.9147
291.9294
290.8485
289.6219
290.3448
291.4027
290.1391
290.3414
289.2622
290.1519
291.441
291.2723
291.7203
289.2826
289.6348
290.1026
288.9607
289.6398
288.3486
287.8665
290.1875
290.0441
289.0579
289.0376
290.055
292.1554
288.6415
288.1489
287.4795
287.9811
291.6077
290.5156
289.4989
288.6964
288.7617
289.9679
291.9625
291.7065
291.6401
291.6222
290.6837
289.2682
288.2452
290.8275
290.0385
290.7684
290.5723
290.5729
291.2383
290.7326
288.6482
290.7821
289.225
289.5818
288.7522
288.4074
289.4076
288.1486
289.7598
291.5309
289.6047
287.9498
287.8633
288.838
288.8592
289.3512
289.3099
288.2788
289.9309
289.0224
286.6989
287.6082
285.7163
287.0793
285.7624
286.8765
285.7319
285.9989
285.2398
287.3526
287.1209
286.7622
286.0937
286.5329
286.4294
286.3807
287.4562
285.8683
284.1696
286.3367
289.6796
287.3265
288.9153
287.7202
285.6464
286.2234
286.7887
288.2422
287.4781
287.2305
284.5671
288.0483
285.5175
285.3904
285.4602
285.061
285.4283
284.1584
288.325
287.2059
287.076
285.1913
284.8523
286.9978
286.6481
289.1632
286.9727
286.774
285.9455
285.9202
290.5142
287.8859
287.6853
286.163
286.6457
287.2475
286.5832
286.1183
286.6048
286.3012
286.9747
286.683
287.2357
288.2733
287.7171
288.545
286.7217
288.253
289.5294
289.0265
288.5988
289.3381
288.7987
287.2509
287.4378
284.0631
287.1091
287.5487
289.3692
289.7526
287.2115
290.112
289.7327
287.8807
285.8648
287.3058
287.5265
287.9558
287.0058
287.1266
287.5459
287.3248
290.0009
288.6663
286.2263
288.1501
284.9915
286.3935
287.1802
285.9669
287.5058
288.0658
288.0351
287.1275
287.646
288.3553
288.4412
285.9012
286.067
286.9288
286.9076
287.9367
286.8452
287.2702
286.0978
285.993
286.7149
286.7847
287.8669
287.8336
286.2311
287.0567
289.7314
288.9069
290.5672
288.7083
289.9068
288.5411
287.0028
286.485
284.7267
286.7616
285.4761
287.0539
289.3325
288.8501
288.9224
289.3697
289.8307
289.2705
290.5156
289.8783
290.2069
289.8066
290.3202
288.0433
287.6562
287.4381
287.9499
289.2166
290.1797
289.6241
289.5721
288.4143
288.6941
289.825
289.8152
288.204
288.8722
289.2801
287.6754
289.7515
287.7736
289.1451
290.1868
290.6116
289.2501
288.4343
289.9802
290.8482
290.1393
290.7856
290.7658
288.9614
289.6096
288.7582
289.7753
289.0858
287.2724
288.1459
287.3363
287.3896
288.5197
289.5621
289.2847
290.6325
290.8401
290.3409
289.6042
289.3316
289.7121
290.62
290.2982
289.1368
288.9938
289.01
289.4563
291.0502
289.1334
288.2919
289.7006
288.8425
290.0002
289.3958
288.4523
289.7413
289.4063
288.31
289.402
290.2943
290.127
290.6401
289.5077
287.5291
287.1709
290.1101
289.798
289.7397
288.4149
288.3426
290.1027
289.4409
289.6729
287.1071
288.5015
289.1953
290.0527
289.8903
291.4847
289.7426
288.3384
288.8751
290.0238
291.1766
291.1742
290.0499
288.4017
289.6293
290.2753
288.5282
291.777
288.7285
289.0448
289.9308
290.5993
289.5134
289.3699
288.805
289.502
290.1568
287.866
290.1725
290.7818
291.1213
292.5535
290.8943
291.451
290.6007
290.6284
291.1057
289.9693
289.5794
290.2043
290.8637
291.5377
288.8576
291.1672
290.9643
289.6518
290.4348
290.8947
290.4906
292.9278
291.9678
291.5747
290.97
290.7005
291.3278
291.881
291.3784
291.7623
292.2832
291.5
290.4557
290.9919
289.3993
289.6724
288.6123
288.5831
289.1962
290.8712
290.6068
288.1337
289.0161
289.7206
288.0912
287.6562
287.8657
287.5575
288.8477
286.718
290.154
287.7796
289.4571
289.5296
289.6447
290.4419
291.7591
290.4377
290.4237
290.0008
290.9962
290.8219
291.0039
291.0223
292.2853
292.2045
290.1008
289.9632
290.3821
291.2468
289.5329
293.1954
291.0369
289.7264
287.8185
289.5023
288.1743
288.9871
289.4976
290.3326
289.4592
289.2179
287.9105
289.7459
288.6065
289.4136
290.1595
290.5293
290.357
288.9126
290.89
290.2799
287.7338
290.3219
284.9365
285.5329
284.7659
288.8839
285.0255
286.7344
287.9684
287.9393
287.6966
288.0403
288.363
287.9204
285.6489
286.5892
287.4687
289.5679
289.0123
290.3131
287.0457
289.0775
288.2975
288.2751
288.149
285.8628
285.2413
286.0766
285.9473
285.3301
287.6058
285.0456
286.1272
286.8621
287.1995
285.6139
283.9704
285.8694
286.8622
286.1128
288.6276
287.6722
288.2433
290.3623
288.2385
287.655
285.9284
286.8555
285.6339
287.4196
286.8737
285.9547
285.331
286.0873
286.543
287.9109
286.1425
285.6163
285.481
287.5718
288.3562
289.0154
289.1561
286.9501
287.4887
286.1029
285.3004
286.1374
286.3766
286.6551
286.3712
287.7331
286.2209
285.8735
287.1989
287.1184
286.7296
287.9183
287.1457
286.6083
289.9941
289.9816
289.7303
286.9319
288.8042
286.1449
288.2357
287.4789
289.9777
290.1331
286.4978
284.7173
285.2989
286.9579
287.2191
285.8458
283.1131
287.6673
288.1111
288.52
288.8125
287.2007
287.2072
284.0408
286.6265
286.1462
286.1939
283.8875
286.2614
286.3779
284.5072
286.5079
288.0928
286.7785
287.2532
285.6244
287.5367
286.921
287.9088
287.045
286.2996
287.1972
286.1919
286.9724
286.8451
288.5789
289.0777
287.5355
287.1388
286.3079
286.1585
286.3909
285.4912
283.9083
285.6961
285.9449
286.5108
288.1878
289.5551
290.5887
285.9368
285.9163
287.1315
288.7305
288.5616
287.1387
286.7068
285.795
286.828
287.036
285.3901
286.5049
285.5245
287.356
288.6501
289.8123
290.1009
290.7007
289.8365
290.9375
289.1601
291.4475
291.605
290.2962
290.367
288.9741
291.5407
290.0443
290.0882
289.8109
288.9398
290.3801
290.4776
285.5501
289.3261
290.1957
290.9738
290.2363
291.2386
292.7384
292.5741
289.5478
288.4286
288.6938
290.5355
288.5721
289.7842
289.5534
288.2485
290.4789
289.3037
289.425
289.0269
284.9782
284.5398
288.8949
285.6298
286.3382
289.1529
285.1841
287.5191
288.4209
291.3787
289.8032
288.0136
288.2966
285.3075
286.4547
289.2816
286.4869
288.3938
286.584
286.1457
285.2828
285.3289
285.7908
288.6015
288.8
289.7958
286.2207
289.8077
285.8803
288.558
288.0215
289.2522
289.856
291.2116
291.5838
289.2645
292.4001
287.7646
288.371
289.9385
288.3269
285.8152
285.1037
285.6618
285.8688
285.5884
286.7765
285.7801
284.9814
284.3378
286.0469
285.8332
286.6443
286.6389
285.5611
285.4868
286.173
287.1111
285.4686
283.9315
286.0941
287.2793
286.553
286.0509
285.5305
285.4341
286.1801
285.4864
285.0113
285.8229
284.6348
285.4884
285.3554
287.1963
286.1367
286.3181
287.5579
285.0759
286.9639
284.9052
285.062
286.4267
284.8677
285.6227
285.6566
284.6121
286.3648
287.2662
286.3494
286.9339
287.2558
284.6127
285.8582
286.8281
285.4213
285.7723
286.1826
287.0808
288.195
286.4868
285.7643
285.2426
284.4554
285.2201
286.1101
287.656
286.1383
286.1747
287.0457
286.6794
285.1219
285.9079
283.7571
284.6892
286.2379
283.2591
283.8821
284.1855
285.3839
286.4655
283.6308
284.224
288.0617
284.9084
286.443
284.8341
286.5652
284.5312
285.875
287.4445
284.3517
286.7764
285.0261
286.606
288.3206
289.5869
286.9245
284.3539
287.2869
286.3842
287.2272
288.201
285.6204
287.5111
287.9919
287.8373
286.6705
286.1341
286.1318
286.6027
286.8619
286.7534
289.4252
287.9001
287.2421
285.7823
288.0756
286.3177
284.8606
286.294
285.6513
287.1154
284.8752
286.6074
284.9846
285.2209
285.8651
287.7543
286.9839
286.0594
287.6276
287.8565
288.9897
286.9439
286.693
287.4413
286.5418
286.2102
287.1871
285.1175
288.2251
286.2012
285.0689
287.7114
284.1682
286.3242
287.5513
286.4913
287.0044
285.8029
286.618
284.7722
285.0629
287.6278
286.0473
287.5734
286.7822
287.2323
287.1331
289.0794
289.253
289.4699
285.3944
284.8488
283.8456
285.6214
286.0308
286.6356
285.5512
285.1652
286.8141
288.7426
288.8145
290.1801
289.5526
287.0547
287.9065
288.1065
286.5092
287.0953
287.4405
287.9106
287.161
286.8826
285.5437
286.9036
284.4927
284.6371
286.8617
288.7071
287.1052
289.6315
289.9743
288.712
287.0227
288.9426
287.0836
288.7626
286.1468
289.3904
286.8277
286.2843
284.6157
285.5927
286.3269
288.7551
287.4403
287.193
287.9249
288.4029
288.3178
286.958
288.4512
286.0303
289.0652
286.4094
288.2032
286.5935
287.3249
285.6774
286.5866
284.7052
286.1283
287.3286
286.2823
289.7254
286.3076
284.5687
286.8935
285.9988
289.2733
286.6866
288.3535
285.9996
287.924
287.9254
289.4352
289.5198
287.2372
286.4765
285.3599
284.7941
287.0686
286.8537
288.2668
286.4061
288.476
287.4295
288.2587
284.5916
287.6358
285.7812
287.7055
288.0966
289.57
289.0123
287.1408
289.4234
284.6363
288.2411
288.6565
288.6883
289.284
291.0448
291.0709
290.4795
289.4029
287.6368
286.0555
287.9515
291.4229
290.3937
289.8166
289.7675
289.5649
289.9529
288.9966
289.0863
288.1631
289.6775
289.5602
291.0662
292.55
292.573
291.235
291.2794
290.9173
291.3457
292.3435
290.28
286.8754
291.2104
287.2833
289.0762
287.8997
288.8336
285.6685
288.5486
291.4781
291.6694
286.866
287.803
285.4842
288.654
288.6368
290.6255
288.9412
290.6544
287.7918
291.3811
290.7282
291.0304
287.2474
288.5858
291.0179
288.3621
291.1733
290.3505
286.6292
287.0265
284.9193
288.5099
287.6212
286.7556
289.0447
288.7681
287.4681
290.5485
288.9121
289.2222
286.1537
288.3024
290.3097
290.6233
289.3475
288.3703
285.8224
289.4832
289.2254
288.9806
289.6464
290.0805
285.7193
286.8387
288.0446
286.5677
287.8652
289.5844
289.9158
289.3347
291.0042
286.0667
288.9212
289.065
291.1586
290.7465
291.4596
288.1697
289.3169
289.0144
289.3424
289.6453
288.5824
291.179
290.1941
287.06
288.2775
289.1126
289.5805
287.6336
289.5316
290.4893
291.1544
290.285
290.3084
289.2859
290.1774
289.9315
289.8947
290.7756
287.9988
289.4668
289.3716
289.07
289.6516
290.5036
290.3495
287.7113
288.4188
287.7625
290.5474
291.2901
290.5591
290.4779
290.3111
288.8893
288.7942
291.361
291.1287
291.14
290.0768
289.2013
288.1905
289.5862
289.7234
289.7523
288.5448
288.4026
289.5874
289.3654
287.2009
289.637
289.0356
289.9376
289.8351
287.5038
289.6784
290.5225
289.3893
288.5085
286.6193
286.1729
285.6865
288.6995
287.372
285.9957
288.0645
288.4684
288.744
287.1774
287.822
285.7263
285.1322
285.7691
285.5414
285.9361
288.1366
288.3093
289.0782
286.2025
288.235
288.8224
287.6098
289.4875
291.1161
289.6514
288.9165
287.6756
288.1944
285.6118
287.0304
286.6292
288.3687
288.2358
288.5403
289.0989
285.6315
283.1359
285.8389
282.2365
286.3082
285.4079
284.2329
283.4741
283.5421
282.3261
286.0255
285.4897
287.312
288.3985
291.0658
287.669
287.438
285.1773
287.4625
285.8802
285.0954
285.2218
287.0469
286.0183
286.5216
289.2193
288.6602
288.6211
286.5386
286.2483
287.2101
285.019
284.8567
285.1971
285.7291
286.1998
286.3647
287.8696
285.9378
284.4457
284.2097
286.2351
286.6178
286.4252
284.8899
284.7988
285.2168
286.3027
284.1512
284.0563
284.6095
285.175
285.2501
287.206
285.8156
285.765
285.9152
286.453
288.0442
287.0455
287.258
286.5674
284.3148
284.5295
285.6513
284.2827
286.1324
286.022
284.0224
284.6508
285.2679
286.6723
286.2919
286.2278
286.0425
287.7247
286.8062
287.3565
290.288
289.6959
288.3359
284.3706
286.6146
286.5237
284.2733
287.5111
289.4274
287.6781
286.6953
289.1727
285.1256
286.4722
286.7708
287.1477
285.7868
285.8134
288.7475
287.7857
286.3544
287.6478
285.3172
286.6652
288.4839
285.7606
286.2961
287.9254
289.4574
288.7567
283.4782
286.8937
288.0531
290.3437
289.0209
286.428
288.496
289.3537
290.1207
289.4895
289.2579
288.3587
287.4761
288.8035
289.3037
288.4803
289.5999
292.3038
289.5464
286.473
289.1903
288.682
289.532
288.5146
288.1697
287.7209
289.9103
292.8076
289.6575
288.7167
286.8908
287.1507
285.1438
286.1519
285.7748
283.773
283.4472
287.0149
287.4045
286.6125
286.1577
288.6169
285.7238
288.2978
290.2141
288.8879
288.9991
291.2458
290.5146
289.6909
292.2234
291.4612
290.519
290.0246
290.0071
289.4828
289.6469
290.2732
291.3777
289.0523
290.5751
290.3508
289.6202
290.606
292.3972
289.7778
290.7163
289.3555
288.3015
291.0207
290.1253
288.4008
288.5398
290.9477
290.2661
290.6541
289.6938
290.8963
289.025
291.3847
290.4884
291.692
290.5749
292.155
290.8283
291.1325
291.4664
290.8668
291.6044
291.9918
290.1493
290.2385
293.11
291.5014
288.0843
289.1201
291.4139
289.5098
290.9084
287.6282
291.4802
289.5383
289.8297
288.5372
290.0683
290.3948
288.3008
289.6415
289.436
288.7087
288.3131
289.7802
290.0285
289.8124
290.4191
290.2174
290.356
291.0992
290.5142
291.5056
290.1036
289.6573
290.7012
291.1404
289.0868
287.7994
287.4352
291.0604
290.6516
287.3821
287.5829
287.5345
288.5586
290.8936
291.8193
293.1518
291.0568
291.7573
290.5081
290.1729
292.0695
292.1422
289.7849
291.3714
292.2012
292.2706
290.9324
291.268
292.1448
289.4554
289.8773
290.1067
289.2884
290.7484
289.6059
289.4248
289.2858
288.8389
288.311
286.1718
287.9382
287.13
288.2617
287.3998
287.0193
287.4989
287.6309
286.2841
286.9237
286.325
287.5692
285.8953
286.1558
287.6651
287.225
287.5124
286.9253
289.2028
288.1537
289.7839
287.0065
289.6985
288.9858
291.4731
290.8245
288.2844
289.0934
290.5028
290.2604
289.89
285.7309
290.1035
291.0003
292.3597
290.7776
289.9201
290.0905
288.0739
289.1294
290.6726
291.2307
287.0133
288.3833
288.7772
290.7637
291.5464
289.7492
289.9346
291.359
289.0676
291.1854
289.2719
290.8697
292.3228
290.9454
290.4254
289.4958
287.8945
290.4672
291.3674
290.7611
289.7824
290.6438
289.8715
291.9482
292.4915
291.5834
291.7764
292.0833
291.1754
290.7178
292.4688
292.2888
291.3659
289.4121
290.7797
289.2564
291.0421
290.3081
292.322
288.7128
290.4969
289.5618
289.0558
289.2712
291.14
291.7745
290.188
289.813
289.7838
289.7408
291.0073
289.6916
290.5912
291.4054
292.1042
290.8265
291.3411
292.0912
291.5876
289.3358
291.3533
291.5726
290.4793
289.4144
289.1904
291.1501
290.304
289.1545
288.5314
289.2706
289.9441
290.7769
290.9628
291.4914
290.2603
291.0722
290.2649
290.6514
290.4548
289.791
291.8715
291.7174
291.1465
290.3764
288.8148
289.5947
289.8847
288.7131
290.3224
290.4662
290.1632
290.7076
291.8531
291.6557
290.6193
290.4892
290.6568
290.652
289.471
290.3144
290.8782
290.8864
288.6744
288.3608
291.1254
289.5273
289.9981
291.4124
291.1493
289.7635
289.3467
290.4176
291.8952
290.5648
290.954
293.1797
290.8953
292.588
291.9041
291.1308
290.4394
292.6061
291.8449
291.5811
290.304
291.9048
291.6075
290.0496
289.9792
291.7247
291.8897
291.4957
291.4411
290.3345
290.9557
290.4387
290.0528
288.8167
290.7371
291.1712
289.8581
288.4231
288.7273
291.3835
288.7407
290.0716
291.1549
290.7711
291.1481
290.9012
291.0235
290.4533
290.3679
290.4492
289.8778
290.3362
291.1039
290.3441
290.7027
288.1777
290.6939
290.5245
288.6052
290.9133
289.8685
291.177
291.1625
290.7829
288.5987
290.5168
289.7374
289.6508
289.8482
289.0713
290.0871
290.3439
289.8131
290.6088
288.5879
290.3445
289.9086
290.8341
291.417
289.372
289.6472
289.0556
287.8869
289.3092
288.7956
290.6619
291.3145
291.3171
290.953
291.6192
292.076
291.4799
291.5259
289.973
291.713
290.7486
290.9101
289.2433
288.7699
290.4477
288.3191
287.2404
288.5394
288.4518
288.2612
287.602
287.5766
290.6497
289.9418
290.0304
287.7185
289.4089
290.1837
288.843
289.799
289.2531
288.3061
289.3256
289.2154
290.6849
290.4422
287.3023
286.4498
288.3374
288.8833
288.9949
285.36
287.6228
287.9676
290.3173
289.0778
288.0388
285.6701
288.4566
289.0991
290.0892
291.4219
288.4525
286.627
287.3206
286.1479
286.6133
288.4249
292.1725
289.6872
288.9358
288.2998
288.6851
289.8598
286.2399
285.7464
286.9908
287.1023
287.2009
285.5934
287.099
286.3943
288.0059
288.5016
289.5563
290.3008
290.2885
288.9022
285.7364
285.6216
285.4381
285.9554
287.346
286.8609
286.9279
288.1495
288.1993
285.8558
284.8111
285.3008
287.5215
288.9524
289.1621
287.863
288.5715
288.7882
288.4701
287.5195
286.023
287.3873
289.8451
287.7171
288.624
286.5579
284.9243
285.4682
287.6404
286.9543
285.1534
285.2745
286.0813
287.081
286.0516
286.1078
288.9056
287.9956
285.7591
286.3574
286.6127
285.6033
285.2646
287.9901
288.6995
287.9472
285.6656
289.2821
288.6237
286.2851
286.1891
287.0543
286.8829
287.2896
286.1891
287.0139
286.9137
286.1076
284.8719
286.5845
286.461
286.1319
286.1725
286.6834
286.2842
288.4759
287.6457
286.6236
287.2957
285.4272
287.3212
287.9311
286.0438
287.3755
286.3148
287.564
288.4261
289.5574
287.9207
286.5438
285.9756
287.6359
286.3101
288.8
287.3219
286.6494
286.505
286.8163
287.6927
286.4605
287.5891
286.6936
285.0374
287.096
285.1496
287.705
287.1569
288.0338
288.1188
285.7357
287.0838
286.9352
287.4596
288.843
287.9044
287.9605
287.8868
287.3394
286.8818
287.5429
289.4073
288.0445
286.3795
289.7264
289.4618
288.6416
287.9707
288.75
289.1699
289.8076
289.9227
287.9047
287.1276
289.364
289.7708
290.2522
288.8111
288.6232
290.0631
291.08
291.0348
291.971
289.0036
288.8454
289.2076
290.4456
288.9232
288.0254
288.0949
288.575
288.0477
289.1833
287.564
288.0369
287.2765
288.4626
290.3869
289.278
290.1075
291.0766
290.983
290.4187
289.5682
287.8093
289.0358
288.4219
288.4969
288.9908
289.1023
289.2379
288.5928
287.2621
288.9664
287.7129
289.3771
289.6495
287.9867
286.9337
286.1577
289.3064
291.7093
291.6769
291.1859
289.1264
286.1412
287.8777
287.9725
289.8912
288.268
290.8288
291.5935
290.9851
292.4417
291.5273
289.704
290.4185
291.3306
290.7285
289.2876
288.4888
290.4244
289.2868
290.4497
290.7392
289.3428
289.084
290.6857
288.5008
289.9961
289.427
291.103
292.2065
288.3815
290.506
286.9714
286.4768
287.6623
287.9616
288.2879
287.915
288.8468
291.0123
289.9281
289.8217
287.7693
290.9386
292.396
288.5254
289.7827
289.3661
290.064
289.9007
290.8427
291.4917
291.5008
292.078
288.5775
290.593
291.824
291.6865
291.1032
290.2239
291.1399
291.7266
291.1277
290.8055
290.6924
289.8119
291.6026
291.2988
289.3551
288.4123
287.9929
287.8598
287.3518
288.5476
289.6732
287.6141
290.867
291.5353
289.0168
291.5707
291.9331
291.6316
290.7088
291.3196
290.6156
292.7205
290.3798
290.9973
289.18
290.6576
290.1738
289.1855
287.9147
286.1125
287.3993
289.8637
289.5591
287.1927
287.3861
288.3855
288.4422
288.6099
288.6161
287.5856
288.4509
290.4571
293.0023
290.8831
290.2747
287.6419
291.33
290.2559
292.3489
291.3715
291.5777
290.5003
289.4987
292.385
290.6893
289.8654
289.6107
290.4969
289.8144
290.1812
289.7387
289.9868
290.0245
287.6079
288.3039
289.6875
288.0013
289.0451
289.6465
290.269
290.3982
292.1367
291.3524
289.5027
288.2208
290.3037
291.1293
291.708
289.8265
289.1742
289.1906
285.3928
286.6256
288.1986
288.7121
287.4964
288.7044
288.4515
287.7133
288.0533
284.6531
287.4474
286.7207
284.3135
286.6474
286.885
287.7536
287.8719
289.2951
288.2404
284.7903
286.1931
287.2149
286.5189
287.4547
288.3859
285.1434
285.5026
285.6227
288.2319
285.3034
287.2224
284.4348
285.8413
286.6911
285.1598
284.5701
287.8608
286.4979
286.629
288.1141
288.5594
289.8257
286.251
288.9548
286.7744
286.0005
287.8403
286.4487
283.414
285.3609
286.7592
286.8365
287.4913
285.7549
287.0744
286.2158
285.8318
288.6024
286.1939
287.8483
289.1647
286.6309
287.5141
288.3651
287.8756
288.1481
287.4165
287.2635
285.9027
286.7138
286.9171
287.276
286.8017
287.1815
287.3213
287.1849
287.0377
286.6127
287.9133
287.9772
286.9024
285.2709
287.3412
288.2404
289.6831
289.5071
289.1006
289.6535
289.1547
290.1182
290.0284
288.2127
286.5617
289.0035
290.9523
288.0017
287.3225
289.1046
288.8657
288.1521
286.442
287.6147
289.8368
286.7133
286.6653
286.8275
287.1051
288.1425
288.742
285.6555
287.5859
286.9491
287.2479
287.7523
288.611
287.4205
287.6859
286.6105
286.8878
285.2303
290.1446
288.1239
286.9375
287.2685
287.2553
286.2678
286.7339
287.6273
287.9889
286.7274
284.8137
288.5313
286.7302
286.6968
288.3806
288.1818
288.8167
287.2668
286.7458
285.8563
288.7046
287.6287
287.4602
288.2523
287.7404
289.4396
287.8243
288.7597
288.9513
286.6988
288.4882
289.2678
287.3674
288.0271
287.369
288.4392
289.0734
291.6891
289.8074
289.3172
288.7356
286.0983
287.3284
287.1258
288.7781
290.1512
290.8477
289.834
289.1969
290.4655
288.1362
287.9393
287.2949
292.0458
289.7684
288.7656
288.1313
288.4122
289.1841
289.7569
287.0637
292.1177
287.2475
289.9513
289.2644
288.4999
288.3729
291.0302
288.8113
287.8182
288.5765
285.8943
288.0602
286.6445
288.2039
287.1597
285.4845
288.6425
287.1869
288.294
287.312
288.3381
287.4956
286.1086
286.145
286.8453
286.9169
289.3154
288.0307
289.5122
289.519
290.779
289.0566
288.6382
288.1915
288.6828
288.7566
292.4569
287.8578
289.8664
288.526
288.9828
289.5167
289.3341
289.0173
290.809
293.3857
289.6616
291.7854
289.6482
290.1939
289.0665
287.702
289.4425
290.0916
289.4662
290.339
289.7242
290.6641
289.9182
290.9185
288.4125
287.3703
289.8374
290.1851
290.1986
287.9812
288.5188
290.8063
291.7233
290.2912
290.599
292.4382
290.1158
289.6434
291.0285
290.5102
290.2532
289.614
289.1343
288.4579
290.9522
288.6281
289.7216
290.743
292.1214
291.1968
290.9528
290.2341
288.701
288.5913
288.45
288.8258
287.019
287.2723
289.6039
291.2015
288.6326
287.7521
289.3476
290.3042
291.2694
290.5208
288.2986
288.6264
288.8884
290.0592
289.6578
289.6818
288.2945
290.3542
289.2451
289.8944
290.523
289.526
288.06
286.4727
286.7914
288.367
287.7011
288.7201
287.914
287.044
287.3159
288.8859
287.8709
287.199
290.1708
290.006
289.3667
287.9328
288.1364
288.3432
286.4055
288.0972
287.2202
285.8465
288.677
288.498
287.3746
288.2104
288.9872
287.7682
286.4096
285.4855
286.1675
286.0916
287.6215
286.8808
285.621
287.6389
289.4666
288.5602
288.3866
289.0676
287.6618
288.6207
287.4435
289.4535
288.3331
288.875
289.1892
289.5069
287.7088
286.624
285.9886
287.2235
284.4809
287.8635
287.7019
288.4417
287.7845
288.4469
288.588
288.9471
287.4724
288.2961
286.5189
287.9969
286.4878
287.0822
286.0919
286.5677
285.0495
286.2478
287.8643
288.3808
286.147
288.0103
287.6741
286.8114
284.9605
287.3387
287.2453
288.144
286.2167
285.9824
287.0473
285.0658
286.7498
287.2318
285.2262
288.2394
288.7314
288.7308
288.2428
287.7767
285.7455
286.0964
285.9826
286.1967
288.0062
286.5496
287.4498
287.3658
286.4228
284.4162
286.3875
287.7045
285.5883
286.2104
285.903
285.6795
286.0892
286.4563
288.83
288.5677
287.5642
287.8048
287.2321
288.2596
289.1076
287.7442
285.5787
286.9921
287.0624
287.0806
288.5149
286.8512
287.4663
286.6169
286.5515
286.0662
286.6333
287.221
286.8295
285.588
286.8013
286.8395
287.4713
287.7811
288.584
287.5159
287.2821
288.1931
288.373
287.0239
284.0411
287.3289
286.9767
287.3419
284.5886
287.761
285.5865
288.768
287.4494
287.8013
288.7041
289.2865
286.9932
287.6701
287.447
288.3907
287.7159
287.5455
289.5651
290.2178
289.1008
287.8416
290.7112
289.0975
289.3282
288.6409
289.206
291.864
289.5125
286.7614
287.9057
290.4456
287.948
288.9987
287.0121
288.9295
287.9094
286.7793
288.6801
288.8188
288.0968
288.6673
287.9219
286.7422
287.8291
287.5482
287.9979
289.42
286.0973
286.6856
288.09
287.5953
286.9517
288.3418
286.5164
286.4961
285.6571
288.3714
288.7977
287.9925
288.6932
287.695
287.3255
288.9966
289.08
288.2567
290.7458
288.929
288.3691
289.3203
289.4987
289.3459
289.117
288.6865
290.3935
290.5189
288.0343
289.797
289.1415
287.9656
287.9773
289.3335
287.6702
287.8304
289.1905
290.0265
288.0836
288.6677
289.9976
290.4983
291.4367
290.7293
286.6739
290.8015
291.317
289.6015
289.3131
288.9973
290.837
290.1688
289.8327
287.4516
289.109
290.4872
289.8902
291.5507
292.2635
291.4268
291.6704
291.3012
290.5896
290.9754
291.5337
290.5365
289.9431
290.5934
290.797
289.3107
290.8286
290.7166
290.0397
290.425
291.9594
292.3051
287.6031
288.8783
290.409
289.4197
290.9362
290.4732
291.5913
291.399
291.0762
292.2966
290.6432
290.2024
289.992
292.2108
290.3819
289.8495
291.8468
291.4794
291.7116
292.3238
292.0549
290.1628
290.8705
291.8675
289.5393
288.6438
289.8836
291.0697
290.9275
289.774
288.7715
289.4055
292.3307
291.3664
290.5003
288.5302
288.7227
288.7463
289.7579
287.6203
288.4416
289.2833
286.4769
291.4471
288.7924
289.9662
289.431
290.0581
288.6441
289.3368
290.4348
288.0094
288.7185
288.5094
289.4924
289.8598
290.046
289.7363
290.9091
289.0671
289.8622
289.9624
290.7339
290.3213
288.4896
287.4919
287.4288
287.3589
286.1418
288.8013
287.9011
288.1341
288.6295
289.5117
288.6596
288.2835
288.8148
288.0655
290.468
290.4236
291.0349
291.1397
289.3037
291.7017
289.3193
289.6833
288.6307
287.0552
288.3689
290.764
291.0848
290.2694
289.1792
285.7152
290.2979
287.3481
287.1306
285.9811
286.0788
286.7351
286.5518
286.6927
286.3367
286.3291
284.8997
285.4229
285.0039
285.2511
284.9115
286.6833
287.5639
288.4661
287.2806
284.8609
285.2281
286.6332
287.0556
287.8961
287.2956
287.978
286.4514
284.9572
285.4011
284.7618
286.0318
285.0487
286.9496
286.0129
288.151
287.453
288.0321
287.0044
289.0125
288.8168
287.7738
293.3023
288.0369
288.7977
285.2259
287.1623
286.2256
289.6981
292.8829
286.2611
286.037
287.1583
286.2707
292.1711
288.3893
290.7027
290.9218
291.1071
284.7743
285.0019
285.781
286.6456
286.8803
286.5203
286.0155
289.8947
290.5599
290.1693
289.8137
288.3896
284.8045
289.0411
286.8258
289.7125
286.0933
288.3736
287.5662
288.0573
285.5752
287.3825
286.6749
287.2981
285.5715
287.8058
290.2807
289.4419
288.9121
290.3604
289.2917
289.2059
289.3028
289.3892
293.2989
290.6075
291.1874
288.2235
288.7368
289.5359
289.8099
289.3307
284.2559
289.718
287.133
289.2872
285.9256
288.8239
290.157
289.4536
286.6559
290.2918
288.8091
290.2382
288.5157
287.2666
287.9164
288.0391
288.9708
289.4265
286.8537
289.5574
286.5915
288.9453
286.5464
287.3791
285.5429
288.7146
290.0579
288.7238
288.1871
290.1405
287.2718
289.2826
287.1296
289.4695
287.3496
289.2766
287.8357
290.3451
291.0601
291.2143
288.363
286.6465
288.6045
287.8027
290.1156
290.239
293.6132
284.3297
289.982
286.7581
290.9845
287.1663
287.5206
285.9669
287.9156
287.8059
288.5979
287.043
289.3169
287.6409
288.3
289.7322
287.3923
291.5966
291.877
290.191
290.3996
291.0683
289.3097
290.0382
289.4048
287.6599
289.8001
288.7155
289.303
290.5317
289.6228
289.2791
290.0696
288.4874
289.0226
287.4296
288.0922
289.6938
287.9738
285.9391
288.6285
289.8763
291.0558
287.7931
289.5775
288.2389
289.8629
288.3114
288.0465
285.8962
288.5141
286.4427
288.1756
288.3473
287.6916
287.1876
288.3353
288.6603
290.022
289.8756
289.4984
290.3694
290.8033
290.9886
291.2789
290.2611
289.1821
289.591
289.0148
286.9771
287.9013
288.6819
288.3889
289.2036
288.7617
288.8557
289.4917
289.7989
289.6808
289.7385
290.3126
286.0464
290.1564
289.4398
290.0208
287.1004
288.0684
286.6711
289.0261
289.7035
290.9638
290.892
290.07
289.5627
291.1702
291.6214
290.74
289.9095
290.8015
289.4578
289.3879
289.2935
290.1671
290.0084
289.9569
290.4666
289.343
290.6121
289.4108
289.496
290.0975
290.9476
289.4378
291.1265
290.188
290.6933
289.6194
285.4979
288.5684
287.0255
287.3096
288.2972
289.3698
288.7929
288.9979
288.737
289.4654
289.8174
289.0202
290.3248
290.9868
290.451
288.9169
289.881
289.7619
288.6064
286.8469
289.9577
290.1641
288.8328
290.6248
290.3355
289.996
289.5684
291.2823
290.8603
287.2388
287.9522
289.5005
289.0875
289.9857
289.9466
290.0462
286.8414
287.9854
289.1879
289.9873
289.2536
289.8567
289.1501
289.8802
289.8607
290.5548
290.1976
288.3944
286.8188
288.8027
288.7655
288.8387
288.9208
289.8259
289.6756
289.7056
290.7353
289.3743
288.7393
289.3409
288.6702
288.9423
289.0752
287.7173
287.5419
288.4185
289.9285
288.2385
288.6591
284.4646
287.3671
287.1466
287.3013
286.5994
286.2831
286.1548
287.6368
289.0835
288.5081
288.5413
286.05
285.7811
286.8049
285.2876
288.5393
288.1531
289.3133
288.1432
285.7855
283.0157
284.6266
286.2516
287.4386
286.9342
287.4056
283.2471
284.9612
285.5933
284.6023
285.9261
284.0845
284.8124
284.1892
284.4424
284.6085
286.3416
286.3813
286.7087
285.7647
287.4767
286.8935
285.0013
283.7683
285.8117
285.6122
286.2722
287.0936
286.2128
287.4308
287.6597
288.9645
287.5141
286.5673
286.2251
287.1087
285.9391
285.958
286.0208
286.5222
287.6628
286.8409
287.3403
284.2592
283.9297
285.368
286.1086
284.9172
283.6562
284.3314
284.7854
285.3361
285.7915
286.3791
287.5087
285.9969
285.5058
285.0168
285.1039
284.5043
286.6728
286.3695
285.0935
285.7876
287.7393
287.6335
288.6087
284.9973
284.7896
284.1624
286.5728
283.5084
286.3052
285.1386
286.2181
285.4028
284.6707
284.4992
285.0513
287.2375
285.5234
286.6537
285.3923
284.4586
285.2279
286.1217
286.2067
284.8809
285.5089
287.2126
285.2715
286.5769
285.2295
284.4636
284.7735
284.5586
284.8346
285.3773
284.838
285.5314
285.782
285.21
286.2625
285.8902
287.2171
285.8197
286.486
285.0602
285.2954
282.9523
286.115
285.3997
284.8561
286.4372
286.4989
285.7629
285.166
285.2525
285.8594
286.0969
286.7953
285.4059
285.7371
286.5993
285.9637
285.29
284.8217
286.2737
285.6714
287.4396
285.8905
285.0323
284.2127
284.1303
286.7969
287.1279
286.762
288.0088
286.4696
285.3075
287.5894
288.1692
287.8006
287.3445
288.3466
287.7547
285.7154
285.6691
286.1963
286.826
288.0573
288.5862
284.5154
286.4754
286.5849
288.021
288.3613
288.514
287.6713
283.5417
288.2294
286.1018
289.0564
286.7546
286.4149
284.5902
285.2882
286.1628
286.0619
284.6999
286.1183
284.7064
285.7503
284.5896
286.6427
283.9991
286.8793
284.0255
285.89
287.3997
288.973
287.6303
286.2693
285.506
287.4144
285.0341
286.2044
289.6155
288.2822
285.7741
288.1482
285.8055
286.7462
283.6969
283.7828
285.7273
287.918
289.9006
290.6498
283.9532
286.3693
285.7106
286.6
285.2782
285.5671
287.5828
283.183
288.0519
286.1976
285.7109
285.9939
286.0708
285.7365
287.5292
288.7323
286.8023
285.8613
287.1259
284.1217
286.4994
285.5649
288.1167
284.3843
288.966
287.2625
288.4193
283.387
286.0067
284.5162
286.2935
284.9501
284.5237
285.4557
284.8955
286.7649
285.686
286.2299
286.7342
284.6812
288.7023
286.1746
285.5478
285.2498
284.743
286.0784
287.6191
289.3311
288.9687
288.4595
287.9931
288.1571
287.2884
287.5471
288.0605
287.9578
288.0587
288.4142
288.8889
287.056
288.5189
287.6311
291.1666
287.8569
289.3993
287.2632
289.8462
289.4331
288.6396
286.9695
287.3886
288.6093
284.5342
283.3237
290.3842
286.0346
289.6947
288.2234
289.2403
289.6043
290.2334
289.6433
288.8254
290.7299
289.1975
290.1669
289.7151
289.3141
289.1975
288.3881
288.7919
288.211
286.7157
287.9413
288.5604
287.5913
290.0099
284.7171
288.8071
290.0332
288.8373
289.4125
289.787
287.2468
289.9204
289.2641
288.5273
287.8298
288.9987
289.0406
287.7982
284.5715
289.3302
287.2637
288.2943
285.3588
288.6035
284.9421
288.2499
285.9512
288.5751
285.726
288.9951
285.5694
289.4954
289.7559
288.5989
285.4028
289.1286
285.9147
290.2299
289.4145
290.9474
290.021
289.1177
287.9846
289.7359
285.6218
288.7328
286.2903
287.5889
289.3725
291.2478
290.814
290.5663
287.6428
288.9282
288.133
288.0213
288.1411
288.8123
287.2002
289.2579
285.3661
289.7522
286.6583
290.464
289.7346
289.5873
286.64
289.4291
286.778
289.1931
286.5054
288.4108
287.6062
288.6145
285.609
289.011
287.1738
287.8022
287.5083
289.1202
288.3275
289.9444
291.9806
291.3225
290.0713
290.2764
287.7995
289.4416
288.7259
289.3385
289.413
290.4927
290.1215
289.8143
289.4406
289.4694
286.3253
288.5077
287.5891
286.996
287.5288
289.3122
289.4359
288.4254
289.1645
288.3351
289.6017
287.5459
287.909
287.31
286.7674
287.307
289.0509
290.0517
291.1838
290.2912
292.1107
291.0881
292.4399
290.5616
286.871
290.5185
290.1029
290.3646
290.1808
287.9432
287.7677
288.2409
286.7269
287.2581
288.4275
289.0361
289.7833
289.5662
290.6219
286.0298
288.8189
288.6807
289.3457
288.5515
289.343
289.0513
289.3177
286.1151
287.9603
287.7372
287.144
288.3
286.5047
287.4137
286.5066
287.3726
287.5493
285.373
287.4967
287.2348
288.3875
286.7226
285.8713
285.9891
289.9404
289.0613
288.801
289.4805
288.7159
289.525
288.6349
289.6311
288.6102
289.6064
287.1138
287.5756
286.5737
286.0876
287.138
286.5344
286.245
286.5565
287.9079
287.431
289.0966
286.7326
285.1323
286.5251
284.2187
288.1867
288.8914
288.5693
286.3141
287.4359
285.555
286.1422
285.9453
286.9378
284.0613
284.2823
283.9102
284.8877
285.7069
286.8574
286.1131
287.1587
288.0633
287.877
285.5962
288.7837
288.9609
288.9689
289.5475
288.6395
287.5133
286.7833
286.1572
287.9862
285.1019
286.0361
285.3106
286.4868
287.5716
289.3871
288.8938
287.4442
286.8747
287.8463
287.1146
287.5859
285.2261
283.6819
283.8902
284.2823
283.9235
283.6919
286.9075
285.2051
284.4572
285.8358
286.1442
283.9126
283.6873
283.6804
283.7444
285.0513
284.8849
284.6601
282.3325
285.1652
284.836
286.3729
284.9419
287.6419
285.5841
287.922
286.2744
285.8116
284.4055
286.8193
283.7497
285.4215
283.548
286.7566
285.3209
285.883
286.0411
286.3782
284.7171
284.6172
284.933
286.7217
287.6189
286.3056
288.2402
286.4769
283.7029
283.627
283.8425
283.9093
283.5725
283.8926
284.8297
285.4578
285.1799
285.3416
285.6563
285.9257
285.1314
284.6821
288.4884
288.2368
285.2598
289.133
286.0731
289.9572
288.9629
290.2934
287.0738
287.7644
284.478
287.0269
286.1717
286.1184
284.5157
286.8221
284.6178
285.9024
284.3194
285.4807
285.9936
284.8719
284.9459
285.556
285.6853
285.4981
285.0591
286.0732
284.3135
285.0848
284.2604
284.907
283.8833
284.1044
284.0927
284.2699
284.7631
284.8727
284.7311
285.098
285.2821
285.8472
286.9684
287.2999
285.3876
286.4283
285.3212
286.0466
284.4164
283.6512
283.161
283.4204
283.4423
285.2354
286.4689
285.5841
284.0232
284.8509
285.3858
284.0127
285.1346
283.963
284.5974
283.095
284.4733
283.3876
284.4054
284.7737
285.4628
285.2729
284.9351
288.4153
285.7973
287.029
284.9332
287.1299
285.8248
284.3903
285.1926
285.5428
285.4278
287.6735
285.7503
286.1137
285.613
284.3591
285.2632
285.6574
286.7753
286.6337
285.585
284.7497
284.5925
285.5961
284.8582
284.2363
283.7587
285.577
285.1578
285.0534
284.0325
286.203
283.7763
284.0934
285.0518
284.346
284.5809
285.7112
285.1062
284.7403
284.4666
285.0334
284.7994
284.5955
285.5125
287.4298
287.9416
287.4447
286.7499
286.2196
285.9011
285.5087
284.2891
284.3362
283.8129
283.8486
285.122
284.0819
285.3146
285.4873
284.7033
284.7351
283.2286
284.4711
285.3589
284.3304
282.9705
284.3514
284.6044
285.8321
285.5041
284.5423
284.6224
285.3412
286.8624
284.4347
284.9751
286.3505
285.9705
284.424
284.1331
284.3823
285.9386
285.595
286.8257
286.5956
285.9251
285.8373
286.4597
284.5861
284.989
285.1448
285.2373
284.2875
286.9238
285.1028
285.4145
285.9357
285.5423
285.6524
284.5317
284.0649
284.5382
285.5402
285.4912
284.2643
284.7986
284.4307
284.3759
284.2654
283.625
284.5287
284.0479
284.0658
285.2113
284.4877
285.1943
284.4288
286.8172
285.9645
285.5848
285.3141
287.0715
286.7414
287.038
285.2708
285.9018
286.0014
284.592
284.3179
285.599
285.5576
284.8701
284.9179
285.1076
284.9763
287.6559
286.9476
285.2977
285.995
283.9409
286.3217
287.147
285.1298
286.4145
284.7172
284.295
284.364
284.1326
284.2446
283.8061
285.2644
285.2011
286.9521
285.9217
286.787
285.8397
286.9985
284.8582
284.9556
284.2196
285.2894
284.171
285.6209
285.0923
286.6184
284.6508
286.6248
285.5128
286.4313
284.4333
283.6814
284.095
285.3999
284.7395
286.0688
284.2353
285.7149
283.921
283.9919
284.9213
285.4057
284.0542
285.1384
284.9813
287.0576
287.5766
286.1185
284.095
284.9006
283.8471
285.6027
285.327
285.3589
285.5556
285.1515
284.1695
285.8646
285.5783
285.678
287.9913
286.9922
284.1675
285.823
285.9346
287.1346
285.9712
284.6572
286.3393
285.8391
285.0557
288.1197
284.1342
287.3168
285.9901
286.5501
286.9432
286.9505
284.2548
287.7502
286.437
286.2387
286.6678
286.3403
285.1015
285.1042
285.6824
286.3745
287.4279
289.1883
284.9164
289.7492
284.2993
284.7711
285.8177
286.5612
285.3133
287.7206
286.7526
285.9377
285.2461
285.4644
284.469
288.2009
288.6562
286.8781
285.6318
286.8097
286.1122
288.0316
286.7344
285.5293
288.1344
288.3365
288.3719
288.1835
288.0588
287.6414
286.6594
286.5995
287.2062
288.8252
287.5335
289.3645
284.7997
287.0315
283.1707
285.8796
286.3239
286.7721
287.1248
285.8021
284.0764
286.7937
285.9526
286.8088
285.8148
285.8022
283.9329
286.7821
283.9731
285.6297
283.8506
285.5209
286.853
285.7125
285.4623
287.2912
287.7378
286.3759
287.4155
286.3924
286.8228
286.5285
286.8154
288.7188
286.8468
289.2785
287.9959
287.5721
284.9974
285.9392
285.9965
286.2713
286.1755
287.0695
286.0174
288.1848
286.7956
289.3071
285.8147
288.4211
286.265
289.3608
289.8342
288.8574
284.9746
290.4761
291.0558
290.1764
289.9982
289.3825
292.5448
290.8577
287.244
289.8735
289.7323
288.4403
289.2254
286.8206
283.2569
285.5339
284.0174
285.8111
284.2098
287.3633
288.9559
289.4945
289.2663
287.8578
288.5921
288.3672
287.6136
288.1449
286.207
285.3159
284.2
287.4583
284.6878
287.751
287.7964
288.3329
285.889
286.8971
283.5443
287.9994
286.2218
288.0964
287.6762
290.759
288.3189
290.6466
289.6137
289.0764
286.0781
289.5424
289.0476
289.0747
288.2248
287.9507
288.1144
286.6357
289.2159
289.721
289.6881
289.5443
290.5588
291.1138
290.3654
289.1432
290.1631
286.2172
291.3096
290.328
290.4053
290.8513
289.9643
287.1971
291.0872
290.8386
289.4472
286.3816
289.9475
289.3947
289.8446
288.8927
290.7542
291.2653
290.0209
288.7485
290.2112
288.6169
290.3278
289.7432
284.8273
289.1939
287.6145
290.6388
290.3865
289.8257
290.1118
289.4924
289.8371
290.0148
289.9825
290.3113
290.156
290.3257
291.5955
289.2948
287.1223
290.0151
284.7127
288.4565
285.8539
290.0841
288.5032
290.0107
288.8155
290.9238
288.9071
290.662
291.3209
290.1829
288.0322
286.8095
284.642
286.3653
287.6694
288.7266
286.5367
287.9989
286.5243
289.2544
285.7999
288.3576
288.1525
288.7018
284.0729
287.6935
286.9936
287.9362
287.6153
287.9915
286.9367
286.0042
284.3557
288.6935
286.6151
288.3973
288.1234
289.5258
287.8008
289.2996
289.3645
289.6361
289.6709
290.1711
288.7744
289.8884
287.8149
288.0337
285.5803
288.7362
288.1127
288.4576
287.5539
288.882
287.617
288.1342
285.857
284.7292
285.2686
286.8744
287.6214
289.1207
290.1347
290.0201
289.1667
289.7795
289.0983
289.8391
289.4064
291.2905
289.7737
289.9463
288.7584
289.0151
287.0821
286.9362
284.7693
284.4294
285.8644
286.4692
286.7825
286.3378
286.6349
286.9622
285.7866
286.7315
286.6965
286.891
287.3238
287.2001
285.1837
285.1084
284.0809
284.9526
285.0354
285.456
286.1837
287.2138
286.8018
288.2604
287.6724
289.1503
286.962
287.6957
287.0233
286.9295
286.7353
287.8598
286.1976
288.1519
286.5982
287.9577
287.3651
288.419
287.8842
287.0934
287.5332
286.9656
289.1499
289.9467
290.4609
290.0819
289.9061
290.4983
289.6552
289.3707
291.2691
290.5418
289.5734
289.9481
288.6478
290.226
287.7812
291.3638
289.3802
290.5082
291.0046
289.7799
289.8656
289.8435
289.2957
288.634
287.0203
288.6885
287.0484
287.532
287.6143
287.1192
288.5099
288.4433
286.595
288.8482
285.368
287.081
286.6074
288.13
287.393
287.4927
286.9353
287.8065
287.2708
284.7931
284.5343
286.3731
286.1393
287.2581
284.7684
286.8772
285.0589
286.7082
284.6108
286.0606
286.6526
287.2515
287.2621
286.5145
284.5289
284.9651
282.682
283.6436
284.4164
285.2103
285.2922
285.6263
287.095
286.1349
285.1396
285.2585
283.8376
283.301
284.2787
284.0344
285.9067
285.8351
285.8761
286.3919
285.3301
287.6705
288.2991
286.8935
285.5412
286.7526
284.4761
285.0746
285.6961
285.2238
284.1411
283.5414
284.1967
284.1908
284.5827
283.8812
283.5722
285.3942
285.406
285.1606
284.814
284.9557
285.298
285.6411
284.9056
285.2168
285.15
285.2777
284.0609
286.2391
285.8293
286.7063
285.5045
287.1335
285.0566
286.1282
283.9307
285.491
285.4812
286.7603
288.3654
287.8777
288.0323
285.4786
286.7349
284.8285
286.6142
285.7578
287.8725
287.8426
287.9542
287.3223
286.9256
286.5589
285.5308
287.744
288.7636
289.008
288.449
288.5101
288.1873
286.286
287.3803
286.0783
286.1891
285.6587
284.186
285.1295
284.4838
285.7937
284.1629
285.7476
285.6345
288.0927
286.5344
287.3114
285.6776
286.5839
285.0977
288.5549
288.6517
287.5515
285.2461
286.0486
284.7528
285.3519
285.7421
285.1594
285.7618
286.5652
288.2876
287.4681
287.9607
285.6428
288.2906
288.0549
287.8629
289.3712
288.9962
289.5103
289.202
287.535
288.1997
289.5563
287.9341
288.4247
284.4242
288.3102
285.6631
288.2745
289.422
288.3737
286.556
289.2295
287.4988
287.6212
282.9816
286.7262
285.5352
285.9842
287.4672
287.3289
287.3537
287.0479
286.1845
287.7412
286.3001
287.459
287.3383
287.289
286.9086
288.0882
289.285
288.1998
288.6831
287.5783
287.455
286.9664
287.847
288.1272
288.5428
286.7103
287.9664
285.2617
288.5383
286.5481
289.5981
289.8858
289.1236
287.8591
288.1657
286.335
288.9668
286.0609
287.6425
286.9361
288.0312
288.3444
288.7595
284.7132
287.6349
286.1995
288.1781
286.1525
285.5763
285.294
286.5289
283.8164
285.3209
283.8184
285.2246
285.1136
287.7081
287.9074
286.8951
288.7313
287.4004
286.7921
287.5085
285.2719
286.4574
285.1331
287.6675
290.5531
289.0316
288.0435
289.7976
289.1294
289.7523
289.2852
290.3071
291.7596
290.6722
287.2862
289.503
289.959
289.5026
289.0977
288.7079
284.5513
287.6057
285.4115
286.5764
282.4639
287.8319
284.8519
288.0517
288.8239
288.0527
287.685
289.8798
287.2115
282.765
286.8722
288.7842
289.8257
286.7244
287.1693
288.8739
284.1091
288.481
287.2153
289.2353
286.2195
285.9644
286.5948
287.8745
288.7634
287.5693
286.4321
288.0846
287.8099
288.386
285.0822
289.0691
287.8624
288.8057
287.8117
289.2749
290.1187
291.7057
289.8584
290.1108
285.9944
290.3891
288.0886
289.6593
289.5276
289.3519
284.1867
286.625
284.6243
286.3943
287.6416
287.9692
287.9042
290.1121
289.361
288.8373
289.886
289.3425
286.4144
286.902
285.7559
286.329
287.5416
286.6149
287.7994
287.2249
288.3256
288.5757
289.192
290.3433
289.8398
289.8565
289.8782
287.8715
286.9231
287.1437
287.8133
287.9185
287.0876
288.3986
287.8898
288.1147
289.2737
288.0956
286.233
287.4236
287.9402
286.4167
287.3628
285.5866
284.3432
287.93
287.9196
288.4215
286.0267
286.391
288.2339
288.9465
287.6991
287.5147
288.94
288.3063
287.3605
284.836
285.6841
285.9
286.7931
286.4988
289.8575
288.282
289.7276
289.4364
288.6029
287.1297
287.82
288.1253
287.2959
286.8376
287.3686
286.5699
287.0219
287.3901
286.3573
287.1057
286.2093
288.0505
286.7171
285.9969
283.6587
284.8127
285.1023
286.7758
285.7505
287.3287
285.7465
283.9589
285.1848
285.907
286.144
287.8114
287.3729
286.8484
286.8479
284.3993
283.5637
283.9339
285.1315
285.6413
283.3415
284.5123
286.5978
286.2065
285.5882
283.7031
284.756
287.6656
287.0296
286.855
288.3208
285.5231
285.201
286.416
285.4852
286.6157
288.8175
288.832
286.7067
284.6967
287.1466
290.4291
288.0729
286.8815
288.059
287.081
286.2861
289.0681
287.5782
286.9406
287.8548
288.4312
288.1295
286.8124
286.7265
287.6369
288.9165
289.2955
286.7741
286.8682
287.2945
287.2371
286.6508
286.567
288.6992
289.9705
287.6358
289.2431
288.2409
288.5216
291.1746
290.7986
287.9584
289.6813
289.9446
288.9056
287.4979
286.3696
284.6781
286.6178
286.5222
288.4824
287.639
288.1455
289.1176
288.8152
285.7019
289.321
287.8274
289.0969
289.2325
289.8155
287.7068
291.1463
288.49
287.8324
287.9373
286.7979
288.9031
285.7449
288.7957
290.6403
289.002
289.1018
288.9471
287.9679
290.8717
290.0523
290.451
289.9821
291.1546
290.981
289.0401
288.236
288.8722
288.4971
289.429
290.6809
288.7522
288.7831
289.4567
290.2452
290.3595
288.9934
289.7216
288.9311
288.613
288.4172
290.1225
288.9992
289.9181
289.1815
289.2192
288.6452
285.4697
287.5602
288.1301
287.2271
290.5192
290.1317
290.8727
290.3101
286.6606
288.4528
289.1693
288.3886
290.0942
290.5884
290.3803
289.9962
288.9409
290.6176
291.1566
290.8249
290.4727
291.0465
291.5691
290.4167
289.4366
289.7301
290.0827
290.7274
289.4973
290.2594
291.2697
291.4457
290.7822
290.0873
289.7281
286.9875
289.9408
287.6305
289.9395
287.1396
289.9518
291.6747
289.3388
287.752
287.1047
287.8479
288.2042
284.9766
288.4315
287.2033
288.1372
288.666
290.0854
290.7949
289.3561
288.7655
288.3438
286.5611
287.5072
286.9003
287.3663
285.8957
286.9442
284.9323
287.9663
285.8571
287.6656
287.4532
289.8438
287.2562
288.6808
287.1738
288.8987
287.1406
288.0979
288.5396
288.9666
289.0477
288.9001
288.9028
288.8606
287.8178
287.2764
288.1988
290.2081
289.5984
290.4101
289.4791
289.4622
289.1177
290.2154
290.5005
290.0735
290.0869
289.8449
291.2596
290.061
288.1837
290.0161
290.1092
289.0366
289.529
289.2852
290.6016
288.8855
288.6131
287.9922
286.8252
286.5181
286.9992
287.3824
289.0833
289.8649
288.8858
289.33
289.6054
289.0281
288.7069
288.1129
287.485
287.1503
286.7249
288.3839
287.1902
285.6076
284.9493
285.6473
286.8894
287.704
288.1867
288.4079
286.6917
287.0031
286.7325
287.9922
