2.860548697527599415e+02
2.863972123147271418e+02
2.869784299995926631e+02
2.867762666934126514e+02
2.862097302556080081e+02
2.860397449060894814e+02
2.859427003470192403e+02
2.855131790775899390e+02
2.857115917489344383e+02
2.872323265194630721e+02
2.855253132814229389e+02
2.868152476092466827e+02
2.854001542182135154e+02
2.870676355412675207e+02
2.854758962873035557e+02
2.849028669999796648e+02
2.874541495076568935e+02
2.876161159358968007e+02
2.871167524602265075e+02
2.873450076325494820e+02
2.878638803194504590e+02
2.881041350453976975e+02
2.866515634032887192e+02
2.865008545867111138e+02
2.872215302383268636e+02
2.854261967429000606e+02
2.859003075816901287e+02
2.850657196578188177e+02
2.856256190911446424e+02
2.861761250747393319e+02
2.872215302383268636e+02
2.862624626472853038e+02
2.870999788112186479e+02
2.867650422955339309e+02
2.862468856337233660e+02
2.877307500279422356e+02
2.856552059373025827e+02
2.872215302383268636e+02
2.868815651687128252e+02
2.861761250747393319e+02
2.870209935414392817e+02
2.868640356971096139e+02
2.873703190767614046e+02
2.860707654099703063e+02
2.866364965971606580e+02
2.866364965971606580e+02
2.882964032875314047e+02
2.864696121899823993e+02
2.853869512249576701e+02
2.859003075816901287e+02
2.860397449060894814e+02
2.852302426828277362e+02
2.858035075654864841e+02
2.865247317965315119e+02
2.859465527785075096e+02
2.870209935414392817e+02
2.874090370958132326e+02
2.872391225411277560e+02
2.878544687376027014e+02
2.885736078085955683e+02
2.872215302383268636e+02
2.869390189742750294e+02
2.859003075816901287e+02
2.859907346813265008e+02
2.874090370958132326e+02
2.876161159358968007e+02
2.865198490956952924e+02
2.885807322503721934e+02
2.887279576096816527e+02
2.861815438155580864e+02
2.861379873971761185e+02
2.876149283319986694e+02
2.874762191687037216e+02
2.879533354612472067e+02
2.882486670813425462e+02
2.867650422955339309e+02
2.863506609875161644e+02
2.866515634032887192e+02
2.868840804953679822e+02
2.860551652977522963e+02
2.867378542561805261e+02
2.852746663477504399e+02
2.814734637219854676e+02
2.813563035942414103e+02
2.847661096809600849e+02
2.867650422955339309e+02
2.852746663477504399e+02
2.858731701461690591e+02
2.864873997987391476e+02
2.856552059373025827e+02
2.872323265194630721e+02
2.869808300118206716e+02
2.857371061010061339e+02
2.864696121899823993e+02
2.848281032759379059e+02
2.797931514316956054e+02
2.838269148679455611e+02
2.831353930048456959e+02
2.857585996351285758e+02
2.870788123217359384e+02
2.858555295132144920e+02
2.859003075816901287e+02
2.875102182304792109e+02
2.866515634032887192e+02
2.807030242379498191e+02
2.817203883630024848e+02
2.853904475741686610e+02
2.849316789205921054e+02
2.835027988159609436e+02
2.861394486341981747e+02
2.861394486341981747e+02
2.829802647248424705e+02
2.818517621695124831e+02
2.854983586833155869e+02
2.838234835023267806e+02
2.858484641298210818e+02
2.851177467189814365e+02
2.855253132814229389e+02
2.820962538690014867e+02
2.833968534287890293e+02
2.852791346180600272e+02
2.837679653148366015e+02
2.858103121795804213e+02
2.870653532452769809e+02
2.861123280973464489e+02
2.859447520166383470e+02
2.859003075816901287e+02
2.857529274612377890e+02
2.859003075816901287e+02
2.854474280520105935e+02
2.857115917489344383e+02
2.830643087337983843e+02
2.817699296823956274e+02
2.796466541679454849e+02
2.810389504925373103e+02
2.829802647248424705e+02
2.841753637286105345e+02
2.850820714858858196e+02
2.848195035731230291e+02
2.856994385116673243e+02
2.847421961506444177e+02
2.861867852430463017e+02
2.857842775296953164e+02
2.849316789205921054e+02
2.857842775296953164e+02
2.842692267615412902e+02
2.857160818901729158e+02
2.849316789205921054e+02
2.860266314895376922e+02
2.821180108687883035e+02
2.842692267615412902e+02
2.843712266528265786e+02
2.860088689514440148e+02
2.844698587873684801e+02
2.825051394432192637e+02
2.857394873350160651e+02
2.854187689956876284e+02
2.861375957217778137e+02
2.854703617110736786e+02
2.867828981986690451e+02
2.873450076325494820e+02
2.861837531305826587e+02
2.857800819666430812e+02
2.866231917961202385e+02
2.851500691218493557e+02
2.861375957217778137e+02
2.871318850357142765e+02
2.856796390188651458e+02
2.791549945921043445e+02
2.859643347167509546e+02
2.867265477827199902e+02
2.877606022493340561e+02
2.777385752884138128e+02
2.777385752884138128e+02
2.813098868562286725e+02
2.829174864152404894e+02
2.872940432406513196e+02
2.878577938812849197e+02
2.882069121915616279e+02
2.886669754371499153e+02
2.866515634032887192e+02
2.890510263762627687e+02
2.892405505278084092e+02
2.895245242977291014e+02
2.889875991470597114e+02
2.893470724042988422e+02
2.844499079488851407e+02
2.842618932267654941e+02
2.861815438155580864e+02
2.870325515728837331e+02
2.848281032759379059e+02
2.843138322738087140e+02
2.844343396600994538e+02
2.868815651687128252e+02
2.865428641559537368e+02
2.876615008782256950e+02
2.877320961095906569e+02
2.859317193782292179e+02
2.851671394689279850e+02
2.868840804953679822e+02
2.857115917489344383e+02
2.829033360404828272e+02
2.853643568765758687e+02
2.878170153982046031e+02
2.895245242977291014e+02
2.891395286489376986e+02
2.898777406713757614e+02
2.877630175515926112e+02
2.893567127513272794e+02
2.874541495076568935e+02
2.838169491599219896e+02
2.878170153982046031e+02
2.860266314895376922e+02
2.864218351080962179e+02
2.861837531305826587e+02
2.866515634032887192e+02
2.877606022493340561e+02
2.857628609242099174e+02
2.891395286489376986e+02
2.898777406713757614e+02
2.891813557486494801e+02
2.856552059373025827e+02
2.854528220201747217e+02
2.841756718598468296e+02
2.868815651687128252e+02
2.891237473865024299e+02
2.867650422955339309e+02
2.859003075816901287e+02
2.859003075816901287e+02
2.860707654099703063e+02
2.866364965971606580e+02
2.873450076325494820e+02
2.887713655604010796e+02
2.883508754807102719e+02
2.861400876064662384e+02
2.873012202083767761e+02
2.859465527785075096e+02
2.854758962873035557e+02
2.829104078008183478e+02
2.841756718598468296e+02
2.856256190911446424e+02
2.878678077158469364e+02
2.871910214554354184e+02
2.842006921047724859e+02
2.845202304798017394e+02
2.862624626472853038e+02
2.859465527785075096e+02
2.872323265194630721e+02
2.867650422955339309e+02
2.859907346813265008e+02
2.846356620458508360e+02
2.872323265194630721e+02
2.869993573912942679e+02
2.868815651687128252e+02
2.850657196578188177e+02
2.880910880370851714e+02
2.847748923192927464e+02
2.852746663477504399e+02
2.874716228900207398e+02
2.870788123217359384e+02
2.893494044661018165e+02
2.865428641559537368e+02
2.873842626904647091e+02
2.842166716376610225e+02
2.863456915818189827e+02
2.893494044661018165e+02
2.872323265194630721e+02
2.893494044661018165e+02
2.884552202199623139e+02
2.861761250747393319e+02
2.858555295132144920e+02
2.858475873396649831e+02
2.881487573230199359e+02
2.879365914209436141e+02
2.891813557486494801e+02
2.882486670813425462e+02
2.899698159122405059e+02
2.882486670813425462e+02
2.872323265194630721e+02
2.859003075816901287e+02
2.872323265194630721e+02
2.873415804350304938e+02
2.867378542561805261e+02
2.866515634032887192e+02
2.867378542561805261e+02
2.878171675790349582e+02
2.862592665874640829e+02
2.861815438155580864e+02
2.858260661142593904e+02
2.867650422955339309e+02
2.867650422955339309e+02
2.863657386091662715e+02
2.859465527785075096e+02
2.865810995981127007e+02
2.867650422955339309e+02
2.868815651687128252e+02
2.855742861062314546e+02
2.867650422955339309e+02
2.856890544634849789e+02
2.874541495076568935e+02
2.867344552167917300e+02
2.876979562371719794e+02
2.886669754371499153e+02
2.867650422955339309e+02
2.872391225411277560e+02
2.850675723275471114e+02
2.833968534287890293e+02
2.832170698430250582e+02
2.868815651687128252e+02
2.859891297589172154e+02
2.860846848108247400e+02
2.859597589411138188e+02
2.863506609875161644e+02
2.871167524602265075e+02
2.862863025479672388e+02
2.863506609875161644e+02
2.845798204099666009e+02
2.847274674955456817e+02
2.844698587873684801e+02
2.854909481830741811e+02
2.865008545867111138e+02
2.839820535643349331e+02
2.859003075816901287e+02
2.838490916346466975e+02
2.853559920226321083e+02
2.856994385116673243e+02
2.859961664845984046e+02
2.863177271231771215e+02
2.872323265194630721e+02
2.866515634032887192e+02
2.859003075816901287e+02
2.817115544796506583e+02
2.819441035926274139e+02
2.849719143695069192e+02
2.867378542561805261e+02
2.796329486427881648e+02
2.777758615695593676e+02
2.812085371874542830e+02
2.809083813262766398e+02
2.824333360256156880e+02
2.784117474529797960e+02
2.818048481531437233e+02
2.830632849012786210e+02
2.860707654099703063e+02
2.842479110052940428e+02
2.828319036715045058e+02
2.872391539685514203e+02
2.862592665874640829e+02
2.875595627636054701e+02
2.875102182304792109e+02
2.876615008782256950e+02
2.885610029947297335e+02
2.887474758999749724e+02
2.891534048382693527e+02
2.888719417271427687e+02
2.885807322503721934e+02
2.861400876064662384e+02
2.865127685693360604e+02
2.869808300118206716e+02
2.864696121899823993e+02
2.877948549547151629e+02
2.870676355412675207e+02
2.870003449877705179e+02
2.880507166347698558e+02
2.846276390115324944e+02
2.841756718598468296e+02
2.874541495076568935e+02
2.863456915818189827e+02
2.881041350453976975e+02
2.864132787158947622e+02
2.872865493434973132e+02
2.878170153982046031e+02
2.859572853287392604e+02
2.877606022493340561e+02
2.872391225411277560e+02
2.848623859277142856e+02
2.859465527785075096e+02
2.867344552167917300e+02
2.858475873396649831e+02
2.877202514538217883e+02
2.854474280520105935e+02
2.868815651687128252e+02
2.872323265194630721e+02
2.877606022493340561e+02
2.870676355412675207e+02
2.864696121899823993e+02
2.857066429991145355e+02
2.844998434617637031e+02
2.852302426828277362e+02
2.864696121899823993e+02
2.841631150906929975e+02
2.828319036715045058e+02
2.866515634032887192e+02
2.867378542561805261e+02
2.861400876064662384e+02
2.866515634032887192e+02
2.882486670813425462e+02
2.872865493434973132e+02
2.872011341354279921e+02
2.879541656786288968e+02
2.852302426828277362e+02
2.872323265194630721e+02
2.873450076325494820e+02
2.861815438155580864e+02
2.872323265194630721e+02
2.841069913504948090e+02
2.872323265194630721e+02
2.872323265194630721e+02
2.881487573230199359e+02
2.872323265194630721e+02
2.877606022493340561e+02
2.854983586833155869e+02
2.876161159358968007e+02
2.876615008782256950e+02
2.861815438155580864e+02
2.876979562371719794e+02
2.867650422955339309e+02
2.859003075816901287e+02
2.865886048582228227e+02
2.867378542561805261e+02
2.866515634032887192e+02
2.879541656786288968e+02
2.882486670813425462e+02
2.878171675790349582e+02
2.882486670813425462e+02
2.867378542561805261e+02
2.877202514538217883e+02
2.885754540805917259e+02
2.860707654099703063e+02
2.876434255068922425e+02
2.867650422955339309e+02
2.862592665874640829e+02
2.845918469742495063e+02
2.866960901091734399e+02
2.876979562371719794e+02
2.861815438155580864e+02
2.856552059373025827e+02
2.861123280973464489e+02
2.851788846345539810e+02
2.862592665874640829e+02
2.868815651687128252e+02
2.861761250747393319e+02
2.866817924558954473e+02
2.869881910061770895e+02
2.872922949598854530e+02
2.892676026642749321e+02
2.863657386091662715e+02
2.855927368642840065e+02
2.858035075654864841e+02
2.861815438155580864e+02
2.860193523653592820e+02
2.872865493434973132e+02
2.867378542561805261e+02
2.856161709197421601e+02
2.866515634032887192e+02
2.868815651687128252e+02
2.863456915818189827e+02
2.856161709197421601e+02
2.866515634032887192e+02
2.866515634032887192e+02
2.872391225411277560e+02
2.872922949598854530e+02
2.861815438155580864e+02
2.890185600312621546e+02
2.872391225411277560e+02
2.861816187232477091e+02
2.855962322919600069e+02
2.866817924558954473e+02
2.878170153982046031e+02
2.872865493434973132e+02
2.877202514538217883e+02
2.872391225411277560e+02
2.864404953366295672e+02
2.872215302383268636e+02
2.882486670813425462e+02
2.849973447994200910e+02
2.872323265194630721e+02
2.866515634032887192e+02
2.872323265194630721e+02
2.875102182304792109e+02
2.854474280520105935e+02
2.862592665874640829e+02
2.878577938812849197e+02
2.872922949598854530e+02
2.878577938812849197e+02
2.866515634032887192e+02
2.861815438155580864e+02
2.863177271231771215e+02
2.852861925799754204e+02
2.873415804350304938e+02
2.872323265194630721e+02
2.872922949598854530e+02
2.879154764869921337e+02
2.872323265194630721e+02
2.874815416934681025e+02
2.856552059373025827e+02
2.861815438155580864e+02
2.861815438155580864e+02
2.864218351080962179e+02
2.868815651687128252e+02
2.862468856337233660e+02
2.865428641559537368e+02
2.882932098620790384e+02
2.884552202199623139e+02
2.844021886714624543e+02
2.839692869631009557e+02
2.863975436035850066e+02
2.864267617861284521e+02
2.857278954823341337e+02
2.859597589411138188e+02
2.857628609242099174e+02
2.872922949598854530e+02
2.858555295132144920e+02
2.866515634032887192e+02
2.867828981986690451e+02
2.880873447468176209e+02
2.860266314895376922e+02
2.866515634032887192e+02
2.866515634032887192e+02
2.868815651687128252e+02
2.867828981986690451e+02
2.867650422955339309e+02
2.849351985797393922e+02
2.837314777910924022e+02
2.814399644971437624e+02
2.810422878742903094e+02
2.847500050669864891e+02
2.843624443044282657e+02
2.842618932267654941e+02
2.850509079590307238e+02
2.853643568765758687e+02
2.861815438155580864e+02
2.831952232935753386e+02
2.841756718598468296e+02
2.818862868243748494e+02
2.838256105420475706e+02
2.826440183699735371e+02
2.851472147510566515e+02
2.833272467662528697e+02
2.820535605243203463e+02
2.826911994897772047e+02
2.853067767438390092e+02
2.859003075816901287e+02
2.857842775296953164e+02
2.862656232811971222e+02
2.856552059373025827e+02
2.867378542561805261e+02
2.840639394438735508e+02
2.841756718598468296e+02
2.847274674955456817e+02
2.855235685193943596e+02
2.841756718598468296e+02
2.852746663477504399e+02
2.838490916346466975e+02
2.842894478753999010e+02
2.856256190911446424e+02
2.854474280520105935e+02
2.849719143695069192e+02
2.860509194641597901e+02
2.859961664845984046e+02
2.861867852430463017e+02
2.860266314895376922e+02
2.856552059373025827e+02
2.847500050669864891e+02
2.869507677863982735e+02
2.860266314895376922e+02
2.858555295132144920e+02
2.871795878414629328e+02
2.855681490617630516e+02
2.857323816019307401e+02
2.848793964623066586e+02
2.869021281358422470e+02
2.856994385116673243e+02
2.853067767438390092e+02
2.848623859277142856e+02
2.854983586833155869e+02
2.858555295132144920e+02
2.857628609242099174e+02
2.856552059373025827e+02
2.807491766648915359e+02
2.776815381283582269e+02
2.784826407609083958e+02
2.779503230508336742e+02
2.824333360256156880e+02
2.857585996351285758e+02
2.844343396600994538e+02
2.825051394432192637e+02
2.797655172354517958e+02
2.803224175136391523e+02
2.825051394432192637e+02
2.834370296803839437e+02
2.826440183699735371e+02
2.866825161225471561e+02
2.863506609875161644e+02
2.864218351080962179e+02
2.857842775296953164e+02
2.858353271979153760e+02
2.866515634032887192e+02
2.861123280973464489e+02
2.858890406131222903e+02
2.854909481830741811e+02
2.854518806598083529e+02
2.857053331092693043e+02
2.854758121035032445e+02
2.867815854280938197e+02
2.841069913503219482e+02
2.835850290133668068e+02
2.860100923510830739e+02
2.855235685193943596e+02
2.863456915818189827e+02
2.867344552167917300e+02
2.867344552167917300e+02
2.872391225411277560e+02
2.849351985797393922e+02
2.861815438155580864e+02
2.804815964629203222e+02
2.860974239349196182e+02
2.860266314895376922e+02
2.860266314895376922e+02
2.855283922044353631e+02
2.851500691218493557e+02
2.854758121035032445e+02
2.851501812625514845e+02
2.854758121035032445e+02
2.874821632098344821e+02
2.866235993034204625e+02
2.876434255068922425e+02
2.850675723275471114e+02
2.854758962873035557e+02
2.840639394438735508e+02
2.841354641223608155e+02
2.832087776835920749e+02
2.852791346180600272e+02
2.872865493434973132e+02
2.859003075816901287e+02
2.874541495076568935e+02
2.882505029889230741e+02
2.843138322738087140e+02
2.840252398154465254e+02
2.860193523653592820e+02
2.861816187232477091e+02
2.866364965971606580e+02
2.841756718598468296e+02
2.849351985797393922e+02
2.861815438155580864e+02
2.854688634252240718e+02
2.881487573230199359e+02
2.852257080184829761e+02
2.856256190911446424e+02
2.866435144875717924e+02
2.875595627636054701e+02
2.881487573230199359e+02
2.878577938812849197e+02
2.861815438155580864e+02
2.862592665874640829e+02
2.861815438155580864e+02
2.877177652473825447e+02
2.854715552656313662e+02
2.853511426500689936e+02
2.855903111691652043e+02
2.868815651687128252e+02
2.867650422955339309e+02
2.845202304798017394e+02
2.858475873396649831e+02
2.857115917489344383e+02
2.875624304442158632e+02
2.872323265194630721e+02
2.866515634032887192e+02
2.877606022493340561e+02
2.863456915818189827e+02
2.884552202199623139e+02
2.859465527785075096e+02
2.867378542561805261e+02
2.859465527785075096e+02
2.856552059373025827e+02
2.850657196578188177e+02
2.873012202083767761e+02
2.877202514538217883e+02
2.861815438155580864e+02
2.847500050669864891e+02
2.852746663477504399e+02
2.856256190911446424e+02
2.842242498151177870e+02
2.847748923192927464e+02
2.864696121899823993e+02
2.873012202083767761e+02
2.872215302383268636e+02
2.868862393016160581e+02
2.874541495076568935e+02
2.861815438155580864e+02
2.874090370958132326e+02
2.856161709197421601e+02
2.877606022493340561e+02
2.856256190911446424e+02
2.866364965971606580e+02
2.868640356971096139e+02
2.852058157426496905e+02
2.845040964061515183e+02
2.852171720463372822e+02
2.872865493434973132e+02
2.866515634032887192e+02
2.844708363288871737e+02
2.844021886714624543e+02
2.854474280520105935e+02
2.860707654099703063e+02
2.860666232627336854e+02
2.881487573230199359e+02
2.861761250747393319e+02
2.850777012025394015e+02
2.854261967429000606e+02
2.866364965971606580e+02
2.870003449877705179e+02
2.866364965971606580e+02
2.867650422955339309e+02
2.866364965971606580e+02
2.859310950212073976e+02
2.866364965971606580e+02
2.859003075816901287e+02
2.862656232811971222e+02
2.882486670813425462e+02
2.860974239349196182e+02
2.882486670813425462e+02
2.861815438155580864e+02
2.856256190911446424e+02
2.861816187232477091e+02
2.851788846345539810e+02
2.881487573230199359e+02
2.867650422955339309e+02
2.871167524602265075e+02
2.871167524602265075e+02
2.876615008782256950e+02
2.881487573230199359e+02
2.865100160229166590e+02
2.867378542561805261e+02
2.861816187232477091e+02
2.857628609242099174e+02
2.862592665874640829e+02
2.867650422955339309e+02
2.841069913503246767e+02
2.854261967429000606e+02
2.851450536029104228e+02
2.856569481281320009e+02
2.870003449877705179e+02
2.856256190911446424e+02
2.867344552167917300e+02
2.859572853287392604e+02
2.864404953366295672e+02
2.867650422955339309e+02
2.871318850357142765e+02
2.882069121915616279e+02
2.863506609875161644e+02
2.866817924558954473e+02
2.877606022493340561e+02
2.878171675790349582e+02
2.877606022493340561e+02
2.889875991470597114e+02
2.876615008782256950e+02
2.885610029947297335e+02
2.882486670813425462e+02
2.885736078085955683e+02
2.878678077158469364e+02
2.866364965971606580e+02
2.873012202083767761e+02
2.872865493434973132e+02
2.876979562371719794e+02
2.866817924558954473e+02
2.861123280973464489e+02
2.873450076325494820e+02
2.848623859277142856e+02
2.868815651687128252e+02
2.865100160229166590e+02
2.867344552167917300e+02
2.847353407197109618e+02
2.847656300979949151e+02
2.843326198939297456e+02
2.866303260300445572e+02
2.876615008782256950e+02
2.885610029947297335e+02
2.878577938812849197e+02
2.886669754371499153e+02
2.871167524602265075e+02
2.861761250747393319e+02
2.853511426500689936e+02
2.847353407197109618e+02
2.847353407197109618e+02
2.853511426500689936e+02
2.855927368642840065e+02
2.872323265194630721e+02
2.871167524602265075e+02
2.880165978290265798e+02
2.864132787158947622e+02
2.881384886797926583e+02
2.862624626472853038e+02
2.867378542561805261e+02
2.856552059373025827e+02
2.879541656786288968e+02
2.881487573230199359e+02
2.891813557486494801e+02
2.882069121915616279e+02
2.881487573230199359e+02
2.875102182304792109e+02
2.873450076325494820e+02
2.872922949598854530e+02
2.881487573230199359e+02
2.884552202199623139e+02
2.866515634032887192e+02
2.876149283319986694e+02
2.870760416962345971e+02
2.868372890826806270e+02
2.878577938812849197e+02
2.880873447468176209e+02
2.874385794982927109e+02
2.887713655604010796e+02
2.882932098620790384e+02
2.889875991470597114e+02
2.884552202199623139e+02
2.872865493434973132e+02
2.879541656786288968e+02
2.861123280973464489e+02
2.849595601658068631e+02
2.861400876064662384e+02
2.866515634032887192e+02
2.859465527785075096e+02
2.868815651687128252e+02
2.870676355412675207e+02
2.861761250747393319e+02
2.877606022493340561e+02
2.879326927734292099e+02
2.858555295132144920e+02
2.873450076325494820e+02
2.877606022493340561e+02
2.873450076325494820e+02
2.877606022493340561e+02
2.849322684852779162e+02
2.877606022493340561e+02
2.872215302383268636e+02
2.871167524602265075e+02
2.872391225411277560e+02
2.867378542561805261e+02
2.870676355412675207e+02
2.861761250747393319e+02
2.869651483346237910e+02
2.872323265194630721e+02
2.877606022493340561e+02
2.861815438155580864e+02
2.883508754807102719e+02
2.866515634032887192e+02
2.866235993034204625e+02
2.859003075816901287e+02
2.872323265194630721e+02
2.872323265194630721e+02
2.866235993034204625e+02
2.853643568765758687e+02
2.862592665874640829e+02
2.865247317965315119e+02
2.873450076325494820e+02
2.881487573230199359e+02
2.853852079571074114e+02
2.858103121795804213e+02
2.841756718598468296e+02
2.858353271979153760e+02
2.860974239349196182e+02
2.864404953366295672e+02
2.877606022493340561e+02
2.866515634032887192e+02
2.831395763278003415e+02
2.829033360404828272e+02
2.852746663477504399e+02
2.861815438155580864e+02
2.860362845220774943e+02
2.848623859277142856e+02
2.859465527785075096e+02
2.867650422955339309e+02
2.859907346813265008e+02
2.863506609875161644e+02
2.843974127097569067e+02
2.830703274787375676e+02
2.854013635875855925e+02
2.846785020757692450e+02
2.855681490617630516e+02
2.832655389349686175e+02
2.844052102401984143e+02
2.856313397545621342e+02
2.860509194641597901e+02
2.867650422955339309e+02
2.854601439472960465e+02
2.775586153816124693e+02
2.832083527410666193e+02
2.844343396600994538e+02
2.839575008197501802e+02
2.877606022493340561e+02
2.840071649848651418e+02
2.857053331092693043e+02
2.854014309734454855e+02
2.829872239542250441e+02
2.859907346813265008e+02
2.849677602006592565e+02
2.883033740558651630e+02
2.862656232811971222e+02
2.873012202083767761e+02
2.829872239542250441e+02
