2.857758483886718750e+02
2.858775024414062500e+02
2.857849121093750000e+02
2.857819824218750000e+02
2.857449645996093750e+02
2.857726745605468750e+02
2.856769714355468750e+02
2.856264038085937500e+02
2.855851135253906250e+02
2.862305603027343750e+02
2.855544433593750000e+02
2.860097351074218750e+02
2.855922241210937500e+02
2.860771789550781250e+02
2.856298217773437500e+02
2.854929809570312500e+02
2.862978515625000000e+02
2.863344421386718750e+02
2.861968688964843750e+02
2.862642211914062500e+02
2.862760620117187500e+02
2.865046691894531250e+02
2.860617675781250000e+02
2.859020690917968750e+02
2.861079406738281250e+02
2.855990600585937500e+02
2.857219238281250000e+02
2.854894714355468750e+02
2.856605529785156250e+02
2.858309326171875000e+02
2.861079406738281250e+02
2.858341979980468750e+02
2.860742492675781250e+02
2.860956115722656250e+02
2.860179748535156250e+02
2.862424926757812500e+02
2.855508422851562500e+02
2.861079406738281250e+02
2.861293945312500000e+02
2.858309326171875000e+02
2.861325378417968750e+02
2.860067138671875000e+02
2.860830078125000000e+02
2.857694396972656250e+02
2.859390869140625000e+02
2.859390869140625000e+02
2.863537902832031250e+02
2.859083251953125000e+02
2.854756469726562500e+02
2.857219238281250000e+02
2.857726745605468750e+02
2.855341186523437500e+02
2.856912841796875000e+02
2.859051818847656250e+02
2.857560424804687500e+02
2.861325378417968750e+02
2.861723022460937500e+02
2.861999816894531250e+02
2.864350280761718750e+02
2.864126892089843750e+02
2.861079406738281250e+02
2.860435180664062500e+02
2.857219238281250000e+02
2.857525939941406250e+02
2.861723022460937500e+02
2.863344421386718750e+02
2.860246582031250000e+02
2.865407714843750000e+02
2.864767761230468750e+02
2.858922424316406250e+02
2.858548583984375000e+02
2.863620300292968750e+02
2.862366333007812500e+02
2.865600891113281250e+02
2.865658264160156250e+02
2.860956115722656250e+02
2.859534606933593750e+02
2.860617675781250000e+02
2.861567382812500000e+02
2.857490234375000000e+02
2.860004882812500000e+02
2.853789978027343750e+02
2.841608276367187500e+02
2.835816040039062500e+02
2.852677612304687500e+02
2.860956115722656250e+02
2.853789978027343750e+02
2.857253723144531250e+02
2.861196289062500000e+02
2.855508422851562500e+02
2.862305603027343750e+02
2.860404663085937500e+02
2.856947021484375000e+02
2.859083251953125000e+02
2.852637939453125000e+02
2.840127563476562500e+02
2.848111267089843750e+02
2.846968994140625000e+02
2.855778198242187500e+02
2.860712280273437500e+02
2.856877746582031250e+02
2.857219238281250000e+02
2.863284301757812500e+02
2.860617675781250000e+02
2.837769775390625000e+02
2.842869262695312500e+02
2.854365234375000000e+02
2.853941345214843750e+02
2.849029846191406250e+02
2.858172912597656250e+02
2.858172912597656250e+02
2.846923522949218750e+02
2.841350708007812500e+02
2.854709472656250000e+02
2.848154296875000000e+02
2.856500244140625000e+02
2.853714294433593750e+02
2.855544433593750000e+02
2.842253112792968750e+02
2.847146301269531250e+02
2.854096984863281250e+02
2.848895568847656250e+02
2.856535644531250000e+02
2.861937255859375000e+02
2.858582458496093750e+02
2.857594909667968750e+02
2.857219238281250000e+02
2.856980590820312500e+02
2.857219238281250000e+02
2.854478454589843750e+02
2.855851135253906250e+02
2.846617431640625000e+02
2.842320861816406250e+02
2.840433349609375000e+02
2.843645019531250000e+02
2.846923522949218750e+02
2.852126159667968750e+02
2.853635864257812500e+02
2.853595886230468750e+02
2.858783569335937500e+02
2.852597656250000000e+02
2.859839782714843750e+02
2.860145263671875000e+02
2.853941345214843750e+02
2.860145263671875000e+02
2.851862792968750000e+02
2.858101806640625000e+02
2.853941345214843750e+02
2.858137512207031250e+02
2.843387451171875000e+02
2.851862792968750000e+02
2.852862243652343750e+02
2.857796325683593750e+02
2.851250305175781250e+02
2.843436279296875000e+02
2.857075500488281250e+02
2.856008605957031250e+02
2.859500122070312500e+02
2.856695251464843750e+02
2.862210998535156250e+02
2.862642211914062500e+02
2.858513793945312500e+02
2.861467590332031250e+02
2.863190307617187500e+02
2.855626220703125000e+02
2.859500122070312500e+02
2.861662902832031250e+02
2.856046752929687500e+02
2.839050903320312500e+02
2.857112426757812500e+02
2.860923767089843750e+02
2.863985595703125000e+02
2.834660949707031250e+02
2.834660949707031250e+02
2.827754821777343750e+02
2.848238220214843750e+02
2.862916870117187500e+02
2.864320678710937500e+02
2.865630187988281250e+02
2.866990661621093750e+02
2.860617675781250000e+02
2.868318786621093750e+02
2.869641723632812500e+02
2.867733764648437500e+02
2.866405944824218750e+02
2.868700866699218750e+02
2.852485961914062500e+02
2.850984497070312500e+02
2.858922424316406250e+02
2.859818725585937500e+02
2.852637939453125000e+02
2.850943908691406250e+02
2.851557006835937500e+02
2.861293945312500000e+02
2.860279235839843750e+02
2.863650207519531250e+02
2.864596557617187500e+02
2.856770324707031250e+02
2.853752441406250000e+02
2.861567382812500000e+02
2.855851135253906250e+02
2.845389404296875000e+02
2.854134521484375000e+02
2.864291992187500000e+02
2.867733764648437500e+02
2.868039550781250000e+02
2.867427062988281250e+02
2.873604125976562500e+02
2.867805786132812500e+02
2.862978515625000000e+02
2.850384521484375000e+02
2.864291992187500000e+02
2.858137512207031250e+02
2.859873962402343750e+02
2.858513793945312500e+02
2.860617675781250000e+02
2.863985595703125000e+02
2.856194152832031250e+02
2.868039550781250000e+02
2.867427062988281250e+02
2.868981018066406250e+02
2.855508422851562500e+02
2.855201721191406250e+02
2.850329589843750000e+02
2.861293945312500000e+02
2.868650207519531250e+02
2.860956115722656250e+02
2.857219238281250000e+02
2.857219238281250000e+02
2.857694396972656250e+02
2.859390869140625000e+02
2.862642211914062500e+02
2.867323608398437500e+02
2.865992126464843750e+02
2.858002014160156250e+02
2.861386413574218750e+02
2.857560424804687500e+02
2.856298217773437500e+02
2.845433349609375000e+02
2.850329589843750000e+02
2.856605529785156250e+02
2.864043884277343750e+02
2.861049499511718750e+02
2.849858398437500000e+02
2.851371154785156250e+02
2.858341979980468750e+02
2.857560424804687500e+02
2.862305603027343750e+02
2.860956115722656250e+02
2.857525939941406250e+02
2.851717529296875000e+02
2.862305603027343750e+02
2.861631469726562500e+02
2.861293945312500000e+02
2.854894714355468750e+02
2.863123779296875000e+02
2.853970642089843750e+02
2.853789978027343750e+02
2.861752624511718750e+02
2.860712280273437500e+02
2.865792846679687500e+02
2.860279235839843750e+02
2.862029724121093750e+02
2.852867736816406250e+02
2.859601440429687500e+02
2.865792846679687500e+02
2.862305603027343750e+02
2.865792846679687500e+02
2.866325378417968750e+02
2.858309326171875000e+02
2.856877746582031250e+02
2.857287597656250000e+02
2.865324401855468750e+02
2.862508239746093750e+02
2.868981018066406250e+02
2.865658264160156250e+02
2.867757873535156250e+02
2.865658264160156250e+02
2.862305603027343750e+02
2.857219238281250000e+02
2.862305603027343750e+02
2.862336425781250000e+02
2.860004882812500000e+02
2.860617675781250000e+02
2.860004882812500000e+02
2.863067321777343750e+02
2.859262084960937500e+02
2.858922424316406250e+02
2.857013854980468750e+02
2.860956115722656250e+02
2.860956115722656250e+02
2.859295043945312500e+02
2.857560424804687500e+02
2.859421691894531250e+02
2.860956115722656250e+02
2.861293945312500000e+02
2.855128784179687500e+02
2.860956115722656250e+02
2.855397949218750000e+02
2.862978515625000000e+02
2.859698181152343750e+02
2.863680419921875000e+02
2.866990661621093750e+02
2.860956115722656250e+02
2.861999816894531250e+02
2.853483276367187500e+02
2.847146301269531250e+02
2.846838684082031250e+02
2.861293945312500000e+02
2.857454528808593750e+02
2.858208007812500000e+02
2.856806640625000000e+02
2.859534606933593750e+02
2.861968688964843750e+02
2.858648986816406250e+02
2.859534606933593750e+02
2.852024841308593750e+02
2.852291564941406250e+02
2.851250305175781250e+02
2.855015258789062500e+02
2.859020690917968750e+02
2.849326782226562500e+02
2.857219238281250000e+02
2.849285888671875000e+02
2.854403381347656250e+02
2.858783569335937500e+02
2.857901306152343750e+02
2.860518798828125000e+02
2.862305603027343750e+02
2.860617675781250000e+02
2.857219238281250000e+02
2.842467041015625000e+02
2.841707153320312500e+02
2.852755432128906250e+02
2.860004882812500000e+02
2.835244140625000000e+02
2.835024414062500000e+02
2.840686950683593750e+02
2.836485290527343750e+02
2.843081359863281250e+02
2.834101867675781250e+02
2.841187438964843750e+02
2.846136474609375000e+02
2.857694396972656250e+02
2.852473449707031250e+02
2.845081176757812500e+02
2.863894653320312500e+02
2.859262084960937500e+02
2.863314819335937500e+02
2.863284301757812500e+02
2.863650207519531250e+02
2.866658630371093750e+02
2.867628784179687500e+02
2.870417785644531250e+02
2.867655639648437500e+02
2.865407714843750000e+02
2.858002014160156250e+02
2.859113769531250000e+02
2.860404663085937500e+02
2.859083251953125000e+02
2.861529846191406250e+02
2.860771789550781250e+02
2.860464172363281250e+02
2.862895812988281250e+02
2.853695983886718750e+02
2.850329589843750000e+02
2.862978515625000000e+02
2.859601440429687500e+02
2.865046691894531250e+02
2.858713073730468750e+02
2.861693420410156250e+02
2.864291992187500000e+02
2.857628784179687500e+02
2.863985595703125000e+02
2.861999816894531250e+02
2.852409667968750000e+02
2.857560424804687500e+02
2.859698181152343750e+02
2.857287597656250000e+02
2.863373718261718750e+02
2.854478454589843750e+02
2.861293945312500000e+02
2.862305603027343750e+02
2.863985595703125000e+02
2.860771789550781250e+02
2.859083251953125000e+02
2.856705932617187500e+02
2.853352966308593750e+02
2.855341186523437500e+02
2.859083251953125000e+02
2.848788757324218750e+02
2.845081176757812500e+02
2.860617675781250000e+02
2.860004882812500000e+02
2.858002014160156250e+02
2.860617675781250000e+02
2.865658264160156250e+02
2.861693420410156250e+02
2.861108703613281250e+02
2.864655456542968750e+02
2.855341186523437500e+02
2.862305603027343750e+02
2.862642211914062500e+02
2.858922424316406250e+02
2.862305603027343750e+02
2.851159973144531250e+02
2.862305603027343750e+02
2.862305603027343750e+02
2.865324401855468750e+02
2.862305603027343750e+02
2.863985595703125000e+02
2.854709472656250000e+02
2.863344421386718750e+02
2.863650207519531250e+02
2.858922424316406250e+02
2.863680419921875000e+02
2.860956115722656250e+02
2.857219238281250000e+02
2.860552062988281250e+02
2.860004882812500000e+02
2.860617675781250000e+02
2.864655456542968750e+02
2.865658264160156250e+02
2.863067321777343750e+02
2.865658264160156250e+02
2.860004882812500000e+02
2.863373718261718750e+02
2.864433898925781250e+02
2.857694396972656250e+02
2.863038330078125000e+02
2.860956115722656250e+02
2.859262084960937500e+02
2.853175659179687500e+02
2.859759521484375000e+02
2.863680419921875000e+02
2.858922424316406250e+02
2.855508422851562500e+02
2.858582458496093750e+02
2.853445739746093750e+02
2.859262084960937500e+02
2.861293945312500000e+02
2.858309326171875000e+02
2.860311889648437500e+02
2.861905517578125000e+02
2.862611083984375000e+02
2.867070312500000000e+02
2.859295043945312500e+02
2.855165405273437500e+02
2.856912841796875000e+02
2.858922424316406250e+02
2.857935485839843750e+02
2.861693420410156250e+02
2.860004882812500000e+02
2.856639709472656250e+02
2.860617675781250000e+02
2.861293945312500000e+02
2.859601440429687500e+02
2.856639709472656250e+02
2.860617675781250000e+02
2.860617675781250000e+02
2.861999816894531250e+02
2.862611083984375000e+02
2.858922424316406250e+02
2.867707824707031250e+02
2.861999816894531250e+02
2.858616027832031250e+02
2.855886840820312500e+02
2.860311889648437500e+02
2.864291992187500000e+02
2.861693420410156250e+02
2.863373718261718750e+02
2.861999816894531250e+02
2.859940490722656250e+02
2.861079406738281250e+02
2.865658264160156250e+02
2.853369140625000000e+02
2.862305603027343750e+02
2.860617675781250000e+02
2.862305603027343750e+02
2.863284301757812500e+02
2.854478454589843750e+02
2.859262084960937500e+02
2.864320678710937500e+02
2.862611083984375000e+02
2.864320678710937500e+02
2.860617675781250000e+02
2.858922424316406250e+02
2.860518798828125000e+02
2.855649108886718750e+02
2.862336425781250000e+02
2.862305603027343750e+02
2.862611083984375000e+02
2.864626464843750000e+02
2.862305603027343750e+02
2.863589477539062500e+02
2.855508422851562500e+02
2.858922424316406250e+02
2.858922424316406250e+02
2.859873962402343750e+02
2.861293945312500000e+02
2.860179748535156250e+02
2.860279235839843750e+02
2.865713806152343750e+02
2.866325378417968750e+02
2.853556213378906250e+02
2.851288452148437500e+02
2.858988342285156250e+02
2.859907836914062500e+02
2.857760009765625000e+02
2.856806640625000000e+02
2.856194152832031250e+02
2.862611083984375000e+02
2.856877746582031250e+02
2.860617675781250000e+02
2.862210693359375000e+02
2.866268920898437500e+02
2.858137512207031250e+02
2.860617675781250000e+02
2.860617675781250000e+02
2.861293945312500000e+02
2.862210693359375000e+02
2.860956115722656250e+02
2.852984008789062500e+02
2.847760620117187500e+02
2.839404907226562500e+02
2.841091918945312500e+02
2.852063903808593750e+02
2.851331787109375000e+02
2.850984497070312500e+02
2.853407592773437500e+02
2.854134521484375000e+02
2.858922424316406250e+02
2.846048583984375000e+02
2.850329589843750000e+02
2.843223571777343750e+02
2.850121765136718750e+02
2.844546508789062500e+02
2.853827209472656250e+02
2.846400451660156250e+02
2.841658020019531250e+02
2.844499511718750000e+02
2.855321044921875000e+02
2.857219238281250000e+02
2.860145263671875000e+02
2.859228515625000000e+02
2.855508422851562500e+02
2.860004882812500000e+02
2.849981994628906250e+02
2.850329589843750000e+02
2.852291564941406250e+02
2.854821777343750000e+02
2.850329589843750000e+02
2.853789978027343750e+02
2.849285888671875000e+02
2.850677490234375000e+02
2.856605529785156250e+02
2.854478454589843750e+02
2.852755432128906250e+02
2.858241882324218750e+02
2.857901306152343750e+02
2.859839782714843750e+02
2.858137512207031250e+02
2.855508422851562500e+02
2.852063903808593750e+02
2.861600036621093750e+02
2.858137512207031250e+02
2.856877746582031250e+02
2.862274780273437500e+02
2.855359497070312500e+02
2.856733093261718750e+02
2.853023376464843750e+02
2.863056640625000000e+02
2.858783569335937500e+02
2.855321044921875000e+02
2.852409667968750000e+02
2.854709472656250000e+02
2.856877746582031250e+02
2.856194152832031250e+02
2.855508422851562500e+02
2.838796081542968750e+02
2.833205261230468750e+02
2.833512268066406250e+02
2.836112060546875000e+02
2.843081359863281250e+02
2.855778198242187500e+02
2.851557006835937500e+02
2.843436279296875000e+02
2.839304504394531250e+02
2.840739440917968750e+02
2.843436279296875000e+02
2.848373718261718750e+02
2.844546508789062500e+02
2.860891113281250000e+02
2.859534606933593750e+02
2.859873962402343750e+02
2.860145263671875000e+02
2.856121520996093750e+02
2.860617675781250000e+02
2.858582458496093750e+02
2.856427307128906250e+02
2.855015258789062500e+02
2.856352233886718750e+02
2.858442993164062500e+02
2.857037963867187500e+02
2.861229553222656250e+02
2.830145568847656250e+02
2.848067016601562500e+02
2.857148132324218750e+02
2.854821777343750000e+02
2.859601440429687500e+02
2.859698181152343750e+02
2.859698181152343750e+02
2.861999816894531250e+02
2.852984008789062500e+02
2.858922424316406250e+02
2.837448425292968750e+02
2.857831726074218750e+02
2.858137512207031250e+02
2.858137512207031250e+02
2.860450134277343750e+02
2.855626220703125000e+02
2.857037963867187500e+02
2.855930786132812500e+02
2.857037963867187500e+02
2.861781616210937500e+02
2.859666137695312500e+02
2.863038330078125000e+02
2.853483276367187500e+02
2.856298217773437500e+02
2.849981994628906250e+02
2.849509582519531250e+02
2.847320556640625000e+02
2.854096984863281250e+02
2.861693420410156250e+02
2.857219238281250000e+02
2.862978515625000000e+02
2.863458251953125000e+02
2.850943908691406250e+02
2.849714660644531250e+02
2.857935791015625000e+02
2.858616027832031250e+02
2.859390869140625000e+02
2.850329589843750000e+02
2.852984008789062500e+02
2.858922424316406250e+02
2.854747924804687500e+02
2.865324401855468750e+02
2.854171447753906250e+02
2.856605529785156250e+02
2.857540283203125000e+02
2.863314819335937500e+02
2.865324401855468750e+02
2.864320678710937500e+02
2.858922424316406250e+02
2.859262084960937500e+02
2.858922424316406250e+02
2.862731628417968750e+02
2.856023864746093750e+02
2.855682678222656250e+02
2.856364746093750000e+02
2.861293945312500000e+02
2.860956115722656250e+02
2.851371154785156250e+02
2.857287597656250000e+02
2.855851135253906250e+02
2.862702636718750000e+02
2.862305603027343750e+02
2.860617675781250000e+02
2.863985595703125000e+02
2.859601440429687500e+02
2.866325378417968750e+02
2.857560424804687500e+02
2.860004882812500000e+02
2.857560424804687500e+02
2.855508422851562500e+02
2.854894714355468750e+02
2.861386413574218750e+02
2.863373718261718750e+02
2.858922424316406250e+02
2.852063903808593750e+02
2.853789978027343750e+02
2.856605529785156250e+02
2.852559814453125000e+02
2.853970642089843750e+02
2.859083251953125000e+02
2.861386413574218750e+02
2.861079406738281250e+02
2.858158264160156250e+02
2.862978515625000000e+02
2.858922424316406250e+02
2.861723022460937500e+02
2.856639709472656250e+02
2.863985595703125000e+02
2.856605529785156250e+02
2.859390869140625000e+02
2.860067138671875000e+02
2.855065307617187500e+02
2.852975158691406250e+02
2.855374145507812500e+02
2.861693420410156250e+02
2.860617675781250000e+02
2.851063842773437500e+02
2.853556213378906250e+02
2.854478454589843750e+02
2.857694396972656250e+02
2.857969055175781250e+02
2.865324401855468750e+02
2.858309326171875000e+02
2.853100280761718750e+02
2.855990600585937500e+02
2.859390869140625000e+02
2.860464172363281250e+02
2.859390869140625000e+02
2.860956115722656250e+02
2.859390869140625000e+02
2.857386779785156250e+02
2.859390869140625000e+02
2.857219238281250000e+02
2.859228515625000000e+02
2.865658264160156250e+02
2.857831726074218750e+02
2.865658264160156250e+02
2.858922424316406250e+02
2.856605529785156250e+02
2.858616027832031250e+02
2.853445739746093750e+02
2.865324401855468750e+02
2.860956115722656250e+02
2.861968688964843750e+02
2.861968688964843750e+02
2.863650207519531250e+02
2.865324401855468750e+02
2.859327697753906250e+02
2.860004882812500000e+02
2.858616027832031250e+02
2.856194152832031250e+02
2.859262084960937500e+02
2.860956115722656250e+02
2.839754028320312500e+02
2.855990600585937500e+02
2.855307312011718750e+02
2.856088867187500000e+02
2.860464172363281250e+02
2.856605529785156250e+02
2.859698181152343750e+02
2.857628784179687500e+02
2.859940490722656250e+02
2.860956115722656250e+02
2.861662902832031250e+02
2.865630187988281250e+02
2.859534606933593750e+02
2.860311889648437500e+02
2.863985595703125000e+02
2.863067321777343750e+02
2.863985595703125000e+02
2.866405944824218750e+02
2.863650207519531250e+02
2.866658630371093750e+02
2.865658264160156250e+02
2.864126892089843750e+02
2.864043884277343750e+02
2.859390869140625000e+02
2.861386413574218750e+02
2.861693420410156250e+02
2.863680419921875000e+02
2.860311889648437500e+02
2.858582458496093750e+02
2.862642211914062500e+02
2.852409667968750000e+02
2.861293945312500000e+02
2.859327697753906250e+02
2.859698181152343750e+02
2.854278869628906250e+02
2.854586791992187500e+02
2.851795043945312500e+02
2.859451599121093750e+02
2.863650207519531250e+02
2.866658630371093750e+02
2.864320678710937500e+02
2.866990661621093750e+02
2.861968688964843750e+02
2.858309326171875000e+02
2.855682678222656250e+02
2.854278869628906250e+02
2.854278869628906250e+02
2.855682678222656250e+02
2.855165405273437500e+02
2.862305603027343750e+02
2.861968688964843750e+02
2.863737487792968750e+02
2.858713073730468750e+02
2.863430786132812500e+02
2.858341979980468750e+02
2.860004882812500000e+02
2.855508422851562500e+02
2.864655456542968750e+02
2.865324401855468750e+02
2.868981018066406250e+02
2.865630187988281250e+02
2.865324401855468750e+02
2.863284301757812500e+02
2.862642211914062500e+02
2.862611083984375000e+02
2.865324401855468750e+02
2.866325378417968750e+02
2.860617675781250000e+02
2.863620300292968750e+02
2.861018981933593750e+02
2.861261901855468750e+02
2.864320678710937500e+02
2.866268920898437500e+02
2.862672424316406250e+02
2.867323608398437500e+02
2.865713806152343750e+02
2.866405944824218750e+02
2.866325378417968750e+02
2.861693420410156250e+02
2.864655456542968750e+02
2.858582458496093750e+02
2.854551391601562500e+02
2.858002014160156250e+02
2.860617675781250000e+02
2.857560424804687500e+02
2.861293945312500000e+02
2.860771789550781250e+02
2.858309326171875000e+02
2.863985595703125000e+02
2.864684448242187500e+02
2.856877746582031250e+02
2.862642211914062500e+02
2.863985595703125000e+02
2.862642211914062500e+02
2.863985595703125000e+02
2.853062438964843750e+02
2.863985595703125000e+02
2.861079406738281250e+02
2.861968688964843750e+02
2.861999816894531250e+02
2.860004882812500000e+02
2.860771789550781250e+02
2.858309326171875000e+02
2.860681457519531250e+02
2.862305603027343750e+02
2.863985595703125000e+02
2.858922424316406250e+02
2.865992126464843750e+02
2.860617675781250000e+02
2.859666137695312500e+02
2.857219238281250000e+02
2.862305603027343750e+02
2.862305603027343750e+02
2.859666137695312500e+02
2.854134521484375000e+02
2.859262084960937500e+02
2.859051818847656250e+02
2.862642211914062500e+02
2.865324401855468750e+02
2.854441223144531250e+02
2.856535644531250000e+02
2.850329589843750000e+02
2.856121520996093750e+02
2.857831726074218750e+02
2.859940490722656250e+02
2.863985595703125000e+02
2.860617675781250000e+02
2.846487731933593750e+02
2.845389404296875000e+02
2.853789978027343750e+02
2.858922424316406250e+02
2.857866821289062500e+02
2.852409667968750000e+02
2.857560424804687500e+02
2.860956115722656250e+02
2.857525939941406250e+02
2.859534606933593750e+02
2.850903015136718750e+02
2.847275695800781250e+02
2.854671325683593750e+02
2.853901367187500000e+02
2.855359497070312500e+02
2.849595336914062500e+02
2.853167419433593750e+02
2.855703430175781250e+02
2.858241882324218750e+02
2.860956115722656250e+02
2.859053039550781250e+02
2.835079956054687500e+02
2.846662597656250000e+02
2.851557006835937500e+02
2.848853454589843750e+02
2.863985595703125000e+02
2.849815673828125000e+02
2.858442993164062500e+02
2.857685852050781250e+02
2.845785217285156250e+02
2.857525939941406250e+02
2.853290100097656250e+02
2.865964050292968750e+02
2.859228515625000000e+02
2.861386718750000000e+02
2.845785217285156250e+02
