2.854381713867187500e+02
2.855632324218750000e+02
2.853898010253906250e+02
2.854059143066406250e+02
2.853804016113281250e+02
2.854542236328125000e+02
2.852969055175781250e+02
2.853350830078125000e+02
2.853249511718750000e+02
2.861163635253906250e+02
2.852672729492187500e+02
2.857457275390625000e+02
2.852932739257812500e+02
2.858288574218750000e+02
2.853191528320312500e+02
2.851517639160156250e+02
2.861992187500000000e+02
2.862247009277343750e+02
2.860748901367187500e+02
2.861578063964843750e+02
2.860937805175781250e+02
2.864154052734375000e+02
2.859088134765625000e+02
2.856529541015625000e+02
2.858864440917968750e+02
2.852613525390625000e+02
2.854921569824218750e+02
2.851676635742187500e+02
2.853768920898437500e+02
2.855855712890625000e+02
2.858864440917968750e+02
2.855696411132812500e+02
2.858448791503906250e+02
2.859503479003906250e+02
2.859147644042968750e+02
2.860523376464843750e+02
2.852830810546875000e+02
2.858864440917968750e+02
2.859918823242187500e+02
2.855855712890625000e+02
2.859759521484375000e+02
2.857618103027343750e+02
2.857966308593750000e+02
2.854702148437500000e+02
2.856785888671875000e+02
2.856785888671875000e+02
2.861119689941406250e+02
2.856208801269531250e+02
2.850298461914062500e+02
2.854921569824218750e+02
2.854542236328125000e+02
2.851617126464843750e+02
2.854345703125000000e+02
2.856369934082031250e+02
2.855339355468750000e+02
2.859759521484375000e+02
2.859854736328125000e+02
2.860589599609375000e+02
2.863488159179687500e+02
2.862431945800781250e+02
2.858864440917968750e+02
2.857872924804687500e+02
2.854921569824218750e+02
2.855497741699218750e+02
2.859854736328125000e+02
2.862247009277343750e+02
2.858831481933593750e+02
2.864406127929687500e+02
2.863419494628906250e+02
2.857007141113281250e+02
2.856749267578125000e+02
2.862979736328125000e+02
2.860844421386718750e+02
2.865618896484375000e+02
2.865299987792968750e+02
2.859503479003906250e+02
2.858157043457031250e+02
2.859088134765625000e+02
2.860651550292968750e+02
2.855655517578125000e+02
2.857937927246093750e+02
2.850735473632812500e+02
2.837280273437500000e+02
2.829070739746093750e+02
2.849790344238281250e+02
2.859503479003906250e+02
2.850735473632812500e+02
2.854763183593750000e+02
2.860394897460937500e+02
2.852830810546875000e+02
2.861163635253906250e+02
2.858033447265625000e+02
2.854186401367187500e+02
2.856208801269531250e+02
2.849947204589843750e+02
2.835724792480468750e+02
2.844465026855468750e+02
2.843505554199218750e+02
2.853565368652343750e+02
2.858609313964843750e+02
2.854504089355468750e+02
2.854921569824218750e+02
2.862566223144531250e+02
2.859088134765625000e+02
2.832265319824218750e+02
2.837941284179687500e+02
2.852047119140625000e+02
2.851940307617187500e+02
2.846199645996093750e+02
2.856490478515625000e+02
2.856490478515625000e+02
2.843660278320312500e+02
2.836545104980468750e+02
2.852466125488281250e+02
2.844308776855468750e+02
2.854244384765625000e+02
2.851050720214843750e+02
2.852672729492187500e+02
2.836777343750000000e+02
2.842882690429687500e+02
2.851312561035156250e+02
2.844997253417968750e+02
2.854085998535156250e+02
2.860907897949218750e+02
2.856590881347656250e+02
2.855180664062500000e+02
2.854921569824218750e+02
2.854027099609375000e+02
2.854921569824218750e+02
2.851574401855468750e+02
2.853249511718750000e+02
2.843081359863281250e+02
2.838133544921875000e+02
2.836305541992187500e+02
2.840145568847656250e+02
2.843660278320312500e+02
2.850150451660156250e+02
2.851364135742187500e+02
2.851520385742187500e+02
2.857639770507812500e+02
2.850103759765625000e+02
2.858731384277343750e+02
2.859305419921875000e+02
2.851940307617187500e+02
2.859305419921875000e+02
2.849418334960937500e+02
2.856805419921875000e+02
2.851940307617187500e+02
2.856648559570312500e+02
2.839412231445312500e+02
2.849418334960937500e+02
2.850835876464843750e+02
2.856231079101562500e+02
2.848264160156250000e+02
2.839257812500000000e+02
2.855552978515625000e+02
2.854455261230468750e+02
2.858315124511718750e+02
2.855291748046875000e+02
2.861640014648437500e+02
2.861578063964843750e+02
2.856907653808593750e+02
2.861125488281250000e+02
2.863041687011718750e+02
2.854192504882812500e+02
2.858315124511718750e+02
2.860174560546875000e+02
2.854298400878906250e+02
2.834440612792968750e+02
2.855395812988281250e+02
2.859662475585937500e+02
2.863234252929687500e+02
2.829438171386718750e+02
2.829438171386718750e+02
2.822400207519531250e+02
2.845663146972656250e+02
2.862310485839843750e+02
2.863647766113281250e+02
2.865459594726562500e+02
2.866948547363281250e+02
2.859088134765625000e+02
2.868594360351562500e+02
2.870236816406250000e+02
2.867289733886718750e+02
2.865643310546875000e+02
2.868684082031250000e+02
2.848739013671875000e+02
2.847528991699218750e+02
2.857007141113281250e+02
2.856719665527343750e+02
2.849947204589843750e+02
2.847685852050781250e+02
2.848841857910156250e+02
2.859918823242187500e+02
2.858672180175781250e+02
2.862820434570312500e+02
2.864379882812500000e+02
2.854977722167968750e+02
2.850893249511718750e+02
2.860651550292968750e+02
2.853249511718750000e+02
2.840762329101562500e+02
2.851155090332031250e+02
2.863807373046875000e+02
2.867289733886718750e+02
2.867862243652343750e+02
2.866717224121093750e+02
2.874984436035156250e+02
2.866804809570312500e+02
2.861992187500000000e+02
2.848043518066406250e+02
2.863807373046875000e+02
2.856648559570312500e+02
2.858573608398437500e+02
2.856907653808593750e+02
2.859088134765625000e+02
2.863234252929687500e+02
2.853667907714843750e+02
2.867862243652343750e+02
2.866717224121093750e+02
2.869416198730468750e+02
2.852830810546875000e+02
2.852254333496093750e+02
2.846528930664062500e+02
2.859918823242187500e+02
2.869005126953125000e+02
2.859503479003906250e+02
2.854921569824218750e+02
2.854921569824218750e+02
2.854702148437500000e+02
2.856785888671875000e+02
2.861578063964843750e+02
2.867360534667968750e+02
2.865712585449218750e+02
2.855279541015625000e+02
2.859439697265625000e+02
2.855339355468750000e+02
2.853191528320312500e+02
2.840606079101562500e+02
2.846528930664062500e+02
2.853768920898437500e+02
2.862914428710937500e+02
2.859024658203125000e+02
2.846577758789062500e+02
2.847792968750000000e+02
2.855696411132812500e+02
2.855339355468750000e+02
2.861163635253906250e+02
2.859503479003906250e+02
2.855497741699218750e+02
2.848214111328125000e+02
2.861163635253906250e+02
2.860334167480468750e+02
2.859918823242187500e+02
2.851676635742187500e+02
2.861190795898437500e+02
2.849941406250000000e+02
2.850735473632812500e+02
2.859694213867187500e+02
2.858609313964843750e+02
2.864496154785156250e+02
2.858672180175781250e+02
2.860429992675781250e+02
2.849001159667968750e+02
2.857840270996093750e+02
2.864496154785156250e+02
2.861163635253906250e+02
2.864496154785156250e+02
2.866124877929687500e+02
2.855855712890625000e+02
2.854504089355468750e+02
2.854604187011718750e+02
2.864887390136718750e+02
2.860039978027343750e+02
2.869416198730468750e+02
2.865299987792968750e+02
2.867128601074218750e+02
2.865299987792968750e+02
2.861163635253906250e+02
2.854921569824218750e+02
2.861163635253906250e+02
2.861004638671875000e+02
2.857937927246093750e+02
2.859088134765625000e+02
2.857937927246093750e+02
2.861512756347656250e+02
2.857424011230468750e+02
2.857007141113281250e+02
2.853867492675781250e+02
2.859503479003906250e+02
2.859503479003906250e+02
2.857265319824218750e+02
2.855339355468750000e+02
2.856625671386718750e+02
2.859503479003906250e+02
2.859918823242187500e+02
2.852570495605468750e+02
2.859503479003906250e+02
2.853304443359375000e+02
2.861992187500000000e+02
2.857362365722656250e+02
2.862660827636718750e+02
2.866948547363281250e+02
2.859503479003906250e+02
2.860589599609375000e+02
2.850158081054687500e+02
2.842882690429687500e+02
2.842302246093750000e+02
2.859918823242187500e+02
2.855813598632812500e+02
2.856332092285156250e+02
2.854819946289062500e+02
2.858157043457031250e+02
2.860748901367187500e+02
2.856272583007812500e+02
2.858157043457031250e+02
2.848792114257812500e+02
2.849526977539062500e+02
2.848264160156250000e+02
2.853041992187500000e+02
2.856529541015625000e+02
2.845105895996093750e+02
2.854921569824218750e+02
2.845263061523437500e+02
2.851889343261718750e+02
2.857639770507812500e+02
2.855756835937500000e+02
2.859563903808593750e+02
2.861163635253906250e+02
2.859088134765625000e+02
2.854921569824218750e+02
2.837670288085937500e+02
2.836972045898437500e+02
2.849475402832031250e+02
2.857937927246093750e+02
2.829257812500000000e+02
2.829868774414062500e+02
2.835536499023437500e+02
2.830085449218750000e+02
2.838832092285156250e+02
2.828118591308593750e+02
2.835497436523437500e+02
2.841454467773437500e+02
2.854702148437500000e+02
2.850571289062500000e+02
2.840180969238281250e+02
2.863711547851562500e+02
2.857424011230468750e+02
2.862406616210937500e+02
2.862566223144531250e+02
2.862820434570312500e+02
2.866536560058593750e+02
2.867932434082031250e+02
2.870249633789062500e+02
2.867772216796875000e+02
2.864406127929687500e+02
2.855279541015625000e+02
2.856048583984375000e+02
2.858033447265625000e+02
2.856208801269531250e+02
2.858634643554687500e+02
2.858288574218750000e+02
2.857712097167968750e+02
2.860129699707031250e+02
2.849201965332031250e+02
2.846528930664062500e+02
2.861992187500000000e+02
2.857840270996093750e+02
2.864154052734375000e+02
2.855953369140625000e+02
2.860014648437500000e+02
2.863807373046875000e+02
2.855021667480468750e+02
2.863234252929687500e+02
2.860589599609375000e+02
2.849055175781250000e+02
2.855339355468750000e+02
2.857362365722656250e+02
2.854604187011718750e+02
2.862086791992187500e+02
2.851574401855468750e+02
2.859918823242187500e+02
2.861163635253906250e+02
2.863234252929687500e+02
2.858288574218750000e+02
2.856208801269531250e+02
2.853290100097656250e+02
2.848782348632812500e+02
2.851617126464843750e+02
2.856208801269531250e+02
2.843628540039062500e+02
2.840180969238281250e+02
2.859088134765625000e+02
2.857937927246093750e+02
2.855279541015625000e+02
2.859088134765625000e+02
2.865299987792968750e+02
2.860014648437500000e+02
2.858704223632812500e+02
2.864061279296875000e+02
2.851617126464843750e+02
2.861163635253906250e+02
2.861578063964843750e+02
2.857007141113281250e+02
2.861163635253906250e+02
2.842484436035156250e+02
2.861163635253906250e+02
2.861163635253906250e+02
2.864887390136718750e+02
2.861163635253906250e+02
2.863234252929687500e+02
2.852466125488281250e+02
2.862247009277343750e+02
2.862820434570312500e+02
2.857007141113281250e+02
2.862660827636718750e+02
2.859503479003906250e+02
2.854921569824218750e+02
2.859404907226562500e+02
2.857937927246093750e+02
2.859088134765625000e+02
2.864061279296875000e+02
2.865299987792968750e+02
2.861512756347656250e+02
2.865299987792968750e+02
2.857937927246093750e+02
2.862086791992187500e+02
2.863005981445312500e+02
2.854702148437500000e+02
2.861672973632812500e+02
2.859503479003906250e+02
2.857424011230468750e+02
2.849579467773437500e+02
2.857041625976562500e+02
2.862660827636718750e+02
2.857007141113281250e+02
2.852830810546875000e+02
2.856590881347656250e+02
2.850315856933593750e+02
2.857424011230468750e+02
2.859918823242187500e+02
2.855855712890625000e+02
2.858513183593750000e+02
2.861066894531250000e+02
2.861737365722656250e+02
2.866466979980468750e+02
2.857265014648437500e+02
2.852412414550781250e+02
2.854345703125000000e+02
2.857007141113281250e+02
2.855597839355468750e+02
2.860014648437500000e+02
2.857937927246093750e+02
2.853609619140625000e+02
2.859088134765625000e+02
2.859918823242187500e+02
2.857840270996093750e+02
2.853609619140625000e+02
2.859088134765625000e+02
2.859088134765625000e+02
2.860589599609375000e+02
2.861737365722656250e+02
2.857007141113281250e+02
2.867451171875000000e+02
2.860589599609375000e+02
2.856431884765625000e+02
2.853091125488281250e+02
2.858513183593750000e+02
2.863807373046875000e+02
2.860014648437500000e+02
2.862086791992187500e+02
2.860589599609375000e+02
2.858256225585937500e+02
2.858864440917968750e+02
2.865299987792968750e+02
2.850630798339843750e+02
2.861163635253906250e+02
2.859088134765625000e+02
2.861163635253906250e+02
2.862566223144531250e+02
2.851574401855468750e+02
2.857424011230468750e+02
2.863647766113281250e+02
2.861737365722656250e+02
2.863647766113281250e+02
2.859088134765625000e+02
2.857007141113281250e+02
2.859563903808593750e+02
2.852195739746093750e+02
2.861004638671875000e+02
2.861163635253906250e+02
2.861737365722656250e+02
2.864220581054687500e+02
2.861163635253906250e+02
2.863138732910156250e+02
2.852830810546875000e+02
2.857007141113281250e+02
2.857007141113281250e+02
2.858573608398437500e+02
2.859918823242187500e+02
2.859147644042968750e+02
2.858672180175781250e+02
2.864979553222656250e+02
2.866124877929687500e+02
2.849840393066406250e+02
2.846260681152343750e+02
2.856689147949218750e+02
2.858415222167968750e+02
2.856388244628906250e+02
2.854819946289062500e+02
2.853667907714843750e+02
2.861737365722656250e+02
2.854504089355468750e+02
2.859088134765625000e+02
2.861640014648437500e+02
2.866443786621093750e+02
2.856648559570312500e+02
2.859088134765625000e+02
2.859088134765625000e+02
2.859918823242187500e+02
2.861640014648437500e+02
2.859503479003906250e+02
2.850367431640625000e+02
2.844041748046875000e+02
2.833360290527343750e+02
2.835808410644531250e+02
2.848634338378906250e+02
2.847950134277343750e+02
2.847528991699218750e+02
2.850473327636718750e+02
2.851155090332031250e+02
2.857007141113281250e+02
2.841767272949218750e+02
2.846528930664062500e+02
2.838367004394531250e+02
2.847311096191406250e+02
2.840379638671875000e+02
2.850577392578125000e+02
2.842191467285156250e+02
2.837126464843750000e+02
2.840534057617187500e+02
2.853617553710937500e+02
2.854921569824218750e+02
2.859305419921875000e+02
2.857582702636718750e+02
2.852830810546875000e+02
2.857937927246093750e+02
2.846106872558593750e+02
2.846528930664062500e+02
2.849526977539062500e+02
2.851993713378906250e+02
2.846528930664062500e+02
2.850735473632812500e+02
2.845263061523437500e+02
2.846950683593750000e+02
2.853768920898437500e+02
2.851574401855468750e+02
2.849475402832031250e+02
2.856174011230468750e+02
2.855756835937500000e+02
2.858731384277343750e+02
2.856648559570312500e+02
2.852830810546875000e+02
2.848634338378906250e+02
2.860492858886718750e+02
2.856648559570312500e+02
2.854504089355468750e+02
2.861322326660156250e+02
2.853461303710937500e+02
2.855134887695312500e+02
2.850210571289062500e+02
2.863671264648437500e+02
2.857639770507812500e+02
2.853617553710937500e+02
2.849055175781250000e+02
2.852466430664062500e+02
2.854504089355468750e+02
2.853667907714843750e+02
2.852830810546875000e+02
2.833705444335937500e+02
2.827713012695312500e+02
2.828296203613281250e+02
2.831160278320312500e+02
2.838832092285156250e+02
2.853565368652343750e+02
2.848841857910156250e+02
2.839257812500000000e+02
2.835174560546875000e+02
2.836885986328125000e+02
2.839257812500000000e+02
2.845198974609375000e+02
2.840379638671875000e+02
2.859821166992187500e+02
2.858157043457031250e+02
2.858573608398437500e+02
2.859305419921875000e+02
2.853983764648437500e+02
2.859088134765625000e+02
2.856590881347656250e+02
2.854559631347656250e+02
2.853041992187500000e+02
2.854873657226562500e+02
2.857222900390625000e+02
2.855709533691406250e+02
2.860236511230468750e+02
2.816903381347656250e+02
2.844620666503906250e+02
2.855238037109375000e+02
2.851993713378906250e+02
2.857840270996093750e+02
2.857362365722656250e+02
2.857362365722656250e+02
2.860589599609375000e+02
2.850367431640625000e+02
2.857007141113281250e+02
2.833182678222656250e+02
2.856073303222656250e+02
2.856648559570312500e+02
2.856648559570312500e+02
2.859878845214843750e+02
2.854192504882812500e+02
2.855709533691406250e+02
2.854767761230468750e+02
2.855709533691406250e+02
2.859533691406250000e+02
2.857521972656250000e+02
2.861672973632812500e+02
2.850158081054687500e+02
2.853191528320312500e+02
2.846106872558593750e+02
2.846155395507812500e+02
2.843929138183593750e+02
2.851312561035156250e+02
2.860014648437500000e+02
2.854921569824218750e+02
2.861992187500000000e+02
2.861604919433593750e+02
2.847685852050781250e+02
2.845370178222656250e+02
2.855597839355468750e+02
2.856431884765625000e+02
2.856785888671875000e+02
2.846528930664062500e+02
2.850367431640625000e+02
2.857007141113281250e+02
2.852308959960937500e+02
2.864887390136718750e+02
2.850997009277343750e+02
2.853768920898437500e+02
2.853319702148437500e+02
2.862406616210937500e+02
2.864887390136718750e+02
2.863647766113281250e+02
2.857007141113281250e+02
2.857424011230468750e+02
2.857007141113281250e+02
2.861098632812500000e+02
2.852453918457031250e+02
2.852036132812500000e+02
2.852872009277343750e+02
2.859918823242187500e+02
2.859503479003906250e+02
2.847792968750000000e+02
2.854604187011718750e+02
2.853249511718750000e+02
2.861258544921875000e+02
2.861163635253906250e+02
2.859088134765625000e+02
2.863234252929687500e+02
2.857840270996093750e+02
2.866124877929687500e+02
2.855339050292968750e+02
2.857937927246093750e+02
2.855339355468750000e+02
2.852830810546875000e+02
2.851676635742187500e+02
2.859439697265625000e+02
2.862086791992187500e+02
2.857007141113281250e+02
2.848634338378906250e+02
2.850735473632812500e+02
2.853768920898437500e+02
2.848421630859375000e+02
2.849941406250000000e+02
2.856208801269531250e+02
2.859439697265625000e+02
2.858864440917968750e+02
2.854476623535156250e+02
2.861992187500000000e+02
2.857007141113281250e+02
2.859854736328125000e+02
2.853609619140625000e+02
2.863234252929687500e+02
2.853768920898437500e+02
2.856785888671875000e+02
2.857618103027343750e+02
2.850878295898437500e+02
2.848522644042968750e+02
2.851457519531250000e+02
2.860014648437500000e+02
2.859088134765625000e+02
2.847214050292968750e+02
2.849840393066406250e+02
2.851574401855468750e+02
2.854702148437500000e+02
2.855438842773437500e+02
2.864887390136718750e+02
2.855855712890625000e+02
2.849895629882812500e+02
2.852613525390625000e+02
2.856785888671875000e+02
2.857712097167968750e+02
2.856785888671875000e+02
2.859503479003906250e+02
2.856785888671875000e+02
2.854125061035156250e+02
2.856785888671875000e+02
2.854921569824218750e+02
2.857582702636718750e+02
2.865299987792968750e+02
2.856073303222656250e+02
2.865299987792968750e+02
2.857007141113281250e+02
2.853768920898437500e+02
2.856431884765625000e+02
2.850315856933593750e+02
2.864887390136718750e+02
2.859503479003906250e+02
2.860748901367187500e+02
2.860748901367187500e+02
2.862820434570312500e+02
2.864887390136718750e+02
2.857105712890625000e+02
2.857937927246093750e+02
2.856431884765625000e+02
2.853667907714843750e+02
2.857424011230468750e+02
2.859503479003906250e+02
2.823432922363281250e+02
2.852613525390625000e+02
2.851777343750000000e+02
2.852133178710937500e+02
2.857712097167968750e+02
2.853768920898437500e+02
2.857362365722656250e+02
2.855021667480468750e+02
2.858256225585937500e+02
2.859503479003906250e+02
2.860174560546875000e+02
2.865459594726562500e+02
2.858157043457031250e+02
2.858513183593750000e+02
2.863234252929687500e+02
2.861512756347656250e+02
2.863234252929687500e+02
2.865643310546875000e+02
2.862820434570312500e+02
2.866536560058593750e+02
2.865299987792968750e+02
2.862431945800781250e+02
2.862914428710937500e+02
2.856785888671875000e+02
2.859439697265625000e+02
2.860014648437500000e+02
2.862660827636718750e+02
2.858513183593750000e+02
2.856590881347656250e+02
2.861578063964843750e+02
2.849055175781250000e+02
2.859918823242187500e+02
2.857105712890625000e+02
2.857362365722656250e+02
2.850520019531250000e+02
2.851098632812500000e+02
2.847898254394531250e+02
2.856464843750000000e+02
2.862820434570312500e+02
2.866536560058593750e+02
2.863647766113281250e+02
2.866948547363281250e+02
2.860748901367187500e+02
2.855855712890625000e+02
2.852036132812500000e+02
2.850520019531250000e+02
2.850520019531250000e+02
2.852036132812500000e+02
2.852412414550781250e+02
2.861163635253906250e+02
2.860748901367187500e+02
2.862340087890625000e+02
2.855953369140625000e+02
2.861766052246093750e+02
2.855696411132812500e+02
2.857937927246093750e+02
2.852830810546875000e+02
2.864061279296875000e+02
2.864887390136718750e+02
2.869416198730468750e+02
2.865459594726562500e+02
2.864887390136718750e+02
2.862566223144531250e+02
2.861578063964843750e+02
2.861737365722656250e+02
2.864887390136718750e+02
2.866124877929687500e+02
2.859088134765625000e+02
2.862979736328125000e+02
2.859184875488281250e+02
2.860077819824218750e+02
2.863647766113281250e+02
2.866443786621093750e+02
2.861418762207031250e+02
2.867360534667968750e+02
2.864979553222656250e+02
2.865643310546875000e+02
2.866124877929687500e+02
2.860014648437500000e+02
2.864061279296875000e+02
2.856590881347656250e+02
2.851257629394531250e+02
2.855279541015625000e+02
2.859088134765625000e+02
2.855339355468750000e+02
2.859918823242187500e+02
2.858288574218750000e+02
2.855855712890625000e+02
2.863234252929687500e+02
2.863901062011718750e+02
2.854504089355468750e+02
2.861578063964843750e+02
2.863234252929687500e+02
2.861578063964843750e+02
2.863234252929687500e+02
2.850053100585937500e+02
2.863234252929687500e+02
2.858864440917968750e+02
2.860748901367187500e+02
2.860589599609375000e+02
2.857937927246093750e+02
2.858288574218750000e+02
2.855855712890625000e+02
2.858768920898437500e+02
2.861163635253906250e+02
2.863234252929687500e+02
2.857007141113281250e+02
2.865712585449218750e+02
2.859088134765625000e+02
2.857521972656250000e+02
2.854921569824218750e+02
2.861163635253906250e+02
2.861163635253906250e+02
2.857521972656250000e+02
2.851155090332031250e+02
2.857424011230468750e+02
2.856369934082031250e+02
2.861578063964843750e+02
2.864887390136718750e+02
2.851732482910156250e+02
2.854085998535156250e+02
2.846528930664062500e+02
2.853983764648437500e+02
2.856073303222656250e+02
2.858256225585937500e+02
2.863234252929687500e+02
2.859088134765625000e+02
2.841878356933593750e+02
2.840762329101562500e+02
2.850735473632812500e+02
2.857007141113281250e+02
2.855914916992187500e+02
2.849055175781250000e+02
2.855339355468750000e+02
2.859503479003906250e+02
2.855497741699218750e+02
2.858157043457031250e+02
2.847842712402343750e+02
2.844083862304687500e+02
2.852622985839843750e+02
2.852096252441406250e+02
2.853461303710937500e+02
2.847508544921875000e+02
2.851412048339843750e+02
2.853880004882812500e+02
2.856174011230468750e+02
2.859503479003906250e+02
2.858370361328125000e+02
2.829716796875000000e+02
2.842926635742187500e+02
2.848841857910156250e+02
2.845154113769531250e+02
2.863234252929687500e+02
2.846733703613281250e+02
2.857222900390625000e+02
2.856701660156250000e+02
2.841030273437500000e+02
2.855497741699218750e+02
2.850944213867187500e+02
2.865871887207031250e+02
2.857582702636718750e+02
2.859439697265625000e+02
2.841030578613281250e+02
