2.858433227539062500e+02
2.859752197265625000e+02
2.858587951660156250e+02
2.858536987304687500e+02
2.858045349121093750e+02
2.858381347656250000e+02
2.857165527343750000e+02
2.856461181640625000e+02
2.855912475585937500e+02
2.864266662597656250e+02
2.855526123046875000e+02
2.861457519531250000e+02
2.856020812988281250e+02
2.862335205078125000e+02
2.856514892578125000e+02
2.854751281738281250e+02
2.865143737792968750e+02
2.865634460449218750e+02
2.863828125000000000e+02
2.864705200195312500e+02
2.864914550781250000e+02
2.867875366210937500e+02
2.862072448730468750e+02
2.860034790039062500e+02
2.862722167968750000e+02
2.856127014160156250e+02
2.857674865722656250e+02
2.854697875976562500e+02
2.856901550292968750e+02
2.859102783203125000e+02
2.862722167968750000e+02
2.859155273437500000e+02
2.862283325195312500e+02
2.862511596679687500e+02
2.861471862792968750e+02
2.864476318359375000e+02
2.855471801757812500e+02
2.862722167968750000e+02
2.862950439453125000e+02
2.859102783203125000e+02
2.863003845214843750e+02
2.861405334472656250e+02
2.862438049316406250e+02
2.858328552246093750e+02
2.860526733398437500e+02
2.860526733398437500e+02
2.865994262695312500e+02
2.860139465332031250e+02
2.854574584960937500e+02
2.857674865722656250e+02
2.858381347656250000e+02
2.855299072265625000e+02
2.857288513183593750e+02
2.860087280273437500e+02
2.858115539550781250e+02
2.863003845214843750e+02
2.863547363281250000e+02
2.863880920410156250e+02
2.866948242187500000e+02
2.866717224121093750e+02
2.862722167968750000e+02
2.861896362304687500e+02
2.857674865722656250e+02
2.858061218261718750e+02
2.863547363281250000e+02
2.865634460449218750e+02
2.861579895019531250e+02
2.868364257812500000e+02
2.867540893554687500e+02
2.859875488281250000e+02
2.859382019042968750e+02
2.865966491699218750e+02
2.864371948242187500e+02
2.868540344238281250e+02
2.868645629882812500e+02
2.862511596679687500e+02
2.860646667480468750e+02
2.862072448730468750e+02
2.863282470703125000e+02
2.858006591796875000e+02
2.861300354003906250e+02
2.853265380859375000e+02
2.837832946777343750e+02
2.830584411621093750e+02
2.851829528808593750e+02
2.862511596679687500e+02
2.853265380859375000e+02
2.857728881835937500e+02
2.862789306640625000e+02
2.855471801757812500e+02
2.864266662597656250e+02
2.861844482421875000e+02
2.857342224121093750e+02
2.860139465332031250e+02
2.851773681640625000e+02
2.835988159179687500e+02
2.846015625000000000e+02
2.844569702148437500e+02
2.855803222656250000e+02
2.862231445312500000e+02
2.857234497070312500e+02
2.857674865722656250e+02
2.865528564453125000e+02
2.862072448730468750e+02
2.833036193847656250e+02
2.839403076171875000e+02
2.853983154296875000e+02
2.853429870605468750e+02
2.847175292968750000e+02
2.858887329101562500e+02
2.858887329101562500e+02
2.844511718750000000e+02
2.837503967285156250e+02
2.854424743652343750e+02
2.846072082519531250e+02
2.856739807128906250e+02
2.853155517578125000e+02
2.855526123046875000e+02
2.838626098632812500e+02
2.844797058105468750e+02
2.853652343750000000e+02
2.847015380859375000e+02
2.856794128417968750e+02
2.863774414062500000e+02
2.859435729980468750e+02
2.858169250488281250e+02
2.857674865722656250e+02
2.857395324707031250e+02
2.857674865722656250e+02
2.854148254394531250e+02
2.855912475585937500e+02
2.844125061035156250e+02
2.838725280761718750e+02
2.836375732421875000e+02
2.840390319824218750e+02
2.844511718750000000e+02
2.851105651855468750e+02
2.853044128417968750e+02
2.852987976074218750e+02
2.859658203125000000e+02
2.851717834472656250e+02
2.861031799316406250e+02
2.861416931152343750e+02
2.853429870605468750e+02
2.861416931152343750e+02
2.850776977539062500e+02
2.858778076171875000e+02
2.853429870605468750e+02
2.858832397460937500e+02
2.840062866210937500e+02
2.850776977539062500e+02
2.852047729492187500e+02
2.858392333984375000e+02
2.850004577636718750e+02
2.840121154785156250e+02
2.857456359863281250e+02
2.856078491210937500e+02
2.860592346191406250e+02
2.856960449218750000e+02
2.864106140136718750e+02
2.864705200195312500e+02
2.859327392578125000e+02
2.863119506835937500e+02
2.865367736816406250e+02
2.855581359863281250e+02
2.860592346191406250e+02
2.863442382812500000e+02
2.856134033203125000e+02
2.834647521972656250e+02
2.857511901855468750e+02
2.862458190917968750e+02
2.866457824707031250e+02
2.829212951660156250e+02
2.829212951660156250e+02
2.820803833007812500e+02
2.846172485351562500e+02
2.865036926269531250e+02
2.866895751953125000e+02
2.868593444824218750e+02
2.870393981933593750e+02
2.862072448730468750e+02
2.872140197753906250e+02
2.873884277343750000e+02
2.871421813964843750e+02
2.869675292968750000e+02
2.872679443359375000e+02
2.851607360839843750e+02
2.849673767089843750e+02
2.859875488281250000e+02
2.861121520996093750e+02
2.851773681640625000e+02
2.849617919921875000e+02
2.850390625000000000e+02
2.862950439453125000e+02
2.861633300781250000e+02
2.866019592285156250e+02
2.867227783203125000e+02
2.857070922851562500e+02
2.853210449218750000e+02
2.863282470703125000e+02
2.855912475585937500e+02
2.842575378417968750e+02
2.853706970214843750e+02
2.866842651367187500e+02
2.871421813964843750e+02
2.871807250976562500e+02
2.871036376953125000e+02
2.879098205566406250e+02
2.871573791503906250e+02
2.865143737792968750e+02
2.848891601562500000e+02
2.866842651367187500e+02
2.858832397460937500e+02
2.861086120605468750e+02
2.859327392578125000e+02
2.862072448730468750e+02
2.866457824707031250e+02
2.856353454589843750e+02
2.871807250976562500e+02
2.871036376953125000e+02
2.873012695312500000e+02
2.855471801757812500e+02
2.855085144042968750e+02
2.848843383789062500e+02
2.862950439453125000e+02
2.872576599121093750e+02
2.862511596679687500e+02
2.857674865722656250e+02
2.857674865722656250e+02
2.858328552246093750e+02
2.860526733398437500e+02
2.864705200195312500e+02
2.870830688476562500e+02
2.869082946777343750e+02
2.858715820312500000e+02
2.863108825683593750e+02
2.858115539550781250e+02
2.856514892578125000e+02
2.842631835937500000e+02
2.848843383789062500e+02
2.856901550292968750e+02
2.866562500000000000e+02
2.862669982910156250e+02
2.848233032226562500e+02
2.850171203613281250e+02
2.859155578613281250e+02
2.858115539550781250e+02
2.864266662597656250e+02
2.862511596679687500e+02
2.858061218261718750e+02
2.850613403320312500e+02
2.864266662597656250e+02
2.863389282226562500e+02
2.862950439453125000e+02
2.854697875976562500e+02
2.865404357910156250e+02
2.853535156250000000e+02
2.853265380859375000e+02
2.863599243164062500e+02
2.862231445312500000e+02
2.868903808593750000e+02
2.861633300781250000e+02
2.863934020996093750e+02
2.852103271484375000e+02
2.860754394531250000e+02
2.868903808593750000e+02
2.864266662597656250e+02
2.868903808593750000e+02
2.869519958496093750e+02
2.859102783203125000e+02
2.857234497070312500e+02
2.857782592773437500e+02
2.868208312988281250e+02
2.864630126953125000e+02
2.873012695312500000e+02
2.868645629882812500e+02
2.871472778320312500e+02
2.868645629882812500e+02
2.864266662597656250e+02
2.857674865722656250e+02
2.864266662597656250e+02
2.864319458007812500e+02
2.861300354003906250e+02
2.862072448730468750e+02
2.861300354003906250e+02
2.865300598144531250e+02
2.860314941406250000e+02
2.859875183105468750e+02
2.857448425292968750e+02
2.862511596679687500e+02
2.862511596679687500e+02
2.860368347167968750e+02
2.858115539550781250e+02
2.860579223632812500e+02
2.862511596679687500e+02
2.862950439453125000e+02
2.854975891113281250e+02
2.862511596679687500e+02
2.855307312011718750e+02
2.865143737792968750e+02
2.860913696289062500e+02
2.866072387695312500e+02
2.870393981933593750e+02
2.862511596679687500e+02
2.863880920410156250e+02
2.852878417968750000e+02
2.844797058105468750e+02
2.844408874511718750e+02
2.862950439453125000e+02
2.857951965332031250e+02
2.858941650390625000e+02
2.857126159667968750e+02
2.860646667480468750e+02
2.863828125000000000e+02
2.859542236328125000e+02
2.860646667480468750e+02
2.851000671386718750e+02
2.851331787109375000e+02
2.850004577636718750e+02
2.854810485839843750e+02
2.860034790039062500e+02
2.847569885253906250e+02
2.857674865722656250e+02
2.847514343261718750e+02
2.854038696289062500e+02
2.859658203125000000e+02
2.858555908203125000e+02
2.861911010742187500e+02
2.864266662597656250e+02
2.862072448730468750e+02
2.857674865722656250e+02
2.838899841308593750e+02
2.837950134277343750e+02
2.851940307617187500e+02
2.861300354003906250e+02
2.829901428222656250e+02
2.829661560058593750e+02
2.836669616699218750e+02
2.831421813964843750e+02
2.839675292968750000e+02
2.828496398925781250e+02
2.837288818359375000e+02
2.843520507812500000e+02
2.858328552246093750e+02
2.851547851562500000e+02
2.842187500000000000e+02
2.866298217773437500e+02
2.860314941406250000e+02
2.865581359863281250e+02
2.865528564453125000e+02
2.866019592285156250e+02
2.869957275390625000e+02
2.871215515136718750e+02
2.875009460449218750e+02
2.871267395019531250e+02
2.868364257812500000e+02
2.858715820312500000e+02
2.860191650390625000e+02
2.861844482421875000e+02
2.860139465332031250e+02
2.863366088867187500e+02
2.862335205078125000e+02
2.861948242187500000e+02
2.865168457031250000e+02
2.853199157714843750e+02
2.848843383789062500e+02
2.865143737792968750e+02
2.860754394531250000e+02
2.867875366210937500e+02
2.859648132324218750e+02
2.863495483398437500e+02
2.866842651367187500e+02
2.858222656250000000e+02
2.866457824707031250e+02
2.863880920410156250e+02
2.851498107910156250e+02
2.858115539550781250e+02
2.860913696289062500e+02
2.857782592773437500e+02
2.865686645507812500e+02
2.854148254394531250e+02
2.862950439453125000e+02
2.864266357421875000e+02
2.866457824707031250e+02
2.862335205078125000e+02
2.860139465332031250e+02
2.857060546875000000e+02
2.852757568359375000e+02
2.855299072265625000e+02
2.860139465332031250e+02
2.846902160644531250e+02
2.842187500000000000e+02
2.862072448730468750e+02
2.861300354003906250e+02
2.858715820312500000e+02
2.862072448730468750e+02
2.868645629882812500e+02
2.863495483398437500e+02
2.862774353027343750e+02
2.867333374023437500e+02
2.855299072265625000e+02
2.864266662597656250e+02
2.864705200195312500e+02
2.859875488281250000e+02
2.864266662597656250e+02
2.850126342773437500e+02
2.864266662597656250e+02
2.864266662597656250e+02
2.868208312988281250e+02
2.864266662597656250e+02
2.866457824707031250e+02
2.854424743652343750e+02
2.865634460449218750e+02
2.866019592285156250e+02
2.859875183105468750e+02
2.866072387695312500e+02
2.862511596679687500e+02
2.857674865722656250e+02
2.861965026855468750e+02
2.861300354003906250e+02
2.862072448730468750e+02
2.867333374023437500e+02
2.868645629882812500e+02
2.865300598144531250e+02
2.868645629882812500e+02
2.861300354003906250e+02
2.865686645507812500e+02
2.867103576660156250e+02
2.858328552246093750e+02
2.865248718261718750e+02
2.862511596679687500e+02
2.860314941406250000e+02
2.852490844726562500e+02
2.861018371582031250e+02
2.866072387695312500e+02
2.859875488281250000e+02
2.855471801757812500e+02
2.859435729980468750e+02
2.852823791503906250e+02
2.860314941406250000e+02
2.862950439453125000e+02
2.859102783203125000e+02
2.861686401367187500e+02
2.863721313476562500e+02
2.864651794433593750e+02
2.870549011230468750e+02
2.860368347167968750e+02
2.855030822753906250e+02
2.857288513183593750e+02
2.859875488281250000e+02
2.858609313964843750e+02
2.863495483398437500e+02
2.861300354003906250e+02
2.856955261230468750e+02
2.862072448730468750e+02
2.862950439453125000e+02
2.860754394531250000e+02
2.856955261230468750e+02
2.862072448730468750e+02
2.862072448730468750e+02
2.863880920410156250e+02
2.864651794433593750e+02
2.859875488281250000e+02
2.871370849609375000e+02
2.863880920410156250e+02
2.859489135742187500e+02
2.855966491699218750e+02
2.861686401367187500e+02
2.866842651367187500e+02
2.863495483398437500e+02
2.865686645507812500e+02
2.863880920410156250e+02
2.861194152832031250e+02
2.862722167968750000e+02
2.868645629882812500e+02
2.852713928222656250e+02
2.864266662597656250e+02
2.862072448730468750e+02
2.864266357421875000e+02
2.865528564453125000e+02
2.854148254394531250e+02
2.860314941406250000e+02
2.866895751953125000e+02
2.864651794433593750e+02
2.866895751953125000e+02
2.862072448730468750e+02
2.859875488281250000e+02
2.861911010742187500e+02
2.855686645507812500e+02
2.864319458007812500e+02
2.864266662597656250e+02
2.864651794433593750e+02
2.867280578613281250e+02
2.864266662597656250e+02
2.865913696289062500e+02
2.855471801757812500e+02
2.859875488281250000e+02
2.859875488281250000e+02
2.861086120605468750e+02
2.862950439453125000e+02
2.861471862792968750e+02
2.861633300781250000e+02
2.868750000000000000e+02
2.869519958496093750e+02
2.852986450195312500e+02
2.850107116699218750e+02
2.859981994628906250e+02
2.861140136718750000e+02
2.858337402343750000e+02
2.857126159667968750e+02
2.856353454589843750e+02
2.864651794433593750e+02
2.857234497070312500e+02
2.862072448730468750e+02
2.864106140136718750e+02
2.869414978027343750e+02
2.858832397460937500e+02
2.862072448730468750e+02
2.862072448730468750e+02
2.862950439453125000e+02
2.864106140136718750e+02
2.862511596679687500e+02
2.852216186523437500e+02
2.845571899414062500e+02
2.835056762695312500e+02
2.837173767089843750e+02
2.851055908203125000e+02
2.850115966796875000e+02
2.849673767089843750e+02
2.852768859863281250e+02
2.853706970214843750e+02
2.859875488281250000e+02
2.843407897949218750e+02
2.848843383789062500e+02
2.839848327636718750e+02
2.848562622070312500e+02
2.841514587402343750e+02
2.853320007324218750e+02
2.843851928710937500e+02
2.837892150878906250e+02
2.841456909179687500e+02
2.855196228027343750e+02
2.857674865722656250e+02
2.861416931152343750e+02
2.860261230468750000e+02
2.855471801757812500e+02
2.861300354003906250e+02
2.848400573730468750e+02
2.848843383789062500e+02
2.851331787109375000e+02
2.854589843750000000e+02
2.848843383789062500e+02
2.853265380859375000e+02
2.847514343261718750e+02
2.849285888671875000e+02
2.856901550292968750e+02
2.854148254394531250e+02
2.851940307617187500e+02
2.858995666503906250e+02
2.858555908203125000e+02
2.861031799316406250e+02
2.858832397460937500e+02
2.855471801757812500e+02
2.851055908203125000e+02
2.863336181640625000e+02
2.858832397460937500e+02
2.857234497070312500e+02
2.864213256835937500e+02
2.855251770019531250e+02
2.857015991210937500e+02
2.852271728515625000e+02
2.865148620605468750e+02
2.859658203125000000e+02
2.855196228027343750e+02
2.851498107910156250e+02
2.854424743652343750e+02
2.857234497070312500e+02
2.856353454589843750e+02
2.855471801757812500e+02
2.834319152832031250e+02
2.827417297363281250e+02
2.827805175781250000e+02
2.831006774902343750e+02
2.839675292968750000e+02
2.855803222656250000e+02
2.850390625000000000e+02
2.840121154785156250e+02
2.834974670410156250e+02
2.836762695312500000e+02
2.840121154785156250e+02
2.846345520019531250e+02
2.841514587402343750e+02
2.862404174804687500e+02
2.860646667480468750e+02
2.861086120605468750e+02
2.861416931152343750e+02
2.856244506835937500e+02
2.862072448730468750e+02
2.859435729980468750e+02
2.856630249023437500e+02
2.854810485839843750e+02
2.856519470214843750e+02
2.859217834472656250e+02
2.857400817871093750e+02
2.862843017578125000e+02
2.823433532714843750e+02
2.845958862304687500e+02
2.857566223144531250e+02
2.854589843750000000e+02
2.860754394531250000e+02
2.860913696289062500e+02
2.860913696289062500e+02
2.863880920410156250e+02
2.852216186523437500e+02
2.859875488281250000e+02
2.832677307128906250e+02
2.858446960449218750e+02
2.858832397460937500e+02
2.858832397460937500e+02
2.861801757812500000e+02
2.855581359863281250e+02
2.857400817871093750e+02
2.855965881347656250e+02
2.857400817871093750e+02
2.863651123046875000e+02
2.860861206054687500e+02
2.865248718261718750e+02
2.852878417968750000e+02
2.856514892578125000e+02
2.848400573730468750e+02
2.847789306640625000e+02
2.845013427734375000e+02
2.853652343750000000e+02
2.863495483398437500e+02
2.857674865722656250e+02
2.865143737792968750e+02
2.865841979980468750e+02
2.849617919921875000e+02
2.848067626953125000e+02
2.858609313964843750e+02
2.859489135742187500e+02
2.860526733398437500e+02
2.848843383789062500e+02
2.852216186523437500e+02
2.859875488281250000e+02
2.854480285644531250e+02
2.868208312988281250e+02
2.853761291503906250e+02
2.856901550292968750e+02
2.858198852539062500e+02
2.865581359863281250e+02
2.868208312988281250e+02
2.866895751953125000e+02
2.859875488281250000e+02
2.860314941406250000e+02
2.859875488281250000e+02
2.864862670898437500e+02
2.856180114746093750e+02
2.855739440917968750e+02
2.856620483398437500e+02
2.862950439453125000e+02
2.862511596679687500e+02
2.850171203613281250e+02
2.857782592773437500e+02
2.855912475585937500e+02
2.864810485839843750e+02
2.864266662597656250e+02
2.862072448730468750e+02
2.866457824707031250e+02
2.860754394531250000e+02
2.869519958496093750e+02
2.858115539550781250e+02
2.861300354003906250e+02
2.858115539550781250e+02
2.855471801757812500e+02
2.854697875976562500e+02
2.863108825683593750e+02
2.865686645507812500e+02
2.859875488281250000e+02
2.851055908203125000e+02
2.853265380859375000e+02
2.856901550292968750e+02
2.851715393066406250e+02
2.853535156250000000e+02
2.860139465332031250e+02
2.863108825683593750e+02
2.862722167968750000e+02
2.858976135253906250e+02
2.865143737792968750e+02
2.859875488281250000e+02
2.863547363281250000e+02
2.856955261230468750e+02
2.866457824707031250e+02
2.856901550292968750e+02
2.860526733398437500e+02
2.861405334472656250e+02
2.854963073730468750e+02
2.852263488769531250e+02
2.855351257324218750e+02
2.863495483398437500e+02
2.862072448730468750e+02
2.849783935546875000e+02
2.852986450195312500e+02
2.854148254394531250e+02
2.858328552246093750e+02
2.858662414550781250e+02
2.868208312988281250e+02
2.859102783203125000e+02
2.852382202148437500e+02
2.856127014160156250e+02
2.860526733398437500e+02
2.861948242187500000e+02
2.860526733398437500e+02
2.862511596679687500e+02
2.860526733398437500e+02
2.857941284179687500e+02
2.860526733398437500e+02
2.857674865722656250e+02
2.860261230468750000e+02
2.868645629882812500e+02
2.858446960449218750e+02
2.868645629882812500e+02
2.859875488281250000e+02
2.856901550292968750e+02
2.859489135742187500e+02
2.852823791503906250e+02
2.868208312988281250e+02
2.862511596679687500e+02
2.863828125000000000e+02
2.863828125000000000e+02
2.866019592285156250e+02
2.868208312988281250e+02
2.860421447753906250e+02
2.861300354003906250e+02
2.859489135742187500e+02
2.856353454589843750e+02
2.860314941406250000e+02
2.862511596679687500e+02
2.835748901367187500e+02
2.856127014160156250e+02
2.855245971679687500e+02
2.856284790039062500e+02
2.861948242187500000e+02
2.856901550292968750e+02
2.860913696289062500e+02
2.858222656250000000e+02
2.861194152832031250e+02
2.862511596679687500e+02
2.863442382812500000e+02
2.868593444824218750e+02
2.860646667480468750e+02
2.861686401367187500e+02
2.866457824707031250e+02
2.865300598144531250e+02
2.866457824707031250e+02
2.869675292968750000e+02
2.866019592285156250e+02
2.869957275390625000e+02
2.868645629882812500e+02
2.866717224121093750e+02
2.866562500000000000e+02
2.860526733398437500e+02
2.863108825683593750e+02
2.863495483398437500e+02
2.866072387695312500e+02
2.861686401367187500e+02
2.859435729980468750e+02
2.864705200195312500e+02
2.851498107910156250e+02
2.862950439453125000e+02
2.860421447753906250e+02
2.860913696289062500e+02
2.853922729492187500e+02
2.854310302734375000e+02
2.850722961425781250e+02
2.860630798339843750e+02
2.866019592285156250e+02
2.869957275390625000e+02
2.866895751953125000e+02
2.870393981933593750e+02
2.863828125000000000e+02
2.859102783203125000e+02
2.855739440917968750e+02
2.853922729492187500e+02
2.853922729492187500e+02
2.855739440917968750e+02
2.855030822753906250e+02
2.864266662597656250e+02
2.863828125000000000e+02
2.866176452636718750e+02
2.859648132324218750e+02
2.865790710449218750e+02
2.859155578613281250e+02
2.861300354003906250e+02
2.855471801757812500e+02
2.867333374023437500e+02
2.868208312988281250e+02
2.873012695312500000e+02
2.868593444824218750e+02
2.868208312988281250e+02
2.865528564453125000e+02
2.864705200195312500e+02
2.864651794433593750e+02
2.868208312988281250e+02
2.869519958496093750e+02
2.862072448730468750e+02
2.865966491699218750e+02
2.862617492675781250e+02
2.862897644042968750e+02
2.866895751953125000e+02
2.869414978027343750e+02
2.864757690429687500e+02
2.870830688476562500e+02
2.868750000000000000e+02
2.869675292968750000e+02
2.869519958496093750e+02
2.863495483398437500e+02
2.867333374023437500e+02
2.859435729980468750e+02
2.854256896972656250e+02
2.858715820312500000e+02
2.862072448730468750e+02
2.858115539550781250e+02
2.862950439453125000e+02
2.862335205078125000e+02
2.859102783203125000e+02
2.866457824707031250e+02
2.867385559082031250e+02
2.857234497070312500e+02
2.864705200195312500e+02
2.866457824707031250e+02
2.864705200195312500e+02
2.866457824707031250e+02
2.852327270507812500e+02
2.866457824707031250e+02
2.862722167968750000e+02
2.863828125000000000e+02
2.863880920410156250e+02
2.861300354003906250e+02
2.862335205078125000e+02
2.859102783203125000e+02
2.862178649902343750e+02
2.864266662597656250e+02
2.866457824707031250e+02
2.859875488281250000e+02
2.869082946777343750e+02
2.862072448730468750e+02
2.860861206054687500e+02
2.857674865722656250e+02
2.864266662597656250e+02
2.864266662597656250e+02
2.860861206054687500e+02
2.853706970214843750e+02
2.860314941406250000e+02
2.860087280273437500e+02
2.864705200195312500e+02
2.868208312988281250e+02
2.854093627929687500e+02
2.856794128417968750e+02
2.848843383789062500e+02
2.856244506835937500e+02
2.858446960449218750e+02
2.861194152832031250e+02
2.866457824707031250e+02
2.862072448730468750e+02
2.843965148925781250e+02
2.842575378417968750e+02
2.853265380859375000e+02
2.859875488281250000e+02
2.858501586914062500e+02
2.851498107910156250e+02
2.858115539550781250e+02
2.862511596679687500e+02
2.858061218261718750e+02
2.860646667480468750e+02
2.849561767578125000e+02
2.844956054687500000e+02
2.854369201660156250e+02
2.853373718261718750e+02
2.855251770019531250e+02
2.847889099121093750e+02
2.852432556152343750e+02
2.855693054199218750e+02
2.858995666503906250e+02
2.862511596679687500e+02
2.859987487792968750e+02
2.829721679687500000e+02
2.844182739257812500e+02
2.850390625000000000e+02
2.846959228515625000e+02
2.866457824707031250e+02
2.848176269531250000e+02
2.859217834472656250e+02
2.858226623535156250e+02
2.843076477050781250e+02
2.858061218261718750e+02
2.852601928710937500e+02
2.869030456542968750e+02
2.860261230468750000e+02
2.863108825683593750e+02
2.843076477050781250e+02
