2.864526904271989451e+02
2.866919765508654336e+02
2.866698557434070267e+02
2.865044564986924343e+02
2.863352684877772276e+02
2.862483855291152395e+02
2.861966572777645865e+02
2.853591187482522855e+02
2.854618647098958490e+02
2.872533306635884855e+02
2.855056300359428860e+02
2.870421076279138219e+02
2.854456728436048252e+02
2.871560592168586936e+02
2.857125168112510210e+02
2.851777768188266577e+02
2.872137332981722579e+02
2.876761949936170026e+02
2.872252788258488749e+02
2.872348604504183527e+02
2.882137893640477841e+02
2.880558891150102454e+02
2.865596917213346728e+02
2.864463098508712733e+02
2.872088488688542611e+02
2.857558742238056197e+02
2.857910596022797449e+02
2.850225078100815495e+02
2.858646934632291163e+02
2.863648092848656574e+02
2.872088488688542611e+02
2.863781402528813373e+02
2.871408797241479078e+02
2.865458426211515643e+02
2.851364702134646336e+02
2.877459247430526830e+02
2.854542354109426014e+02
2.872088488688542611e+02
2.869414988576264136e+02
2.863648092848656574e+02
2.872263856542474514e+02
2.868930564139177477e+02
2.872210033573687724e+02
2.865531985139208473e+02
2.866496560026868110e+02
2.866496560026868110e+02
2.883237648073705941e+02
2.866820700958473935e+02
2.857051962799307603e+02
2.857910596022797449e+02
2.862483855291152395e+02
2.854120066027916778e+02
2.860346985852646640e+02
2.866121986574836455e+02
2.860249496502981970e+02
2.872263856542474514e+02
2.873091306079060132e+02
2.873674470841406219e+02
2.879291500339442678e+02
2.883191452122608212e+02
2.872088488688542611e+02
2.871025646841187609e+02
2.857910596022797449e+02
2.859064924455211099e+02
2.873091306079060132e+02
2.876761949936170026e+02
2.863888108718710441e+02
2.887318773990382965e+02
2.884719349203716092e+02
2.863604651330061870e+02
2.862019669284451879e+02
2.870643236798068756e+02
2.872903683476114907e+02
2.874458680377471183e+02
2.883597362235256583e+02
2.865458426211515643e+02
2.870283001765058088e+02
2.865596917213346728e+02
2.870923141774900387e+02
2.860769555131250854e+02
2.863459502518758200e+02
2.850563246810493752e+02
2.816700962950554867e+02
2.812252312870214723e+02
2.851292211312687073e+02
2.865458426211515643e+02
2.850563246810493752e+02
2.861885332689323604e+02
2.864452918247079083e+02
2.854542354109426014e+02
2.872533306635884855e+02
2.870400426654796888e+02
2.859819449853646915e+02
2.866820700958473935e+02
2.843762805986502826e+02
2.807368933801536173e+02
2.835883218689147611e+02
2.824565874813259825e+02
2.857312928662927902e+02
2.872285073065321512e+02
2.854109929566303663e+02
2.857910596022797449e+02
2.869882346222719889e+02
2.865596917213346728e+02
2.799922080834761005e+02
2.820256297037855688e+02
2.848972763631104499e+02
2.852651085289765547e+02
2.834540643133801723e+02
2.862645632156050510e+02
2.862645632156050510e+02
2.825821380305972070e+02
2.818865540601340740e+02
2.849707467858078758e+02
2.838398160692943861e+02
2.857663077881327354e+02
2.850584200700248516e+02
2.855056300359428860e+02
2.816018307383837396e+02
2.830733034186576447e+02
2.850792274028764268e+02
2.840146035159866074e+02
2.854866870743758227e+02
2.869896003047737736e+02
2.861103819171443092e+02
2.862428573926466697e+02
2.857910596022797449e+02
2.861115638790000162e+02
2.857910596022797449e+02
2.850862985875868389e+02
2.854618647098958490e+02
2.825908814948489294e+02
2.814821120217961834e+02
2.805372720828244155e+02
2.809122412245710052e+02
2.825821380305972070e+02
2.838166978565182603e+02
2.851231800721198510e+02
2.852476299559033919e+02
2.857955993625565156e+02
2.845245666198305798e+02
2.851796468479446389e+02
2.850735611888595713e+02
2.852651085289765547e+02
2.850735611888595713e+02
2.840589389039698744e+02
2.863396829353449107e+02
2.852651085289765547e+02
2.860249542519631518e+02
2.820074434605592728e+02
2.840589389039698744e+02
2.838578377719657624e+02
2.863861311795469646e+02
2.843862032501940575e+02
2.822708581433869313e+02
2.863685882443603532e+02
2.856228415888141399e+02
2.853898608360523781e+02
2.856028720728278927e+02
2.868239233764363121e+02
2.872348604504183527e+02
2.863380547424563929e+02
2.855950342741423924e+02
2.864650353452951776e+02
2.854585507865402860e+02
2.853898608360523781e+02
2.873369932682157355e+02
2.854442947907761550e+02
2.793582370162218922e+02
2.863508107182815365e+02
2.867765237064890016e+02
2.877616704892654980e+02
2.772567308010454212e+02
2.772567308010454212e+02
2.742966401221491992e+02
2.834706880547851711e+02
2.872556684126750497e+02
2.879642125315060071e+02
2.879492293343881215e+02
2.890427145251217098e+02
2.865596917213346728e+02
2.888276286149813927e+02
2.893105973026032984e+02
2.886386166678758514e+02
2.884940382241143766e+02
2.897116495377264300e+02
2.844077201775727985e+02
2.839289869707437788e+02
2.863604651330061870e+02
2.870568547815271927e+02
2.843762805986502826e+02
2.843988517585618752e+02
2.844930282948173499e+02
2.869414988576264136e+02
2.866063558747855495e+02
2.875410212530143212e+02
2.875442452787740422e+02
2.862828042093310046e+02
2.850223806050021267e+02
2.870923141774900387e+02
2.854618647098958490e+02
2.824899731562480838e+02
2.853388042983343098e+02
2.875825192043975562e+02
2.886386166678758514e+02
2.887284992224423377e+02
2.898769606187418617e+02
2.899852891172594127e+02
2.893171501725415737e+02
2.872137332981722579e+02
2.834371752809540794e+02
2.875825192043975562e+02
2.860249542519631518e+02
2.869683346317208930e+02
2.863380547424563929e+02
2.865596917213346728e+02
2.877616704892654980e+02
2.852677534225747422e+02
2.887284992224423377e+02
2.898769606187418617e+02
2.889892283554571009e+02
2.854542354109426014e+02
2.854354664975828655e+02
2.841347555765412380e+02
2.869414988576264136e+02
2.889593277918331182e+02
2.865458426211515643e+02
2.857910596022797449e+02
2.857910596022797449e+02
2.865531985139208473e+02
2.866496560026868110e+02
2.872348604504183527e+02
2.888018277239997360e+02
2.885006717248213022e+02
2.864966162509840046e+02
2.873314192860154890e+02
2.860249496502981970e+02
2.857125168112510210e+02
2.827112947510834147e+02
2.841347555765412380e+02
2.858646934632291163e+02
2.876828307200869403e+02
2.872943835700691011e+02
2.844715723612453644e+02
2.843464844319540816e+02
2.863781402528813373e+02
2.860249496502981970e+02
2.872533306635884855e+02
2.865458426211515643e+02
2.859064924455211099e+02
2.842841032081565800e+02
2.872533306635884855e+02
2.871110873450558074e+02
2.869414988576264136e+02
2.850225078100815495e+02
2.879493295908889081e+02
2.844880307543473350e+02
2.850563246810493752e+02
2.872957232905914111e+02
2.872285073065321512e+02
2.891339127901842971e+02
2.866063558747855495e+02
2.873244588551789889e+02
2.840481002304575782e+02
2.862834028348933089e+02
2.891339127901842971e+02
2.872533306635884855e+02
2.891339127901842971e+02
2.888369898436710628e+02
2.863648092848656574e+02
2.854109929566303663e+02
2.860833206225108825e+02
2.880183503881603997e+02
2.877625113126566134e+02
2.889892283554571009e+02
2.883597362235256583e+02
2.899855982736776241e+02
2.883597362235256583e+02
2.872533306635884855e+02
2.857910596022797449e+02
2.872533306635884855e+02
2.873352533776796349e+02
2.863459502518758200e+02
2.865596917213346728e+02
2.863459502518758200e+02
2.877214394521512872e+02
2.862907550205563325e+02
2.863604651330061870e+02
2.863264250075741870e+02
2.865458426211515643e+02
2.865458426211515643e+02
2.863368620978314993e+02
2.860249496502981970e+02
2.862880865090884299e+02
2.865458426211515643e+02
2.869414988576264136e+02
2.851334122043042498e+02
2.865458426211515643e+02
2.851205696618830530e+02
2.872137332981722579e+02
2.865473745044780003e+02
2.878640188625627729e+02
2.890427145251217098e+02
2.865458426211515643e+02
2.873674470841406219e+02
2.850166171176018679e+02
2.830733034186576447e+02
2.828762291190150222e+02
2.869414988576264136e+02
2.864230847323075864e+02
2.860168904873633551e+02
2.861336731387790451e+02
2.870283001765058088e+02
2.872252788258488749e+02
2.863033276743297506e+02
2.870283001765058088e+02
2.842407114373868922e+02
2.843494108003451970e+02
2.843862032501940575e+02
2.854649095257927911e+02
2.864463098508712733e+02
2.839663595538636400e+02
2.857910596022797449e+02
2.840133275780265762e+02
2.850463506565429270e+02
2.857955993625565156e+02
2.860195055169187981e+02
2.852915185258677866e+02
2.872533306635884855e+02
2.865596917213346728e+02
2.857910596022797449e+02
2.813871262606368191e+02
2.817516167573943449e+02
2.850869431693081992e+02
2.863459502518758200e+02
2.782894509932606866e+02
2.783633513282412650e+02
2.803044670337856132e+02
2.805772859823991325e+02
2.822980013578973058e+02
2.786007451639805481e+02
2.814906205164322159e+02
2.828793066438583992e+02
2.865531985139208473e+02
2.839644321319743199e+02
2.828049277259846690e+02
2.870682400284092637e+02
2.862907550205563325e+02
2.872798021096626826e+02
2.869882346222719889e+02
2.875410212530143212e+02
2.888658862934196350e+02
2.888990950224905419e+02
2.897494458613240340e+02
2.888734376834329396e+02
2.887318773990382965e+02
2.864966162509840046e+02
2.863033273322073455e+02
2.870400426654796888e+02
2.866820700958473935e+02
2.877659314702497682e+02
2.871560592168586936e+02
2.870648738801480135e+02
2.882007820868059866e+02
2.851037896028184377e+02
2.841347555765412380e+02
2.872137332981722579e+02
2.862834028348933089e+02
2.880558891150102454e+02
2.864740174472109402e+02
2.873559697018972088e+02
2.875825192043975562e+02
2.862984249063541142e+02
2.877616704892654980e+02
2.873674470841406219e+02
2.853086507127263189e+02
2.860249496502981970e+02
2.865473745044780003e+02
2.860833206225108825e+02
2.876139040835403193e+02
2.850862985875868389e+02
2.869414988576264136e+02
2.872533306635884855e+02
2.877616704892654980e+02
2.871560592168586936e+02
2.866820700958473935e+02
2.859103429842131163e+02
2.847262302692399771e+02
2.854120066027916778e+02
2.866820700958473935e+02
2.837885391014153242e+02
2.828049277259846690e+02
2.865596917213346728e+02
2.863459502518758200e+02
2.864966162509840046e+02
2.865596917213346728e+02
2.883597362235256583e+02
2.873559697018972088e+02
2.871619205266055133e+02
2.878940650655156901e+02
2.854120066027916778e+02
2.872533306635884855e+02
2.872348604504183527e+02
2.863604651330061870e+02
2.872533306635884855e+02
2.862468521756901509e+02
2.872533306635884855e+02
2.872533306635884855e+02
2.880183503881603997e+02
2.872533306635884855e+02
2.877616704892654980e+02
2.849707467858078758e+02
2.876761949936170026e+02
2.875410212530143212e+02
2.863604651330061870e+02
2.878640188625627729e+02
2.865458426211515643e+02
2.857910596022797449e+02
2.867670878614022740e+02
2.863459502518758200e+02
2.865596917213346728e+02
2.878940650655156901e+02
2.883597362235256583e+02
2.877214394521512872e+02
2.883597362235256583e+02
2.863459502518758200e+02
2.876139040835403193e+02
2.884524722840175173e+02
2.865531985139208473e+02
2.874956324937224394e+02
2.865458426211515643e+02
2.862907550205563325e+02
2.846695130975538746e+02
2.869654100857589469e+02
2.878640188625627729e+02
2.863604651330061870e+02
2.854542354109426014e+02
2.861103819171443092e+02
2.850035546411265273e+02
2.862907550205563325e+02
2.869414988576264136e+02
2.863648092848656574e+02
2.865046317652286803e+02
2.871673400256993318e+02
2.870491665003038975e+02
2.884661029592357409e+02
2.863368620978314993e+02
2.853892475647905940e+02
2.860346985852646640e+02
2.863604651330061870e+02
2.863487914122098346e+02
2.873559697018972088e+02
2.863459502518758200e+02
2.858975819307817119e+02
2.865596917213346728e+02
2.869414988576264136e+02
2.862834028348933089e+02
2.858975819307817119e+02
2.865596917213346728e+02
2.865596917213346728e+02
2.873674470841406219e+02
2.870491665003038975e+02
2.863604651330061870e+02
2.885421062498238598e+02
2.873674470841406219e+02
2.863870437928037518e+02
2.852642892036087687e+02
2.865046317652286803e+02
2.875825192043975562e+02
2.873559697018972088e+02
2.876139040835403193e+02
2.873674470841406219e+02
2.863147144722310600e+02
2.872088488688542611e+02
2.883597362235256583e+02
2.850615484431093023e+02
2.872533306635884855e+02
2.865596917213346728e+02
2.872533306635884855e+02
2.869882346222719889e+02
2.850862985875868389e+02
2.862907550205563325e+02
2.879642125315060071e+02
2.870491665003038975e+02
2.879642125315060071e+02
2.865596917213346728e+02
2.863604651330061870e+02
2.852915185258677866e+02
2.853297783747893845e+02
2.873352533776796349e+02
2.872533306635884855e+02
2.870491665003038975e+02
2.878055994538098048e+02
2.872533306635884855e+02
2.871643611900379369e+02
2.854542354109426014e+02
2.863604651330061870e+02
2.863604651330061870e+02
2.869683346317208930e+02
2.869414988576264136e+02
2.851364702134646336e+02
2.866063558747855495e+02
2.886748428674251272e+02
2.888369898436710628e+02
2.843644567611961520e+02
2.846089495289394335e+02
2.863085310365063947e+02
2.863660584484825335e+02
2.863480258584702369e+02
2.861336731387790451e+02
2.852677534225747422e+02
2.870491665003038975e+02
2.854109929566303663e+02
2.865596917213346728e+02
2.868239233764363121e+02
2.882550311517245518e+02
2.860249542519631518e+02
2.865596917213346728e+02
2.865596917213346728e+02
2.869414988576264136e+02
2.868239233764363121e+02
2.865458426211515643e+02
2.849120552172896623e+02
2.831910138470366292e+02
2.802965747679652395e+02
2.810872817153182837e+02
2.852257182642440512e+02
2.840231256982575587e+02
2.839289869707437788e+02
2.850752738426722885e+02
2.853388042983343098e+02
2.863604651330061870e+02
2.830044496604810433e+02
2.841347555765412380e+02
2.821423300300140227e+02
2.840662136763085641e+02
2.826876075975563936e+02
2.852747835170537769e+02
2.837686807859085434e+02
2.819246412943536484e+02
2.824188828080285703e+02
2.856143694552810075e+02
2.857910596022797449e+02
2.850735611888595713e+02
2.865044121302702251e+02
2.854542354109426014e+02
2.863459502518758200e+02
2.840658137471100417e+02
2.841347555765412380e+02
2.843494108003451970e+02
2.849243350801506836e+02
2.841347555765412380e+02
2.850563246810493752e+02
2.840133275780265762e+02
2.840148264278785746e+02
2.858646934632291163e+02
2.850862985875868389e+02
2.850869431693081992e+02
2.861621048442188453e+02
2.860195055169187981e+02
2.851796468479446389e+02
2.860249542519631518e+02
2.854542354109426014e+02
2.852257182642440512e+02
2.869468001475510732e+02
2.860249542519631518e+02
2.854109929566303663e+02
2.870450163303839304e+02
2.855936877054680849e+02
2.861897812263085257e+02
2.851618893247962774e+02
2.862193111235321226e+02
2.857955993625565156e+02
2.856143694552810075e+02
2.853086507127263189e+02
2.849707467858078758e+02
2.854109929566303663e+02
2.852677534225747422e+02
2.854542354109426014e+02
2.798754257806457417e+02
2.774749537465171443e+02
2.767658116599262144e+02
2.775164975851336635e+02
2.822980013578973058e+02
2.857312928662927902e+02
2.844930282948173499e+02
2.822708581433869313e+02
2.785711697691993436e+02
2.804193787709513117e+02
2.822708581433869313e+02
2.832010484894884144e+02
2.826876075975563936e+02
2.871890361216659358e+02
2.870283001765058088e+02
2.869683346317208930e+02
2.850735611888595713e+02
2.859612357224195875e+02
2.865596917213346728e+02
2.861103819171443092e+02
2.860220106903928468e+02
2.854649095257927911e+02
2.855079529628835076e+02
2.860131204666203075e+02
2.855590050487317058e+02
2.871687219462759799e+02
2.806343162425011997e+02
2.829314608804609747e+02
2.861680531456892140e+02
2.849243350801506836e+02
2.862834028348933089e+02
2.865473745044780003e+02
2.865473745044780003e+02
2.873674470841406219e+02
2.849120552172896623e+02
2.863604651330061870e+02
2.774424476189947768e+02
2.861203288506269473e+02
2.860249542519631518e+02
2.860249542519631518e+02
2.849411939658984920e+02
2.854585507865402860e+02
2.855590050487317058e+02
2.852782759598637767e+02
2.855590050487317058e+02
2.873332998212206917e+02
2.863945950116199697e+02
2.874956324937224394e+02
2.850166171176018679e+02
2.857125168112510210e+02
2.840658137471100417e+02
2.844276141135577518e+02
2.836895081391948565e+02
2.850792274028764268e+02
2.873559697018972088e+02
2.857910596022797449e+02
2.872137332981722579e+02
2.878280970193712847e+02
2.843988517585618752e+02
2.841332657196181799e+02
2.863487914122098346e+02
2.863870437928037518e+02
2.866496560026868110e+02
2.841347555765412380e+02
2.849120552172896623e+02
2.863604651330061870e+02
2.852155989346209140e+02
2.880183503881603997e+02
2.850163851378461004e+02
2.858646934632291163e+02
2.866628029434069731e+02
2.872798021096626826e+02
2.880183503881603997e+02
2.879642125315060071e+02
2.863604651330061870e+02
2.862907550205563325e+02
2.863604651330061870e+02
2.875233013038714489e+02
2.856049349730083122e+02
2.854802735691350790e+02
2.857083824701986714e+02
2.869414988576264136e+02
2.865458426211515643e+02
2.843464844319540816e+02
2.860833206225108825e+02
2.854618647098958490e+02
2.873627735207540468e+02
2.872533306635884855e+02
2.865596917213346728e+02
2.877616704892654980e+02
2.862834028348933089e+02
2.888369898436710628e+02
2.860249496502981970e+02
2.863459502518758200e+02
2.860249496502981970e+02
2.854542354109426014e+02
2.850225078100815495e+02
2.873314192860154890e+02
2.876139040835403193e+02
2.863604651330061870e+02
2.852257182642440512e+02
2.850563246810493752e+02
2.858646934632291163e+02
2.845766977240753590e+02
2.844880307543473350e+02
2.866820700958473935e+02
2.873314192860154890e+02
2.872088488688542611e+02
2.865720355090296039e+02
2.872137332981722579e+02
2.863604651330061870e+02
2.873091306079060132e+02
2.858975819307817119e+02
2.877616704892654980e+02
2.858646934632291163e+02
2.866496560026868110e+02
2.868930564139177477e+02
2.855341698189236013e+02
2.846649351732437481e+02
2.854896299960604438e+02
2.873559697018972088e+02
2.865596917213346728e+02
2.845527914405739693e+02
2.843644567611961520e+02
2.850862985875868389e+02
2.865531985139208473e+02
2.862262197817150309e+02
2.880183503881603997e+02
2.863648092848656574e+02
2.850871695119619176e+02
2.857558742238056197e+02
2.866496560026868110e+02
2.870648738801480135e+02
2.866496560026868110e+02
2.865458426211515643e+02
2.866496560026868110e+02
2.864407244247267386e+02
2.866496560026868110e+02
2.857910596022797449e+02
2.865044121302702251e+02
2.883597362235256583e+02
2.861203288506269473e+02
2.883597362235256583e+02
2.863604651330061870e+02
2.858646934632291163e+02
2.863870437928037518e+02
2.850035546411265273e+02
2.880183503881603997e+02
2.865458426211515643e+02
2.872252788258488749e+02
2.872252788258488749e+02
2.875410212530143212e+02
2.880183503881603997e+02
2.863245982019168423e+02
2.863459502518758200e+02
2.863870437928037518e+02
2.852677534225747422e+02
2.862907550205563325e+02
2.865458426211515643e+02
2.847913495156563499e+02
2.857558742238056197e+02
2.854964758449934834e+02
2.860384368587229460e+02
2.870648738801480135e+02
2.858646934632291163e+02
2.865473745044780003e+02
2.862984249063541142e+02
2.863147144722310600e+02
2.865458426211515643e+02
2.873369932682157355e+02
2.879492293343881215e+02
2.870283001765058088e+02
2.865046317652286803e+02
2.877616704892654980e+02
2.877214394521512872e+02
2.877616704892654980e+02
2.884940382241143766e+02
2.875410212530143212e+02
2.888658862934196350e+02
2.883597362235256583e+02
2.883191452122608212e+02
2.876828307200869403e+02
2.866496560026868110e+02
2.873314192860154890e+02
2.873559697018972088e+02
2.878640188625627729e+02
2.865046317652286803e+02
2.861103819171443092e+02
2.872348604504183527e+02
2.853086507127263189e+02
2.869414988576264136e+02
2.863245982019168423e+02
2.865473745044780003e+02
2.845103026434801450e+02
2.844840697376233152e+02
2.844096003157152950e+02
2.868293217762479230e+02
2.875410212530143212e+02
2.888658862934196350e+02
2.879642125315060071e+02
2.890427145251217098e+02
2.872252788258488749e+02
2.863648092848656574e+02
2.854802735691350790e+02
2.845103026434801450e+02
2.845103026434801450e+02
2.854802735691350790e+02
2.853892475647905940e+02
2.872533306635884855e+02
2.872252788258488749e+02
2.878252696803686490e+02
2.864740174472109402e+02
2.881436850831343577e+02
2.863781402528813373e+02
2.863459502518758200e+02
2.854542354109426014e+02
2.878940650655156901e+02
2.880183503881603997e+02
2.889892283554571009e+02
2.879492293343881215e+02
2.880183503881603997e+02
2.869882346222719889e+02
2.872348604504183527e+02
2.870491665003038975e+02
2.880183503881603997e+02
2.888369898436710628e+02
2.865596917213346728e+02
2.870643236798068756e+02
2.871988251908300640e+02
2.867095198971044852e+02
2.879642125315060071e+02
2.882550311517245518e+02
2.873111140783519204e+02
2.888018277239997360e+02
2.886748428674251272e+02
2.884940382241143766e+02
2.888369898436710628e+02
2.873559697018972088e+02
2.878940650655156901e+02
2.861103819171443092e+02
2.848935463911770967e+02
2.864966162509840046e+02
2.865596917213346728e+02
2.860249496502981970e+02
2.869414988576264136e+02
2.871560592168586936e+02
2.863648092848656574e+02
2.877616704892654980e+02
2.875756038159711920e+02
2.854109929566303663e+02
2.872348604504183527e+02
2.877616704892654980e+02
2.872348604504183527e+02
2.877616704892654980e+02
2.850701644377334105e+02
2.877616704892654980e+02
2.872088488688542611e+02
2.872252788258488749e+02
2.873674470841406219e+02
2.863459502518758200e+02
2.871560592168586936e+02
2.863648092848656574e+02
2.870259043926890854e+02
2.872533306635884855e+02
2.877616704892654980e+02
2.863604651330061870e+02
2.885006717248213022e+02
2.865596917213346728e+02
2.863945950116199697e+02
2.857910596022797449e+02
2.872533306635884855e+02
2.872533306635884855e+02
2.863945950116199697e+02
2.853388042983343098e+02
2.862907550205563325e+02
2.866121986574836455e+02
2.872348604504183527e+02
2.880183503881603997e+02
2.853138403364140459e+02
2.854866870743758227e+02
2.841347555765412380e+02
2.859612357224195875e+02
2.861203288506269473e+02
2.863147144722310600e+02
2.877616704892654980e+02
2.865596917213346728e+02
2.823474628612846686e+02
2.824899731562480838e+02
2.850563246810493752e+02
2.863604651330061870e+02
2.860075480950794713e+02
2.853086507127263189e+02
2.860249496502981970e+02
2.865458426211515643e+02
2.859064924455211099e+02
2.870283001765058088e+02
2.842973179416818539e+02
2.825765298309142395e+02
2.853115211174970227e+02
2.850882941850736643e+02
2.855936877054680849e+02
2.832363381781473208e+02
2.838980501042482842e+02
2.855475797378865082e+02
2.861621048442188453e+02
2.865458426211515643e+02
2.852005584147464674e+02
2.777967709204312428e+02
2.820471773726976608e+02
2.844930282948173499e+02
2.839788514737876426e+02
2.877616704892654980e+02
2.844915594513069550e+02
2.860131204666203075e+02
2.855038616814824763e+02
2.827374671128457635e+02
2.859064924455211099e+02
2.851235135250054213e+02
2.882655767026155900e+02
2.865044121302702251e+02
2.873314192860154890e+02
2.827374671128457635e+02
