282.8815
280.9628
280.7077
283.4416
286.0178
284.5802
284.0634
284.5619
285.8548
285.4397
284.4442
285.1735
281.9324
288.6127
290.0596
285.0237
290.1173
291.0296
284.7327
287.4445
284.8391
287.7732
286.8067
286.2649
286.6097
286.0341
288.0714
284.6201
285.5421
284.4915
283.0968
282.9424
282.7357
282.2963
282.7935
291.0504
288.4218
287.9909
281.7749
287.5148
285.3177
284.6637
286.0446
287.3741
283.1933
285.9057
285.852
283.0818
284.767
281.5173
283.302
283.9858
284.9912
285.8979
286.5371
286.3756
284.0255
284.1774
285.1057
286.6324
286.8754
286.9633
283.0221
284.6622
286.855
282.9085
282.6463
284.0114
284.1096
284.5283
284.073
284.8345
283.9033
282.654
285.2913
286.7375
285.9673
286.1309
285.3471
285.1529
285.5881
283.7612
288.8401
282.5192
281.8682
290.0458
287.1223
283.5189
286.7398
286.9427
284.638
284.6585
284.0218
285.334
286.9756
284.5328
288.5305
286.2839
283.7086
287.2572
284.5302
290.7749
285.6786
285.2611
280.2319
286.4612
290.0699
288.9684
287.0508
288.7635
287.9303
286.3706
289.567
284.2728
280.2259
283.7138
278.5493
278.3754
280.9453
282.9019
283.0735
280.6178
283.9079
284.1257
284.6832
282.9787
285.778
284.7929
279.7358
279.1097
282.2741
285.4288
283.6074
289.7085
284.8738
282.9953
289.1588
286.7872
285.7321
285.5721
282.9873
283.9525
281.9969
283.4069
285.9642
283.9323
284.8616
286.25
279.7803
283.3084
282.9621
285.333
283.03
285.1778
286.9664
283.51
283.2157
282.0464
280.8961
282.9316
284.1222
283.6762
286.9779
283.8048
281.935
283.7092
280.7166
285.2716
286.2081
284.3902
283.3522
284.1452
283.58
280.028
278.7637
280.1111
283.3382
285.5715
286.1232
277.0218
279.1277
279.1555
281.4013
286.6556
283.4675
285.9064
286.0418
285.5121
283.0665
286.0783
284.0279
281.2037
287.5049
287.2499
281.8598
288.511
282.4236
283.5924
287.0111
288.6057
288.4475
289.6295
286.8074
287.5181
289.5213
285.42
288.4435
281.9924
281.5428
282.2687
285.0059
288.7772
285.9593
286.1603
285.8074
286.6225
290.9879
291.6584
287.7338
290.8969
289.2699
291.0018
288.8431
287.1229
289.7751
290.1026
285.0329
288.2876
286.2144
287.4906
285.769
282.8245
285.9469
286.7312
284.6978
285.1625
286.6509
287.3824
287.9168
288.6271
281.1147
286.8885
285.329
284.756
285.4957
285.5106
285.3493
290.3802
284.1235
288.4444
287.8511
289.3518
287.3766
287.0302
285.015
284.0661
283.7914
284.2717
283.3472
285.7253
282.3702
284.429
282.3093
282.8508
286.2295
284.3022
284.5191
284.4681
288.1472
284.2501
285.0802
285.2605
285.6523
285.12
287.9048
290.6844
289.2211
288.373
287.5779
288.0913
283.2936
284.3268
287.4337
289.7599
284.611
289.2367
288.4436
287.1932
286.1429
284.453
283.8101
286.1125
288.011
287.3871
286.0675
286.1831
287.3672
286.5775
286.5027
285.5964
284.0163
285.0479
286.3527
286.0439
284.9975
287.0825
286.4035
286.5962
288.3067
287.2989
285.6793
288.0529
285.7657
287.8336
288.1283
287.2054
286.5651
284.2472
287.2719
284.2993
284.1907
284.1111
288.5353
288.6441
289.0723
290.3003
288.5925
284.1669
287.7677
287.0834
284.5144
288.1852
286.7912
286.4892
289.4299
290.7066
289.6628
287.353
285.0704
287.6776
287.0587
288.0473
290.8466
286.5009
286.7176
284.4252
285.067
285.4521
288.9619
286.1981
285.569
283.0447
285.9282
286.977
286.6524
286.6005
285.593
286.897
288.0382
284.9024
284.774
286.5421
282.0307
285.8332
286.5186
291.9881
284.7324
288.6479
280.3548
286.8351
286.9846
281.3709
288.7298
287.7419
285.7964
280.7456
278.4528
282.174
281.5344
285.0803
287.6124
287.2323
288.2452
286.2878
286.3272
286.1862
286.059
285.4725
285.3286
286.7601
287.5374
285.3606
286.4367
285.2144
286.0823
284.9019
282.5715
280.8773
284.8996
285.3868
284.3724
286.588
285.3573
282.5114
282.9195
282.0276
285.3846
282.2029
284.4977
283.3827
284.683
286.2197
286.6108
286.1766
281.9893
277.5326
273.397
275.9549
280.1515
281.3703
283.6824
285.8531
284.3361
285.1989
285.6253
285.7274
283.7087
286.062
286.5264
288.7053
287.7474
288.2773
287.6746
286.6295
286.2186
286.4754
285.611
285.2067
285.1145
280.8012
276.8971
285.0257
286.8241
287.7889
287.0538
286.635
284.387
285.5235
286.778
285.4663
287.8833
288.6229
285.2367
287.3844
282.8057
282.7042
285.5403
285.8965
283.7522
285.3805
286.7709
285.4814
282.9524
282.2875
283.6551
286.1146
286.4517
288.1173
288.0359
286.3077
282.0282
286.7722
284.4444
282.5049
282.6023
288.9819
288.3015
289.7237
286.9232
288.2446
288.9795
288.7247
288.5468
286.6974
283.6049
284.4494
283.217
285.68
287.9857
286.5441
286.7451
287.029
288.0659
288.1301
287.6679
283.4735
281.9446
283.6201
283.8466
284.5847
287.8365
278.9571
283.059
284.9182
287.1464
286.8785
285.7431
285.2335
286.8267
277.5525
285.2212
284.7204
281.8591
283.3803
284.9707
285.5847
287.0736
284.1028
283.8241
286.3528
287.5694
288.6727
288.6925
288.241
288.5024
285.5328
285.8415
287.4967
282.1705
287.9048
287.9763
283.1756
285.7929
285.7284
282.9287
284.6758
286.2625
280.5921
284.7171
283.825
287.2537
287.4611
283.6814
284.722
284.2419
283.8642
285.0742
286.5594
288.1212
288.5323
287.2385
286.9477
287.3759
287.7552
286.9353
285.5791
284.0538
285.9163
286.9544
287.1342
286.2472
287.2211
286.9042
285.5396
285.4812
284.8867
282.3443
284.7815
284.9313
282.9977
286.8402
288.2605
285.7843
287.9053
286.6068
289.1207
285.9078
286.6537
284.5686
285.7913
285.7729
285.0005
286.2827
288.132
285.3845
285.7817
286.1002
284.4705
284.4855
287.6489
284.8799
289.1599
287.8887
287.7354
286.8873
285.5106
284.8753
286.4402
286.5
287.6867
287.9445
283.266
285.7266
286.4396
288.7065
287.9944
288.655
287.5572
287.7722
287.7565
287.3657
285.4371
284.3527
284.6842
287.6807
286.4145
285.594
284.5511
285.5023
288.9917
289.2571
287.8419
287.3915
285.0189
282.2762
283.0705
284.0128
284.3751
286.8633
283.7552
283.0264
286.0005
287.435
285.039
285.4808
283.5822
286.6465
286.6815
287.4884
284.1479
288.4465
287.2238
283.5086
285.5216
286.079
283.9605
281.5684
283.8416
285.1207
284.3985
284.2423
285.4559
286.1507
285.3168
286.2971
285.7539
286.5756
286.3164
285.1997
282.0234
283.7785
285.424
283.2186
283.3927
284.9789
287.5485
289.4933
290.4665
290.5677
288.9486
288.374
287.6935
285.625
289.7395
288.7947
288.0839
288.6816
288.0911
282.2242
284.2468
284.5414
285.6007
287.3792
286.8901
282.6683
285.4455
285.6039
286.4973
287.2525
285.8056
288.3175
288.515
284.8045
285.2244
286.077
286.3006
286.6564
288.047
288.051
287.0843
287.2216
286.8134
289.016
286.6595
286.0423
283.6984
285.5843
285.0305
284.9375
287.0742
288.0608
287.8872
282.2776
280.595
284.9684
286.1161
286.5922
285.5467
286.712
287.0209
287.1605
287.7026
286.5861
285.7942
285.9706
285.2149
277.4272
274.6456
280.6517
284.6735
284.8102
285.966
288.2838
286.5347
288.1951
288.7069
285.9546
287.16
286.3139
287.3403
287.3213
287.6259
283.9697
284.3835
285.7581
285.5867
283.5722
286.4997
289.2577
288.1917
288.1806
285.3757
285.0634
285.2631
286.8007
277.3488
276.2903
277.1993
282.4663
287.3656
287.2222
285.4326
285.2005
284.0767
277.0648
283.0887
285.8339
286.9995
285.1028
283.9076
279.7111
277.3262
280.9976
282.7817
281.3487
282.257
283.9595
286.2573
287.0269
284.114
284.3307
284.787
283.0404
283.1882
283.2088
283.7996
284.3615
283.1349
285.39
283.4303
283.0356
285.4444
284.1787
286.4647
284.448
286.5692
284.8234
286.9925
287.1276
285.8081
280.6045
278.7921
279.5584
281.7957
286.1
286.943
285.8666
285.3938
284.3073
284.3857
284.9427
285.3727
285.1218
286.2926
286.5836
286.4162
287.4262
284.6551
283.5822
282.6107
284.6606
280.5578
276.9193
281.4636
276.7832
283.5797
287.4314
286.5137
286.8031
282.6527
279.8792
283.0569
285.556
287.7065
286.6441
285.0113
280.8405
281.8895
285.6082
288.3517
288.1593
287.129
282.2213
282.3185
286.9648
287.1295
288.0077
286.4088
283.641
287.3273
286.8822
285.721
288.3357
289.735
285.2465
284.4172
282.95
283.0044
284.179
285.5984
288.3649
285.8702
284.6658
289.4966
287.3049
286.2076
288.106
286.8806
288.4663
288.9075
288.4823
288.217
285.2941
284.2702
283.1736
285.1942
285.3095
286.8087
285.3205
287.6259
287.9329
287.0632
288.1313
289.3833
288.8295
283.2281
278.5287
286.0091
285.7838
287.8482
282.6094
287.7429
287.7108
287.7748
283.9584
285.2177
284.7413
285.532
284.1553
286.386
282.6887
284.4648
287.8434
289.0879
284.4823
281.6454
283.0367
285.572
288.6945
282.482
284.5354
285.0492
284.8714
283.8306
281.3331
281.3648
283.9133
288.4055
289.2899
287.5797
289.5922
287.4437
286.4883
288.5777
285.9916
286.0736
287.6653
285.578
287.1691
285.7894
289.024
286.481
285.1248
285.2741
283.0735
286.2829
288.9453
289.5656
289.6208
284.8159
283.4501
281.8844
283.2346
285.8377
287.4478
283.801
285.653
287.4166
281.4247
282.1416
284.1448
283.4655
284.2591
282.7888
284.5735
283.2035
284.2833
284.9149
286.4665
287.2556
286.1362
289.0991
287.7273
286.1381
285.9004
284.9789
290.0945
286.6569
287.5821
288.9665
290.8645
287.2665
286.0935
286.0479
286.9356
285.0332
285.149
289.1859
289.6513
289.2488
283.3352
286.2297
284.9316
282.2824
284.6511
283.3166
283.8377
282.5526
281.9962
285.8954
284.5424
289.1107
289.1585
287.0219
284.9141
283.4745
283.2508
284.4421
285.1601
282.7831
283.8917
282.3433
284.737
284.9874
283.4425
282.0646
281.924
283.3704
287.0849
286.2748
287.1635
288.551
287.9906
284.5483
286.3514
287.8447
285.1597
285.8178
289.2447
285.7709
286.8362
288.0459
286.9942
287.3584
286.3461
285.7855
286.6398
285.9819
283.8275
288.127
288.5014
289.5308
289.7104
287.0658
287.2375
289.0386
288.9914
289.1034
289.2439
289.3779
287.6949
285.9211
286.6082
286.9418
286.7984
286.9647
287.0574
288.7658
287.4914
283.2996
282.1059
283.2446
285.2104
286.8235
284.7981
283.1342
281.3394
277.2435
278.7457
281.0708
285.3282
286.9224
286.847
285.7544
285.74
282.7675
282.0907
280.7302
281.9651
279.0319
283.0472
282.8874
283.8788
284.9541
286.7146
286.346
285.821
286.8889
284.9786
283.1998
287.3997
286.6101
285.5283
284.8734
285.5462
285.5973
285.3909
286.722
288.2613
285.6359
282.5028
284.0134
282.0561
284.5101
285.5312
286.1167
285.056
284.3697
284.1371
284.3086
281.3811
283.9662
280.5363
281.1796
278.6961
278.4185
274.282
279.1711
277.9713
284.3518
282.7513
283.1501
284.9547
283.8666
283.5463
286.1712
288.478
281.3304
285.7532
287.7336
284.2879
286.4057
286.5131
286.0815
286.1772
283.8381
282.7398
283.0689
281.0618
277.3134
279.4002
279.7728
283.1896
285.9813
284.7569
284.5441
286.5819
284.1464
282.7362
283.5915
284.3718
286.111
283.8785
283.5188
283.2751
285.4605
285.7154
285.6776
285.3366
286.3353
282.6793
279.3849
282.4276
280.9086
283.8794
284.9833
285.7303
283.6193
287.6281
285.9252
286.0573
284.9881
285.4565
287.3559
286.8676
285.9895
285.9816
288.2998
284.3583
277.5074
279.8621
281.597
282.617
286.3971
287.4835
286.9454
286.1676
286.1672
287.3035
283.1192
282.3635
279.6281
282.7456
283.8661
283.3461
285.0812
282.96
282.3209
284.8115
287.5218
285.7959
286.8545
288.8177
282.1512
283.4604
282.1979
283.739
282.3423
282.2874
286.0406
287.898
287.9655
287.4105
287.3886
286.768
289.1826
288.9274
289.4069
288.7608
284.5666
284.6715
286.2152
281.6077
282.8258
284.4044
285.0265
285.6439
284.0462
287.3871
286.3124
283.3825
283.3733
282.7273
283.2152
287.4559
287.3671
288.2232
282.6717
278.8179
277.9805
279.273
283.3657
285.3669
285.7555
284.6608
284.9459
280.4622
286.5985
284.6636
288.1173
284.367
282.4204
283.709
285.9646
282.5107
285.6029
285.0356
283.4854
284.4577
287.3951
284.3384
284.8632
283.0159
284.6955
286.1066
285.9497
286.9461
286.5034
287.5062
281.8352
284.3556
285.2208
284.3298
285.7156
286.1237
287.7841
286.2327
285.233
280.9651
284.3399
284.3539
286.6155
285.9674
284.53
285.6166
282.5518
283.431
283.8695
284.2447
284.6203
287.2753
282.1336
283.7099
286.4649
287.2591
282.5569
284.5925
284.7421
285.6238
286.412
286.9046
285.9931
288.3109
288.0545
285.269
285.6036
285.3652
285.1453
288.6199
284.8811
285.0497
285.1049
287.8456
288.9149
282.9881
282.5445
284.4981
288.0975
286.8251
285.8532
282.7263
286.2618
285.9198
285.678
282.943
282.1798
287.6146
286.8314
283.3856
285.2588
283.0376
283.2276
285.0543
285.0971
285.7706
284.8817
283.9263
283.9539
284.2824
286.0341
287.4973
289.3766
286.8866
285.0864
286.9546
285.6508
286.858
285.2839
282.9656
282.4914
284.6315
283.9828
285.3912
283.595
283.7608
285.0359
283.9523
282.9402
283.2334
284.3679
286.2754
284.8873
286.2122
288.2598
288.421
286.2249
284.2573
285.4279
288.6412
287.857
286.2738
287.511
288.8515
288.1711
286.729
287.2864
287.4791
287.084
285.9667
282.0714
286.4607
285.8094
285.791
288.3891
289.9898
290.6654
288.8235
284.2388
285.5898
287.2971
287.4541
288.357
287.8191
286.1827
285.2292
285.73
285.2762
284.4653
283.9299
285.1737
287.0968
287.7464
285.5672
286.1597
285.7679
286.7274
286.6515
286.9005
283.5727
286.3835
287.4067
286.3886
289.7267
284.3777
282.5467
284.4465
284.2421
283.2216
284.3403
284.6799
283.721
285.4627
285.6353
286.2283
283.764
280.622
279.6096
279.7116
283.5844
283.0242
281.0782
283.8214
284.5128
280.0605
283.4551
284.1621
287.1159
286.4274
284.2747
284.0627
288.8941
287.8206
286.5842
287.8835
286.9874
286.6653
287.0333
284.5966
286.3077
286.6647
282.9554
285.9607
284.1032
285.3358
287.1132
286.6916
287.9571
287.6132
286.5682
281.4106
285.3712
284.7031
287.0461
288.5244
287.2713
288.9514
289.4698
288.7679
288.3712
288.3488
286.6349
285.9529
285.3319
287.0561
284.198
281.4502
279.722
280.3786
279.2033
279.4637
282.096
285.7578
285.1831
287.5681
285.3077
286.9049
285.5718
284.5933
285.9647
287.1311
286.7966
286.1459
287.64
286.0482
284.5136
284.6732
273.5464
274.6566
278.2392
282.959
281.8699
285.1687
281.9193
283.1815
284.6849
286.6383
288.7154
288.248
287.2501
286.1481
281.7618
280.5159
283.3642
284.7219
285.4573
286.0348
289.4102
285.4036
282.0042
283.5208
284.3082
285.3116
286.283
281.0086
280.8075
283.3565
285.5431
287.4023
288.7249
287.4068
285.13
285.5115
285.5389
286.8418
286.4801
288.261
287.3252
285.8363
281.6028
281.3839
285.1955
286.2317
279.5789
286.041
288.3873
285.5251
282.2819
281.6247
280.2266
273.2456
271.0137
272.8183
279.0107
282.4559
284.1919
286.8161
287.2081
287.7118
288.0835
287.5991
287.1297
286.9822
287.2485
282.6204
285.466
288.7175
284.7219
285.7602
285.4236
284.9553
286.1496
282.6667
285.3593
282.0807
283.3962
286.7865
289.1573
288.2975
283.9192
283.7185
286.4782
286.7
289.4494
288.5404
289.8539
286.3053
281.7899
281.0232
283.2038
282.8405
284.1805
284.9227
286.181
283.3488
286.0961
285.2781
288.681
287.5458
288.531
284.2533
282.1513
281.2954
285.5798
284.8002
287.7342
286.9141
285.703
287.2818
282.5443
285.0412
285.9313
284.3063
288.0502
286.7186
290.2452
288.6337
291.4242
288.2509
287.706
286.9794
289.3077
289.1564
285.5125
286.0329
285.9813
287.3103
289.6192
289.942
289.0677
290.1323
292.0139
289.0782
289.4119
289.3496
288.2943
282.1989
282.1517
283.4806
284.3334
285.5722
286.4621
287.0255
287.1487
286.2452
286.6301
280.7393
282.6969
283.699
286.6257
285.386
283.7484
287.7851
285.2327
285.0277
286.5267
286.5429
288.5686
286.07
283.2158
282.9402
285.1633
286.3341
287.0915
288.8079
286.7786
282.0192
285.8961
286.5068
287.2869
286.6292
288.3388
285.8954
287.252
282.3838
287.2499
283.0115
283.2376
283.7096
287.3469
284.6353
286.733
286.5503
285.6024
285.7608
287.2456
286.1012
287.9297
286.9337
288.3019
285.4511
286.2613
284.5385
286.1996
289.6264
292.0222
290.6011
293.777
291.9538
291.562
292.2383
290.8298
286.0554
288.0045
285.4243
281.9693
283.1156
282.4815
284.2292
284.8329
284.6891
286.3061
288.413
288.0892
286.5759
288.0384
288.0515
285.7832
284.2232
285.2019
287.9954
287.3923
289.3653
288.4001
283.5459
283.4639
284.9269
284.8036
289.1133
284.2295
286.7965
287.1466
290.4351
290.4297
288.0244
283.9514
282.3528
281.9916
283.8059
285.7753
285.9247
285.6973
284.7536
283.0156
282.5912
282.8531
282.8904
284.2082
284.8132
287.7556
284.9573
286.0302
285.3365
287.3961
288.4425
286.3793
282.8122
283.8554
284.3247
285.9403
285.58
287.2053
288.5114
288.9747
286.6425
287.0449
288.2869
286.5606
286.0485
282.0244
285.4848
285.5341
287.7508
286.721
288.6107
289.1245
289.5386
290.2335
290.1866
289.3141
286.2032
288.1839
289.2251
288.461
287.5788
285.4467
288.0441
288.0659
288.1128
288.6787
283.6817
287.5561
285.8867
285.9918
285.6375
285.9309
289.2267
288.9141
289.8577
288.12
290.3796
288.8387
289.326
287.1147
285.9664
284.9518
283.4634
284.2947
286.5909
284.5562
286.2074
286.1487
285.1173
284.8213
284.3983
285.785
286.905
287.2019
287.2332
287.128
289.8174
289.5991
288.4418
286.3715
287.8855
288.4966
290.0114
289.1539
288.2619
289.3982
287.6352
286.1036
289.0444
288.2927
286.4814
286.2914
284.637
285.834
286.5373
288.1481
286.5423
289.0198
289.6953
288.6993
290.1869
288.3281
287.4899
287.9921
286.3435
285.9392
286.6029
286.6387
284.1597
284.2564
283.1833
285.8011
285.2324
286.3007
288.3143
287.4859
287.9018
286.9496
284.6715
287.8185
284.8625
284.1537
289.8966
289.816
290.3135
288.9377
291.0417
288.5863
291.3518
285.4507
289.0307
285.109
289.8628
286.1112
285.1087
285.0091
280.8474
285.821
285.5935
286.6738
288.0104
285.5648
284.6945
285.7693
287.5489
287.7381
288.3069
286.07
287.3137
285.4851
286.6079
287.8121
287.5648
286.2353
284.2159
285.9917
287.5312
288.5988
287.454
287.7753
287.518
289.231
288.2501
289.868
289.0508
289.9661
291.0004
289.106
287.621
291.8413
289.7333
288.9042
286.5705
286.302
288.004
285.5165
286.2747
287.3455
286.5659
285.7055
286.0385
283.1674
286.5893
287.3177
285.7263
287.6745
289.623
288.9159
290.2192
289.0602
286.7477
288.3957
285.1081
286.3957
286.0251
286.7665
288.8921
289.2261
288.6236
285.7137
289.4097
287.4785
289.4237
287.5829
289.1384
288.197
286.4379
285.9606
291.1942
290.193
289.2057
289.0335
287.8884
286.1181
284.219
287.2133
284.8265
283.276
285.1624
285.2829
285.8998
286.9072
285.7117
286.8417
287.2212
287.4517
290.7314
289.0625
289.5266
287.4976
288.3129
287.8474
287.2885
287.1341
287.9673
283.8793
284.759
287.3781
286.687
286.1925
284.5634
288.377
288.0681
288.5542
289.2739
290.6878
289.8212
289.9682
288.2531
289.5172
289.4488
288.532
287.2265
290.0462
288.6701
289.54
289.0909
288.2093
288.1791
288.6726
288.0745
289.4518
287.9113
285.3034
281.6228
284.4392
285.4463
285.7851
287.0474
287.5908
285.8398
286.5462
285.2688
286.0227
289.0476
287.0335
285.6008
284.2857
283.2337
277.9642
279.7097
278.8207
276.709
278.9955
278.7671
279.7697
282.659
281.2946
283.3345
281.7732
284.9785
281.1169
284.1694
284.3063
286.2202
284.7894
288.123
287.1528
286.9218
286.3514
284.3579
285.5232
284.1606
286.5984
287.2331
286.3334
282.0492
287.9738
286.4223
289.2497
290.1594
290.0797
289.6264
289.3598
286.7049
284.6559
286.6559
285.0933
284.3099
283.0536
283.7246
282.4291
281.1906
283.0055
283.2754
282.8087
284.6032
286.0579
286.9213
287.247
288.4881
290.0139
288.517
289.6489
289.5268
288.9284
288.0911
286.3837
287.4825
286.4757
288.0984
289.5547
286.6535
286.719
286.3702
287.6353
283.5889
284.5394
287.2421
287.0591
289.4856
288.276
288.7485
284.8672
284.1122
276.9415
277.5161
277.8375
280.7153
281.6393
283.3014
285.6789
283.9849
282.6131
284.2384
285.2756
287.9223
285.8279
282.9241
276.9802
282.1499
286.8969
284.4119
285.6246
286.0258
283.4436
284.9224
285.7381
286.9238
286.8739
287.4475
281.4321
282.4658
284.4937
283.8515
283.235
285.3714
286.1333
286.8326
285.5791
285.6414
286.0638
286.6361
286.7648
288.9781
287.7866
287.3185
289.4413
289.3971
289.3324
288.839
287.8247
289.6244
285.8217
287.3138
287.2685
287.5929
287.5744
287.3279
285.5463
284.6788
281.9808
286.4594
282.5003
281.0684
281.3386
283.1163
283.6141
284.2371
282.7877
284.0392
284.1725
278.5924
276.2911
277.5565
276.5257
279.6695
283.5991
282.1205
283.8132
283.5286
282.9817
280.0407
279.0052
277.0508
279.3349
279.1739
283.4174
281.2503
283.8635
283.8597
284.6216
279.1647
277.321
279.0338
279.0708
280.7063
281.8066
279.8511
280.7601
283.8467
287.7607
286.2857
286.5193
285.3
287.8577
286.373
288.589
285.7518
287.9857
285.1656
284.1712
281.5052
282.6636
284.0874
283.5404
282.1299
283.4396
281.5921
284.7942
282.1962
284.6143
283.7525
285.7354
288.5121
289.0717
287.2589
287.1226
285.342
285.799
285.0069
284.6266
285.5702
282.1178
286.5164
287.0619
288.4937
288.4747
288.493
287.002
286.3702
283.2218
283.0357
281.1113
277.7442
278.1335
282.5002
280.1039
280.9659
276.9
276.7913
279.6292
279.225
280.9865
283.5252
282.0983
284.3899
286.5536
286.8542
288.0294
290.8434
289.2308
288.7824
283.7527
282.6899
283.5035
283.8814
282.6027
282.2725
283.8056
284.2036
285.2524
286.6822
285.8865
287.5038
289.9097
291.7177
290.6689
289.7174
289.0808
290.4478
290.8878
288.8282
288.3564
289.6198
288.2497
286.3826
288.6375
288.5675
286.7583
285.3773
283.9406
284.1869
282.0931
282.9907
283.4683
283.1388
283.8417
284.1832
283.5916
287.7573
286.1865
286.3048
283.2217
287.0741
280.6255
285.8295
285.1382
284.7929
286.3773
285.6671
281.8255
281.6475
281.569
282.3632
283.05
285.1523
284.8466
288.4629
287.4522
287.331
288.1323
288.6645
287.6752
283.9821
285.884
283.4525
284.625
283.4609
286.2503
286.2043
285.9607
288.7576
283.2272
285.9565
285.9653
282.7956
282.3112
284.6134
283.1766
284.7417
284.4955
285.4999
283.037
283.7089
286.5409
286.9406
284.7781
285.2406
288.3763
287.2758
287.2924
287.8583
289.0269
290.1446
290.0148
290.2752
288.8211
285.3526
284.575
283.8955
284.6936
285.2576
283.5458
283.3267
286.1696
287.5965
288.7477
289.545
286.389
279.2413
287.0654
286.263
289.2065
287.0885
281.3551
285.0081
288.0419
287.1117
286.3516
286.5883
285.7224
287.078
289.8696
287.6846
289.5677
287.9382
292.9337
288.9573
287.9839
283.0402
280.7635
284.5137
286.0362
282.0945
283.1495
282.412
282.4954
282.8161
282.7816
285.499
286.2505
287.9488
290.1288
285.8899
283.9155
287.2494
286.159
284.63
285.7401
287.1522
285.0958
285.8715
287.6302
286.5039
288.155
286.2777
291.4946
288.2105
284.5733
288.4829
284.9626
285.0177
284.5997
286.2513
285.9536
287.8434
286.0183
288.5776
288.1756
290.2618
288.9784
286.8678
282.6497
287.2056
286.1373
286.7811
290.7833
284.631
284.9376
284.035
285.1568
288.3909
286.7881
287.7417
282.9429
284.9315
287.4508
286.9869
289.8694
287.606
288.4496
290.978
290.0758
286.2493
288.2999
290.2603
284.0298
285.3058
288.5646
285.2013
286.3608
289.051
286.5705
285.5739
284.906
285.5398
283.6175
284.697
287.2279
287.9032
287.9994
284.4135
284.5904
285.837
285.3686
285.2047
281.538
283.8571
282.024
284.4291
284.147
284.3784
285.1584
284.7344
285.4313
284.5077
283.0391
282.1419
284.267
283.6915
283.0302
283.4344
286.9553
286.1365
289.4343
285.4511
286.4728
284.093
282.4936
282.8402
286.116
282.4745
283.173
283.8172
282.1505
284.0056
283.4666
285.6653
285.4466
286.2312
286.2405
291.7493
286.6518
286.3226
284.7945
284.3434
281.6576
282.4229
282.1622
285.4055
283.7279
284.4984
283.9306
283.9651
285.2525
288.4346
290.4131
289.4417
287.7951
285.5988
285.626
288.2887
288.9277
286.2947
287.5428
286.333
286.9684
285.7168
284.2282
286.1486
283.7893
285.4437
280.1995
283.7919
283.8961
287.7243
286.7731
286.5485
284.3364
286.3835
284.4375
283.9124
285.504
285.1828
283.2652
283.9664
284.3636
290.148
287.2754
285.0827
286.2768
285.6349
284.1487
287.1633
287.8144
287.5854
288.6147
287.7678
287.2558
288.8519
286.2731
288.0508
289.3111
286.9475
286.8116
288.0406
283.8407
286.1866
284.6871
288.5147
287.4192
284.8919
281.7651
284.2683
284.6972
286.6227
288.1071
288.1815
289.137
286.3112
280.8808
281.1028
282.2014
281.3306
280.8313
285.3242
285.6069
284.0444
284.5338
284.1343
284.6412
284.5524
286.6621
284.6955
286.0412
288.2196
284.58
286.299
285.4676
287.2668
284.5477
286.8304
284.0455
286.1927
285.7152
283.2987
279.2607
282.4671
283.4594
284.4282
283.8752
284.5017
282.0174
288.5252
286.2554
286.8415
288.3177
287.804
284.9898
286.2851
287.6889
288.2148
287.3409
288.0288
285.6259
286.1345
287.3074
284.6157
284.8828
278.8572
279.0691
275.2502
280.7963
280.1625
282.2535
281.7393
283.0024
283.8297
283.8939
283.1364
285.3709
282.4615
284.1438
279.4993
277.6163
281.2656
278.1572
281.0434
279.1396
282.9392
283.3763
284.9038
285.5119
284.3317
288.3485
285.4297
286.536
283.228
284.422
280.7904
282.5071
284.8357
282.862
284.0332
281.6962
279.55
281.2552
282.6793
284.3985
282.6602
284.5149
284.9004
285.861
285.3959
285.5447
283.5371
283.6895
284.2496
285.2553
283.4234
284.3556
280.7641
282.7344
283.367
282.3874
281.9291
283.5233
284.5081
285.7199
287.8087
287.464
285.863
282.6417
287.0727
286.6251
286.8647
286.0201
286.7282
284.8038
285.8371
285.1269
284.5298
284.2814
284.1119
285.5059
285.1714
283.4361
284.5269
283.6079
284.0253
284.3857
286.787
287.5499
286.7217
285.0302
284.3891
286.3778
285.3115
285.5392
285.4969
283.6439
285.8191
287.806
286.6698
282.9679
284.5688
284.9419
284.0553
284.4278
281.2896
280.6841
278.9496
280.1485
283.4894
286.1309
284.1301
285.4235
284.643
281.8233
282.7861
283.976
284.1115
285.8568
285.9342
285.2221
284.7341
282.9644
284.5084
287.0385
285.7199
285.7759
285.3773
287.982
285.073
284.833
284.8857
286.803
287.8955
289.3312
287.5175
290.0641
286.1908
288.2324
284.6319
279.6965
281.1664
281.3528
282.7658
285.3782
283.0515
281.1192
281.514
280.1713
281.7854
282.3764
285.7914
281.1544
279.6866
281.914
280.5204
280.1055
282.1182
280.2748
281.5771
283.9095
283.249
281.7537
282.6836
284.4541
283.5592
281.5563
282.6011
284.0452
285.2614
283.7961
284.8397
282.1273
284.6148
282.8889
287.015
284.3891
282.3787
281.9674
285.6442
288.3192
287.6316
287.2642
285.4266
280.0315
286.675
286.1569
288.5692
286.9221
292.9179
291.1338
288.4251
284.1168
286.6309
283.2549
283.3186
280.9416
284.2275
284.189
286.1664
284.2338
286.7196
284.4555
284.5521
287.0399
288.0572
285.7243
290.9947
288.4802
289.8175
288.6503
287.8476
288.8258
290.8309
287.9394
291.0302
285.7681
288.9299
284.7152
280.4836
286.744
286.5135
288.0129
288.9092
286.1539
287.1518
287.2694
287.7118
288.1483
282.0605
286.0196
284.6649
282.7814
284.4043
283.2875
282.2383
280.6476
283.2672
283.9788
284.2859
286.5959
286.3434
284.4078
284.0816
283.4882
278.498
276.2647
277.8537
274.5123
278.5963
277.0743
281.6341
285.8494
285.1041
286.0305
283.4338
279.6876
283.4841
286.6479
285.6778
288.0508
285.9154
286.8287
285.5682
286.2374
284.2165
284.0027
284.4391
283.6768
281.5497
282.121
286.6882
286.4165
285.7951
280.8743
283.1182
285.7303
284.8099
287.0785
285.1899
289.0969
287.9073
290.4082
287.9366
289.7984
288.6427
283.529
280.4762
284.1575
282.2961
282.6299
280.7866
283.6288
284.7112
285.6023
286.3204
284.9656
283.0876
279.7758
283.3182
284.9289
282.9921
286.282
284.5213
288.3805
286.1421
289.7523
288.1578
287.8413
287.6031
287.9537
290.2863
285.3042
280.5182
281.9259
286.9935
290.1841
290.085
289.5217
290.6199
288.4938
288.86
288.3264
288.0368
288.8065
282.9454
281.5704
286.0118
280.628
283.6783
280.4368
282.13
282.0997
281.6888
283.8977
285.7647
285.6046
282.2001
281.5219
283.4407
281.9222
281.5611
281.5654
281.2596
279.6461
280.9213
282.6332
282.6246
280.7267
281.4831
282.8594
283.4485
285.226
285.8948
282.3111
285.9012
286.0089
289.7742
289.3187
288.9621
286.2771
288.215
283.7293
285.3423
289.1679
281.8364
283.054
286.9274
286.5846
286.1799
289.7462
287.5181
285.8971
283.564
284.8225
284.118
283.5699
280.8691
282.192
287.1829
285.6202
286.747
284.5779
284.9276
284.9207
287.1915
285.9155
285.6686
283.5545
283.717
282.422
283.4316
283.9585
283.3452
283.4003
282.2976
284.5429
282.2864
282.2575
284.0269
284.1478
283.2852
284.1997
287.4341
287.7374
289.3882
290.0083
289.2813
286.9056
287.2507
286.4447
287.1674
290.1964
286.5265
284.2512
287.092
284.4853
283.9096
283.355
282.3114
280.926
284.2189
285.3922
286.9747
284.8982
286.2074
286.0566
284.431
281.4357
283.322
283.2553
284.8064
283.7415
286.7935
286.4867
282.9937
282.9422
281.6772
281.8079
281.3777
281.611
282.2545
283.6567
281.9414
283.4942
281.7551
283.4104
282.9807
286.0115
284.6148
286.2599
287.0839
287.8845
286.3639
285.5314
286.2618
289.1107
286.1985
284.8837
287.2574
287.317
282.5242
285.2234
284.7638
284.5647
286.3243
287.3882
285.6565
284.3257
282.8669
283.0493
283.9942
284.7852
284.3178
281.8589
284.0641
285.7796
284.7252
284.3694
283.653
284.1009
283.381
284.5206
286.504
286.5383
284.6729
285.9633
285.3537
284.6283
281.7356
282.9064
283.8565
282.5753
280.5881
282.4023
284.1947
287.2662
286.1879
287.1312
283.5433
282.4582
282.4917
283.4838
283.9538
282.5936
283.1769
285.2865
283.5887
283.5928
284.5398
284.6375
283.596
283.6907
281.7506
282.5582
285.5154
284.0168
287.1118
287.7164
287.6012
289.0485
287.3084
289.1829
288.4893
287.1253
289.0628
287.2979
286.9862
284.4536
279.0101
283.8695
284.3308
284.8275
284.1324
282.1552
283.3005
286.0074
284.6614
287.0607
283.6905
285.151
285.6555
286.7699
283.5166
286.5933
284.4386
284.7345
285.0637
286.012
285.0206
288.8442
286.7593
287.0197
287.7609
284.2285
284.7249
284.2856
283.7297
287.3851
285.8309
281.565
282.9315
280.3396
281.9533
279.9516
282.8989
284.991
283.8608
281.3405
280.28
277.8202
274.6892
281.8509
283.3156
289.3377
284.4774
287.8738
287.52
286.2787
287.7134
285.4931
286.1369
283.9489
282.506
284.6208
285.2195
283.6671
282.7108
284.4119
283.6737
284.9605
282.9598
285.8016
284.4776
287.8893
290.6864
285.6176
285.1881
288.0134
284.8092
273.2773
280.8687
285.0834
285.8032
283.2599
281.1805
284.6759
280.337
281.7582
280.8976
281.0789
279.4087
279.9605
285.0312
285.4301
283.8833
281.567
280.2942
283.9686
283.4651
283.123
279.8566
281.1868
286.0964
288.035
283.5684
281.8564
280.1738
282.3604
284.5426
285.6369
287.8127
286.9545
289.2795
287.4661
287.4176
288.681
287.3818
288.0479
283.0846
287.0916
284.3009
284.8894
284.2214
287.8021
279.7096
283.162
286.11
284.2007
283.0198
283.5114
282.5531
281.8667
285.8253
282.0127
284.6937
283.0618
282.6618
283.0597
284.8047
287.2297
279.6548
284.618
285.3639
284.9523
284.7798
283.4506
288.137
289.0176
286.8921
288.3657
289.821
285.8026
282.7146
283.1298
286.2542
286.8
286.0797
283.2922
285.1481
285.6613
286.8913
284.6904
281.6423
285.4585
284.3396
286.0561
286.0785
286.7549
286.9244
285.698
285.4564
284.1284
286.8653
283.1983
284.8384
286.1841
282.6315
284.3517
284.7531
287.4894
289.1057
285.0228
283.6914
284.6893
283.3586
282.1006
284.4223
284.3129
284.2063
285.6818
286.6668
283.9428
286.9427
285.1619
286.0747
287.3563
287.6021
289.6667
286.7477
287.6174
285.802
285.4296
287.2617
288.0054
283.6311
281.2545
283.387
284.4526
286.6452
284.8694
286.9877
286.0361
285.6496
284.298
284.5446
287.499
286.6193
284.091
283.4584
286.0253
283.485
283.8062
286.3576
287.9781
288.7458
287.8226
285.6788
288.4449
290.7915
283.7516
286.5479
285.6044
284.5597
281.2938
286.5672
283.2773
285.1889
284.5699
285.4165
286.8333
284.4084
285.7365
286.2754
283.795
283.9225
281.335
281.0094
281.2558
280.6978
280.5832
279.9515
279.8706
280.6694
282.9366
286.0024
286.3352
287.2333
288.0364
288.3606
285.5333
288.7214
290.6135
286.5049
287.8391
289.0529
288.4756
288.2582
287.1692
288.6738
287.2379
287.6546
285.9652
283.9742
282.9582
283.2418
280.3076
281.9566
278.5927
280.3854
278.5138
279.4103
278.9391
278.7
279.8902
282.4664
283.2556
284.4795
284.2393
285.4526
284.8726
285.7087
287.7157
285.8022
280.9561
279.5617
280.5571
281.7335
283.4207
285.7275
283.6668
289.2756
287.2826
288.6066
286.654
284.2783
282.9872
285.3225
286.1328
288.0264
287.2387
288.5558
286.2712
287.2162
287.2447
282.7282
288.0395
286.1504
286.4397
286.807
287.1552
289.584
286.3526
288.1544
289.5867
287.4096
289.0156
284.4369
281.1969
279.5813
283.4763
282.4439
284.5385
286.3875
285.849
284.746
285.4969
285.2517
282.4626
282.9352
286.5565
283.9801
287.3085
285.686
276.5376
277.6501
278.0374
282.8111
285.8754
286.5014
283.3524
284.4746
285.4133
284.7178
277.4285
280.2349
283.556
285.869
287.2592
286.2276
286.5654
290.1882
284.9722
286.8997
287.4705
288.6439
288.2398
283.5763
283.677
284.4285
284.8026
286.5568
286.1091
286.549
287.4022
288.4469
286.2095
277.9884
277.2155
279.2439
279.9119
276.4248
279.6408
280.239
280.6559
280.258
284.0728
287.4311
284.9001
285.6546
283.814
285.0496
284.4572
287.0169
284.9196
285.5459
284.9219
287.9
287.6956
287.4718
280.1605
286.928
288.8086
287.944
290.3046
287.4202
288.422
286.1418
284.1058
284.8415
285.9903
287.9644
286.9226
287.8842
288.8166
279.9467
285.4925
285.9313
286.3336
287.7227
285.4098
281.1827
286.1916
285.864
288.8391
289.3073
288.1058
288.7311
290.1029
289.1994
289.8819
287.5008
286.8246
287.8945
290.3023
287.9915
287.3824
284.1858
282.6719
282.2892
283.2872
282.0253
283.2505
284.1938
286.8169
286.4488
290.5182
288.0506
289.1809
285.7282
286.615
278.5356
284.3364
285.259
284.9372
285.5497
286.1188
288.9918
290.0571
285.0984
287.8033
287.1307
284.4276
286.6672
285.9952
286.3168
285.3406
283.5068
285.5942
286.916
284.9264
282.9402
285.7345
282.4455
283.7066
285.4232
288.8848
288.2311
290.1184
290.5634
288.4039
288.6414
280.0852
285.202
287.0548
285.1807
283.4791
284.0591
286.8812
286.7746
288.8349
283.2833
283.0331
282.5394
283.7844
282.8763
285.7361
287.1838
287.4148
284.3068
290.5877
287.0368
286.1142
281.356
284.5433
286.6736
287.9554
284.414
283.5785
288.7761
290.8783
286.7851
286.1938
289.7571
288.4108
282.6593
283.1982
286.5148
284.9654
284.8522
284.8001
284.0132
284.3323
285.4285
286.7643
285.0179
284.7603
284.8969
285.5066
286.5623
283.0771
286.1078
282.7692
282.8838
285.2759
287.8647
284.2774
282.2646
282.1926
282.1096
284.5507
284.5095
281.125
287.7833
283.7232
285.9659
285.2777
284.5062
286.7864
287.3178
283.1557
286.5638
284.706
283.5928
286.0578
282.797
284.3054
285.6519
285.809
284.5609
284.8649
284.6494
284.587
284.4677
283.6897
284.6364
283.6614
284.5485
285.4446
291.801
289.7738
286.4749
286.5294
288.2847
284.0853
285.892
284.8622
281.9821
284.7505
284.4514
282.5204
284.4807
284.531
286.281
286.2606
288.7717
288.7155
289.306
285.2708
284.6683
284.1237
286.5136
285.4275
285.5875
285.7612
285.8098
286.9836
286.6696
286.76
283.4857
285.2567
286.9418
284.4004
284.7715
290.0136
284.9283
288.8228
288.4554
287.9226
285.313
284.5974
285.4167
288.439
287.5158
286.9432
286.4642
287.9344
286.0062
287.0529
286.3426
285.4184
285.3994
284.8184
284.4734
286.882
291.3776
290.44
291.6292
288.8687
284.9966
285.6982
287.8046
289.0549
288.1448
286.2704
287.9065
286.2036
283.5633
284.365
283.2511
284.1992
287.3882
288.5834
287.1136
289.2991
286.6469
282.4986
283.6382
283.5497
284.4916
285.503
285.1091
285.1669
284.8904
287.2607
286.205
286.0914
286.5211
287.1241
281.1682
282.3838
284.508
286.8014
288.0258
290.2751
291.6059
287.1361
287.4668
287.6124
282.42
285.5709
285.8407
287.4698
287.4982
286.5812
286.3842
286.5621
287.14
287.8957
284.8484
284.5855
284.1551
279.8626
282.0252
282.2101
282.0725
285.2726
285.5703
285.7085
288.2959
288.8985
288.0897
286.196
286.4408
283.714
283.7345
284.5622
286.4029
286.2603
287.9693
287.308
287.2724
285.0738
285.3668
288.3512
287.6477
286.8138
288.2839
287.584
287.3583
286.8498
285.2103
279.6093
275.9456
272.4764
275.6006
278.3826
282.4784
283.04
280.4966
282.6816
280.4129
282.8382
281.435
283.1808
282.4592
284.122
283.4451
283.397
283.4194
286.9803
287.1688
287.6443
287.3882
286.8293
286.3603
285.5005
286.1945
284.414
282.5018
280.4524
284.5839
283.9682
285.1055
285.4666
280.9901
283.4562
283.8877
283.118
285.2054
285.7679
285.1453
285.9893
283.929
282.7882
285.4689
284.511
283.8947
281.641
281.9926
282.9016
283.0111
283.6807
283.6311
284.5152
283.1362
281.2273
282.5551
285.1867
287.1838
287.9606
287.7915
288.0614
287.4234
286.8347
287.6476
287.8014
284.2899
280.5152
284.4348
284.2029
281.1588
280.063
282.2258
285.9921
286.3917
287.6256
288.452
287.6354
285.8649
286.0325
286.463
288.007
289.2167
288.1286
287.8062
287.0976
286.9775
286.2385
287.7116
285.2159
286.8137
288.3406
285.2223
285.1454
284.8233
287.0329
287.7939
288.3795
291.562
288.8161
289.542
289.3484
288.6381
290.1469
288.0966
285.7475
284.797
282.7548
283.7331
285.0182
286.5251
285.0081
283.4819
286.5843
286.2929
290.0973
293.8368
288.1013
289.0842
285.2783
286.5521
287.5381
289.0007
288.2358
287.3824
286.1598
288.0449
290.5888
288.6801
289.0565
286.7126
286.9142
282.1508
283.8404
287.675
288.3936
288.4667
288.8797
288.5338
284.3535
288.1586
288.7325
287.0174
286.6816
289.649
286.3488
289.9001
289.5603
281.5028
282.4971
284.7445
287.9864
287.1924
282.232
279.0089
279.1305
277.6733
280.0661
286.8597
285.2433
287.5804
287.5566
285.4393
287.0553
282.2353
280.896
279.4197
285.4014
288.8312
288.1393
284.7197
281.6834
279.916
278.8584
285.6409
287.8957
286.886
279.2416
279.7138
281.0049
283.8997
286.1192
284.2621
285.6641
283.0988
281.9369
281.1155
285.0656
283.2862
284.3375
285.8815
286.5237
286.6618
288.205
284.5458
284.5894
283.4834
288.382
290.9179
288.2726
291.381
288.2023
290.5489
288.5534
287.6125
289.6769
288.0169
284.0526
285.1223
283.3895
283.1135
284.2188
288.0463
287.4553
288.8644
287.9338
283.8764
283.5181
284.5493
286.034
286.6761
288.8039
288.4318
289.4438
289.6158
292.6835
289.6991
289.0618
286.4966
284.0629
282.2083
282.8621
286.4989
287.705
289.0412
287.431
287.0531
285.8274
284.9364
285.6139
285.4101
287.601
287.8522
285.2946
281.8538
285.4048
286.5927
287.9868
284.341
288.3707
287.7314
288.0045
285.1223
284.8146
281.7508
284.457
283.7545
283.9349
286.5763
286.1418
289.2071
288.0601
286.0331
286.3171
286.122
285.6633
284.0211
285.0499
284.3484
283.2096
282.619
282.7472
282.8948
283.6512
284.8321
286.7137
287.3698
288.6149
290.0517
289.5764
290.5747
290.4144
291.5803
288.3297
288.5034
285.5063
287.4758
284.4648
286.461
287.1675
286.09
285.1684
283.4467
287.9891
284.8872
283.0334
284.3694
285.0287
283.097
283.3543
285.6798
287.2232
288.5434
285.2694
285.7472
287.0087
287.7327
287.7724
287.9034
287.7111
287.3701
288.1763
285.9082
288.8031
288.0544
286.8474
288.1902
291.1832
289.3744
288.2808
284.4745
288.0412
289.6354
292.1772
285.0659
286.0504
284.333
283.6461
284.3602
286.8783
282.4224
287.4624
288.4884
289.4442
285.9823
290.0084
288.6534
287.4698
286.957
286.2014
287.1473
284.8956
290.0759
289.4351
291.0025
286.9438
286.9039
287.9369
285.6452
284.8715
288.1835
289.3636
286.6628
285.7991
286.2744
285.9759
286.0256
287.7345
287.3306
285.2431
285.9055
287.8079
287.4927
291.0036
287.9547
286.646
287.0979
291.5297
287.9051
285.2873
283.493
284.6899
286.9151
288.7922
288.4839
286.3824
284.1457
283.3439
287.081
286.1728
285.1112
286.0933
284.6062
283.7593
283.3562
282.4089
286.1497
284.6016
287.3441
287.5362
287.8029
289.5462
288.9791
287.3043
285.8499
284.5662
280.2974
281.8148
283.617
283.4226
285.8711
284.46
288.1606
286.2087
287.5723
284.4901
288.1921
288.237
288.0843
285.3232
287.4803
286.0004
284.5069
286.8802
286.1288
286.8318
287.7322
287.3812
286.567
286.8586
287.6015
287.401
285.9577
284.9327
287.7859
288.407
289.0115
287.3914
284.424
282.7028
284.0179
286.7486
285.7433
288.1589
286.2944
282.5166
280.9401
281.8445
282.8712
281.5326
283.8977
285.2106
292.0712
279.9218
281.8449
283.2982
282.2112
282.4543
280.0814
282.5052
282.408
283.3926
279.9638
279.9292
276.6006
271.9372
274.1316
275.745
277.9169
277.5866
281.4111
283.7766
282.546
281.5806
283.256
282.1432
283.4792
284.7427
285.56
287.264
283.4656
284.3892
283.6636
282.0376
281.4263
284.1326
285.8801
286.9832
287.4944
283.5569
285.6799
284.8589
281.188
280.9074
286.1978
286.2142
286.2462
284.9626
286.4216
281.5928
280.4668
282.7312
282.6579
283.8921
282.8596
282.864
283.2709
284.3188
285.8586
286.39
285.6116
286.5027
282.7893
286.2292
284.0673
284.999
284.5715
286.0374
286.3366
285.8538
287.1818
285.8978
287.2978
284.8929
285.4134
285.9292
286.412
285.7032
284.9314
282.4814
281.8449
283.2992
285.7894
284.2925
285.8363
285.1955
285.343
284.6652
286.7788
285.4107
285.5012
286.1812
285.1868
284.7645
285.7151
287.6591
287.3495
285.6905
285.7469
285.5582
288.352
287.8729
286.6793
286.2148
289.9022
287.2823
288.049
286.1603
288.2835
285.9326
285.2122
285.2029
285.3484
285.291
287.5761
286.0745
284.6738
286.3029
278.5409
286.4308
287.1735
286.7974
284.7434
285.3375
283.7558
285.9779
287.2121
287.2339
287.3406
284.2041
286.5261
286.281
285.4222
286.568
284.8108
286.7819
285.0735
285.6124
283.8446
279.1961
273.4967
273.0486
275.3788
278.4299
283.2071
282.2975
282.6788
285.3001
285.0994
281.2896
282.4631
280.083
281.6396
284.1828
285.4017
285.5843
284.8996
285.2697
284.0539
284.1035
284.2498
286.3943
284.4359
286.8228
286.2397
286.1898
287.1257
287.058
286.3482
288.5223
283.4344
279.1494
278.4245
280.6277
285.928
283.68
282.7293
285.4313
284.6918
284.9284
283.2956
281.5383
280.5221
283.0913
284.754
286.012
286.2919
285.5976
282.6595
285.7985
282.5327
282.461
282.7206
282.8305
285.5476
286.6302
285.9684
285.3367
288.5072
286.9714
279.7483
284.2512
286.5428
286.3871
287.2458
287.8983
287.1898
288.0063
287.4206
282.9602
281.09
279.2752
282.0833
283.1033
285.8507
287.0948
288.4649
287.2866
287.0258
285.9932
288.7541
286.222
281.6139
279.5771
281.1281
281.0844
282.497
285.4424
285.3596
285.7162
286.2607
285.2709
287.3448
285.4432
287.5238
288.8937
289.3028
289.0284
285.9576
287.3415
287.617
287.5618
288.3575
289.1147
285.4019
285.7875
284.1561
281.4621
284.2779
284.0334
286.4055
290.0561
288.6465
287.3722
282.9922
280.7621
285.3944
284.7316
286.9674
285.1148
284.0239
286.1345
285.4707
285.0591
284.2455
287.2394
282.8736
285.1734
289.463
288.1816
292.7672
290.7974
290.1246
288.8117
289.1278
291.4113
290.5864
286.3628
287.4932
286.4322
286.8631
285.0052
285.4594
288.8629
288.936
291.7881
287.6213
286.708
286.2206
285.9743
285.0057
287.2007
288.6828
285.433
284.9092
283.1957
280.619
284.6275
285.7533
286.4487
290.8002
288.6098
288.5025
283.3364
284.676
282.8144
285.7862
286.618
285.927
285.3514
284.9564
288.8315
284.2307
283.7599
285.1252
286.3218
287.5963
289.5066
288.813
290.1094
288.3166
288.6397
286.9581
288.2679
285.801
282.6126
284.3168
285.2847
285.2687
285.7646
285.0576
285.1257
285.3228
287.3221
287.8236
283.1662
288.347
290.4306
287.9574
290.3819
290.2335
289.3555
283.1955
283.6959
282.5789
280.6556
285.1122
286.6951
285.8997
285.2187
287.133
288.2058
287.2587
286.5716
283.1158
285.2522
285.5606
286.3424
285.2845
288.6034
290.015
288.4354
287.2072
287.3452
287.9331
287.4214
287.3276
286.1716
288.7067
284.8546
286.5405
286.4764
285.5936
282.5924
283.6239
285.414
286.862
288.6635
288.4727
282.9714
284.8517
286.7239
287.0639
285.2119
284.4254
286.4378
281.4489
283.8158
286.4265
284.5984
284.5934
286.2627
284.3073
284.5489
283.6787
283.1809
284.7297
288.0844
289.8466
287.5556
288.4135
287.057
288.696
287.561
285.5528
286.074
287.4611
286.7375
285.8362
284.5764
285.2476
284.7448
286.545
287.1519
287.532
285.6045
281.9327
285.4485
289.0808
289.317
285.4587
289.1976
285.4569
285.1864
284.8058
289.0186
287.6147
285.2012
287.102
283.5323
288.863
287.0617
288.4146
287.1474
284.8786
289.8639
286.3672
286.7917
282.6881
287.027
284.2799
283.7697
281.4861
282.1138
283.0773
287.0538
284.7831
287.4647
288.9965
287.5886
288.2917
286.6749
289.1884
285.985
283.3487
283.3855
281.7844
285.9653
284.795
285.2345
286.285
286.3681
287.1581
285.0467
284.4327
282.0707
281.8227
284.5684
284.2843
282.4262
284.3583
285.5087
286.921
286.5894
284.7829
282.178
283.8604
283.1096
285.1064
288.0314
285.8823
289.4085
287.472
289.8063
288.2176
289.0118
288.1998
288.6626
288.8029
291.0075
287.9204
290.9898
287.4522
288.1848
287.2528
290.7817
288.013
285.1816
281.6197
283.9525
284.8546
287.6086
285.8587
286.6598
286.617
284.2889
281.3379
282.9754
280.6943
283.4495
282.8843
285.0474
283.3573
287.5477
292.1296
286.6484
286.9196
288.3754
282.9713
283.8385
286.6158
282.1453
282.501
281.8611
281.1964
282.7119
285.6459
286.1399
284.7579
284.235
286.3966
288.5116
287.2664
287.9349
287.4696
288.8851
286.2708
283.6151
285.4626
286.8714
286.1585
286.145
285.5359
284.5547
288.4113
286.8612
286.537
286.8736
286.7062
286.054
285.2755
285.6177
286.3338
284.9702
285.4095
280.868
284.6659
283.308
283.9679
284.3904
283.6586
283.135
281.7626
283.7849
283.5683
277.5919
283.8914
283.5644
285.5514
283.8142
284.7668
283.7994
285.2656
288.4248
287.9478
289.1761
285.6839
284.7658
282.9533
284.681
285.3121
285.2696
283.5246
283.724
282.9657
286.1097
282.6432
284.2342
286.3199
283.1345
286.3282
286.073
288.274
286.6409
284.1817
285.8369
287.6313
285.2609
287.4074
288.6336
288.5024
287.1529
289.1193
288.7823
289.2982
285.8145
286.8583
285.8169
285.4426
285.828
288.9799
288.0738
281.7281
282.5716
283.7076
281.007
283.7627
282.6703
286.0319
283.5179
285.9028
283.1239
286.2037
289.7176
283.0378
278.5816
274.8289
277.0354
277.6163
279.8228
280.4144
284.2032
283.7608
285.8997
288.19
289.1157
286.7577
287.5065
286.9536
285.5746
284.7568
286.3069
283.7757
285.1061
283.8518
283.9497
285.6607
287.0449
286.6421
286.1457
287.8018
284.7644
280.9971
280.4894
282.8928
283.7085
284.8068
285.7967
283.6194
283.7595
285.882
286.3353
286.3315
285.9891
286.3446
284.9671
284.74
282.9954
284.0923
283.3096
285.3997
284.7597
286.8062
285.6101
286.2657
283.5525
286.0338
284.714
283.6801
282.8119
281.3972
282.3946
283.6243
283.7079
284.1801
283.7387
283.9523
283.651
283.2893
282.659
281.5516
283.0989
281.8168
281.3751
279.378
279.4491
284.2005
284.7766
285.3673
281.8508
273.0934
275.3448
277.6723
278.3713
283.5287
281.5982
279.056
280.4642
281.8119
287.2228
288.1557
289.2425
285.6473
288.7719
288.266
289.4936
289.0864
289.6256
288.9162
277.079
287.4871
285.7661
286.1331
288.7213
288.8156
288.2533
287.4842
288.6967
287.4072
286.5461
285.0049
287.2624
287.0264
287.9719
290.9355
290.7281
288.145
286.7521
287.4249
287.899
287.388
288.9759
287.0173
286.5598
289.2063
285.3943
284.5703
287.1187
286.3435
286.521
285.5877
288.4178
288.5576
287.2209
289.737
287.4613
281.8111
283.7025
281.0714
285.9837
285.7761
286.0549
288.3261
286.7799
287.4967
287.9427
288.7368
289.1394
287.8982
290.1759
283.8914
286.8005
285.0208
284.1662
288.6263
289.2737
289.7551
285.7113
285.1891
286.8067
287.1619
289.1515
290.4767
288.3236
290.6328
286.4149
285.1858
286.4385
287.1316
284.5677
285.1042
284.1375
283.7857
282.1176
281.3895
282.4285
282.06
281.1034
282.5058
281.2418
280.7769
283.9179
287.232
286.8251
288.9611
286.2301
279.5757
283.9377
284.1074
283.5074
284.7941
283.3942
281.4111
280.8015
279.2342
276.7272
278.2194
280.0046
286.8952
287.9672
287.9724
286.0159
283.7817
284.3134
289.1085
288.7748
290.3072
286.681
287.125
287.7659
286.3259
284.7681
284.0871
286.3655
286.2305
285.6179
282.3575
283.7604
285.445
284.9977
286.8745
287.4478
288.7427
289.4002
289.0817
289.8388
289.7151
287.2521
290.0052
288.3569
285.7486
284.0804
285.4536
284.7777
282.4516
281.8452
282.4871
283.1856
284.7407
284.6997
285.7819
284.9594
285.7976
284.9468
284.2246
283.4622
283.8346
284.3162
282.4284
284.5775
286.888
283.5732
285.5191
282.241
284.778
286.104
284.1506
284.0526
284.2498
285.4196
285.8391
283.6938
282.1724
283.3248
284.9469
287.9944
287.5674
287.5672
287.8863
288.2358
284.4073
282.1671
283.5243
286.4236
286.4958
287.1747
287.7546
288.4087
289.5315
287.7554
288.4731
288.3337
287.4713
287.5261
290.6329
286.9368
285.5479
285.4807
287.4739
284.5727
286.3072
286.6754
285.1108
287.2579
288.1549
288.259
288.6706
284.9753
284.0401
285.548
286.5734
286.1475
289.146
290.6898
290.8618
290.8347
290.7058
290.9674
289.4374
288.9291
286.7607
284.0203
286.2779
283.7213
284.2445
287.7556
285.4123
282.813
284.7696
283.4693
285.0748
286.6423
285.6611
284.7623
285.7206
286.4359
287.7427
287.3428
288.2317
287.6322
287.761
286.037
286.9336
287.1126
287.7343
290.0195
287.9104
286.2429
286.4413
286.0872
284.9554
284.0374
284.6483
285.9051
284.4585
284.8883
283.3236
282.1064
282.5761
281.5007
282.4861
281.5394
284.3506
283.27
284.0061
283.1588
283.9286
284.5269
288.9721
285.8752
286.0522
286.2316
285.9854
281.7725
283.8998
285.0197
285.0109
289.2417
287.5095
287.6139
287.4062
286.3813
287.0796
280.4716
284.4002
286.1059
286.579
287.9944
286.3248
282.4714
286.3184
287.8615
285.8805
285.6055
282.981
282.5424
283.0883
284.7631
284.6936
282.8159
281.252
284.9074
283.7678
285.42
288.8575
286.2405
285.9016
284.9491
286.3585
287.8578
286.0697
286.4595
288.5008
286.0977
285.2316
284.9583
286.0588
287.0505
285.6787
286.6846
284.0039
284.1653
