2.872680664062500000e+02
2.875350646972656250e+02
2.872300109863281250e+02
2.869626770019531250e+02
2.870161437988281250e+02
2.875097656250000000e+02
2.878019409179687500e+02
2.872172851562500000e+02
2.872172851562500000e+02
2.872045898437500000e+02
2.869626770019531250e+02
2.867461242675781250e+02
2.872680664062500000e+02
2.878145751953125000e+02
2.872807006835937500e+02
2.878650207519531250e+02
2.878397521972656250e+02
2.875982666015625000e+02
2.873060302734375000e+02
2.873187255859375000e+02
2.873060302734375000e+02
2.874002075195312500e+02
2.875224304199218750e+02
2.867741394042968750e+02
2.869881286621093750e+02
2.872807006835937500e+02
2.867588195800781250e+02
2.876923828125000000e+02
2.876108703613281250e+02
2.886263732910156250e+02
2.886513977050781250e+02
2.886012573242187500e+02
2.880937500000000000e+02
2.878987731933593750e+02
2.882972717285156250e+02
2.878397521972656250e+02
2.883978271484375000e+02
2.875856628417968750e+02
2.875856628417968750e+02
2.875856628417968750e+02
2.875729980468750000e+02
2.878523864746093750e+02
2.878019409179687500e+02
2.878145751953125000e+02
2.883379211425781250e+02
2.877893371582031250e+02
2.877893371582031250e+02
2.872300109863281250e+02
2.874970703125000000e+02
2.875097656250000000e+02
2.877766723632812500e+02
2.883098449707031250e+02
2.867206420898437500e+02
2.880685729980468750e+02
2.879086303710937500e+02
2.875350646972656250e+02
2.876545104980468750e+02
2.885635681152343750e+02
2.886138000488281250e+02
2.875729980468750000e+02
2.880123291015625000e+02
2.878271789550781250e+02
2.873060302734375000e+02
2.875350646972656250e+02
2.879057006835937500e+02
2.867842102050781250e+02
2.879464416503906250e+02
2.873187255859375000e+02
2.870923461914062500e+02
2.870135192871093750e+02
2.871611633300781250e+02
2.869881286621093750e+02
2.867461242675781250e+02
2.873060302734375000e+02
2.873187255859375000e+02
2.876108703613281250e+02
2.878397521972656250e+02
2.878271789550781250e+02
2.877738037109375000e+02
2.875477600097656250e+02
2.867715454101562500e+02
2.877738037109375000e+02
2.875477600097656250e+02
2.875856628417968750e+02
2.877893371582031250e+02
2.875856628417968750e+02
2.880937500000000000e+02
2.875729980468750000e+02
2.880404663085937500e+02
2.874662475585937500e+02
2.870135192871093750e+02
2.875477600097656250e+02
2.878019409179687500e+02
2.882817382812500000e+02
2.875350646972656250e+02
2.872807006835937500e+02
2.870388793945312500e+02
2.873060302734375000e+02
2.872933654785156250e+02
2.875350646972656250e+02
2.869881286621093750e+02
2.869473571777343750e+02
2.877766723632812500e+02
2.870007934570312500e+02
2.872019348144531250e+02
2.871738586425781250e+02
2.875350646972656250e+02
2.870007934570312500e+02
2.872553710937500000e+02
2.872553710937500000e+02
2.872834472656250000e+02
2.872553710937500000e+02
2.877233276367187500e+02
2.873748779296875000e+02
2.870007934570312500e+02
2.878426513671875000e+02
2.875350646972656250e+02
2.880307312011718750e+02
2.872553710937500000e+02
2.867868957519531250e+02
2.873214721679687500e+02
2.867588195800781250e+02
2.870923461914062500e+02
2.865167236328125000e+02
2.865294494628906250e+02
2.870769348144531250e+02
2.871303710937500000e+02
2.873187255859375000e+02
2.868096008300781250e+02
2.871992187500000000e+02
2.865294494628906250e+02
2.872118835449218750e+02
2.873313598632812500e+02
2.875729980468750000e+02
2.873187255859375000e+02
2.875603942871093750e+02
2.876671142578125000e+02
2.880811767578125000e+02
2.880123291015625000e+02
2.873313598632812500e+02
2.868377075195312500e+02
2.870388793945312500e+02
2.871204223632812500e+02
2.875729980468750000e+02
2.873187255859375000e+02
2.873187255859375000e+02
2.873313598632812500e+02
2.878145751953125000e+02
2.874409790039062500e+02
2.880559387207031250e+02
2.891080932617187500e+02
2.883350219726562500e+02
2.878397521972656250e+02
2.876923828125000000e+02
2.874381713867187500e+02
2.873440246582031250e+02
2.874634399414062500e+02
2.874662475585937500e+02
2.867969360351562500e+02
2.876235351562500000e+02
2.878901672363281250e+02
2.873692626953125000e+02
2.874507751464843750e+02
2.869700317382812500e+02
2.870769348144531250e+02
2.873566284179687500e+02
2.870769348144531250e+02
2.870769348144531250e+02
2.863126831054687500e+02
2.869517211914062500e+02
2.863254089355468750e+02
2.866591491699218750e+02
2.870769348144531250e+02
2.862618103027343750e+02
2.873060302734375000e+02
2.875603942871093750e+02
2.872553710937500000e+02
2.871022338867187500e+02
2.871050415039062500e+02
2.862464294433593750e+02
2.857897033691406250e+02
2.863126831054687500e+02
2.860704040527343750e+02
2.863535156250000000e+02
2.865267639160156250e+02
2.870769348144531250e+02
2.868223571777343750e+02
2.868223571777343750e+02
2.871275329589843750e+02
2.869264526367187500e+02
2.869517211914062500e+02
2.865929870605468750e+02
2.855215454101562500e+02
2.863126831054687500e+02
2.860321350097656250e+02
2.866746215820312500e+02
2.861520080566406250e+02
2.865675964355468750e+02
2.860704040527343750e+02
2.866746215820312500e+02
2.862718811035156250e+02
2.865675964355468750e+02
2.868476562500000000e+02
2.870895996093750000e+02
2.868349914550781250e+02
2.866999511718750000e+02
2.868476562500000000e+02
2.864732666015625000e+02
2.867434387207031250e+02
2.870769348144531250e+02
2.875097656250000000e+02
2.864657592773437500e+02
2.866645507812500000e+02
2.860449218750000000e+02
2.858024291992187500e+02
2.855471496582031250e+02
2.863254089355468750e+02
2.863280334472656250e+02
2.860066528320312500e+02
2.855599060058593750e+02
2.855854492187500000e+02
2.855215454101562500e+02
2.858585815429687500e+02
2.854831237792968750e+02
2.856337280273437500e+02
2.856824645996093750e+02
2.849181213378906250e+02
2.851610107421875000e+02
2.855343322753906250e+02
2.865240173339843750e+02
2.862029418945312500e+02
2.863254089355468750e+02
2.873622131347656250e+02
2.850792846679687500e+02
2.855087890625000000e+02
2.860576477050781250e+02
2.854142456054687500e+02
2.861801452636718750e+02
2.854551086425781250e+02
2.857769165039062500e+02
2.857769165039062500e+02
2.865675964355468750e+02
2.857769165039062500e+02
2.860040893554687500e+02
2.853325195312500000e+02
2.855471496582031250e+02
2.861212768554687500e+02
2.862618103027343750e+02
2.862999877929687500e+02
2.859096679687500000e+02
2.859096679687500000e+02
2.857232971191406250e+02
2.860576477050781250e+02
2.855215454101562500e+02
2.857897033691406250e+02
2.854831237792968750e+02
2.857513427734375000e+02
2.857641601562500000e+02
2.865294494628906250e+02
2.857513427734375000e+02
2.862489929199218750e+02
2.860066528320312500e+02
2.857513427734375000e+02
2.862489929199218750e+02
2.859810791015625000e+02
2.862618103027343750e+02
2.859938964843750000e+02
2.859938964843750000e+02
2.851610107421875000e+02
2.854831237792968750e+02
2.850127563476562500e+02
2.862872619628906250e+02
2.854295043945312500e+02
2.862745361328125000e+02
2.860958251953125000e+02
2.857641601562500000e+02
2.851890563964843750e+02
2.859683227539062500e+02
2.860627136230468750e+02
2.869881286621093750e+02
2.865548706054687500e+02
2.855343322753906250e+02
2.858279724121093750e+02
2.852788696289062500e+02
2.860321350097656250e+02
2.857385864257812500e+02
2.865040283203125000e+02
2.865675964355468750e+02
2.855471496582031250e+02
2.853299865722656250e+02
2.853427734375000000e+02
2.853044128417968750e+02
2.860958251953125000e+02
2.857897033691406250e+02
2.866056518554687500e+02
2.858279724121093750e+02
2.855599060058593750e+02
2.858534240722656250e+02
2.853172302246093750e+02
2.856109619140625000e+02
2.850872497558593750e+02
2.855036926269531250e+02
2.850872497558593750e+02
2.858534240722656250e+02
2.845243530273437500e+02
2.860831298828125000e+02
2.849029235839843750e+02
2.861112060546875000e+02
2.857897033691406250e+02
2.865548706054687500e+02
2.871275329589843750e+02
2.863508300781250000e+02
2.861085510253906250e+02
2.860958251953125000e+02
2.863508300781250000e+02
2.863381042480468750e+02
2.873313598632812500e+02
2.865294494628906250e+02
2.867407226562500000e+02
2.855471496582031250e+02
2.855599060058593750e+02
2.858279724121093750e+02
2.860958251953125000e+02
2.860831298828125000e+02
2.861366577148437500e+02
2.860576477050781250e+02
2.860704040527343750e+02
2.865802917480468750e+02
2.862055969238281250e+02
2.868349914550781250e+02
2.866183471679687500e+02
2.863635559082031250e+02
2.858406982421875000e+02
2.863381042480468750e+02
2.863381042480468750e+02
2.862872619628906250e+02
2.855343322753906250e+02
2.853044128417968750e+02
2.850488586425781250e+02
2.850769042968750000e+02
2.850512695312500000e+02
2.856135253906250000e+02
2.860831298828125000e+02
2.853580932617187500e+02
2.858406982421875000e+02
2.858279724121093750e+02
2.857080078125000000e+02
2.853733825683593750e+02
2.857897033691406250e+02
2.865548706054687500e+02
2.865675964355468750e+02
2.858279724121093750e+02
2.852916564941406250e+02
2.849847106933593750e+02
2.860321350097656250e+02
2.852275695800781250e+02
2.865548706054687500e+02
2.859122009277343750e+02
2.864912414550781250e+02
2.857130126953125000e+02
2.865040283203125000e+02
2.862234497070312500e+02
2.852660217285156250e+02
2.842425537109375000e+02
2.841197814941406250e+02
2.843068847656250000e+02
2.848315429687500000e+02
2.845628967285156250e+02
2.851281127929687500e+02
2.850616455078125000e+02
2.858279724121093750e+02
2.850616455078125000e+02
2.858661499023437500e+02
2.858788757324218750e+02
2.856109619140625000e+02
2.860958251953125000e+02
2.860831298828125000e+02
2.863126831054687500e+02
2.852532348632812500e+02
2.861774902343750000e+02
2.856799316406250000e+02
2.858534240722656250e+02
2.855726928710937500e+02
2.865802917480468750e+02
2.844342346191406250e+02
2.862872619628906250e+02
2.862999877929687500e+02
2.860321350097656250e+02
2.860194091796875000e+02
2.865040283203125000e+02
2.857257690429687500e+02
2.864478454589843750e+02
2.865929870605468750e+02
2.860576477050781250e+02
2.857769165039062500e+02
2.870642700195312500e+02
2.873313598632812500e+02
2.873187255859375000e+02
2.878523864746093750e+02
2.870388793945312500e+02
2.862362670898437500e+02
2.870642700195312500e+02
2.862618103027343750e+02
2.862745361328125000e+02
2.865140991210937500e+02
2.867969360351562500e+02
2.862234497070312500e+02
2.867588195800781250e+02
2.875097656250000000e+02
2.874844055175781250e+02
2.868096008300781250e+02
2.867715454101562500e+02
2.862745361328125000e+02
2.857641601562500000e+02
2.855087890625000000e+02
2.855343322753906250e+02
2.857641601562500000e+02
2.857257690429687500e+02
2.859810791015625000e+02
2.862234497070312500e+02
2.863841857910156250e+02
2.864657592773437500e+02
2.864785156250000000e+02
2.857257690429687500e+02
2.860321350097656250e+02
2.856416015625000000e+02
2.859096679687500000e+02
2.860958251953125000e+02
2.855343322753906250e+02
2.863126831054687500e+02
2.860321350097656250e+02
2.874479064941406250e+02
2.865929870605468750e+02
2.865548706054687500e+02
2.867715454101562500e+02
2.865167236328125000e+02
2.860194091796875000e+02
2.852532348632812500e+02
2.850103759765625000e+02
2.850103759765625000e+02
2.855471496582031250e+02
2.849975280761718750e+02
2.858713989257812500e+02
2.853349609375000000e+02
2.860066528320312500e+02
2.865548706054687500e+02
2.857641601562500000e+02
2.860857238769531250e+02
2.853781738281250000e+02
2.864657592773437500e+02
2.857385864257812500e+02
2.862745361328125000e+02
2.862107238769531250e+02
2.868302001953125000e+02
2.877513427734375000e+02
2.865294494628906250e+02
2.853221740722656250e+02
2.855599060058593750e+02
2.853044128417968750e+02
2.850079345703125000e+02
2.850616455078125000e+02
2.852403869628906250e+02
2.854245605468750000e+02
2.858152160644531250e+02
2.860831298828125000e+02
2.860449218750000000e+02
2.857513427734375000e+02
2.864785156250000000e+02
2.862489929199218750e+02
2.860066528320312500e+02
2.857616271972656250e+02
2.860576477050781250e+02
2.858279724121093750e+02
2.857897033691406250e+02
2.857897033691406250e+02
2.862745361328125000e+02
2.864886474609375000e+02
2.865548706054687500e+02
2.859938964843750000e+02
2.870007934570312500e+02
2.864530029296875000e+02
2.859963073730468750e+02
2.859171142578125000e+02
2.861979370117187500e+02
2.862234497070312500e+02
2.862618103027343750e+02
2.857641601562500000e+02
2.860321350097656250e+02
2.858585815429687500e+02
2.859938964843750000e+02
2.857130126953125000e+02
2.857001953125000000e+02
2.854318542480468750e+02
2.859810791015625000e+02
2.859913330078125000e+02
2.860321350097656250e+02
2.858024291992187500e+02
2.860321350097656250e+02
2.860194091796875000e+02
2.855776672363281250e+02
2.851890563964843750e+02
2.854318542480468750e+02
2.862489929199218750e+02
2.862489929199218750e+02
2.869700317382812500e+02
2.865675964355468750e+02
2.871275329589843750e+02
2.863254089355468750e+02
2.863508300781250000e+02
2.860576477050781250e+02
2.863126831054687500e+02
2.860449218750000000e+02
2.862999877929687500e+02
2.862618103027343750e+02
2.865294494628906250e+02
2.868784790039062500e+02
2.870923461914062500e+02
2.875224304199218750e+02
2.874970703125000000e+02
2.859427185058593750e+02
2.859427185058593750e+02
2.866110229492187500e+02
2.864657592773437500e+02
2.867461242675781250e+02
2.877893371582031250e+02
2.859122009277343750e+02
2.852940979003906250e+02
2.852660217285156250e+02
2.863662109375000000e+02
2.857641601562500000e+02
2.857257690429687500e+02
2.858074645996093750e+02
2.863561096191406250e+02
2.859810791015625000e+02
2.857001953125000000e+02
2.854447021484375000e+02
2.854575195312500000e+02
2.855776672363281250e+02
2.860194091796875000e+02
2.855087890625000000e+02
2.857897033691406250e+02
2.854959716796875000e+02
2.862745361328125000e+02
2.859147338867187500e+02
2.862107238769531250e+02
2.859427185058593750e+02
2.869499511718750000e+02
2.867078552246093750e+02
2.863458862304687500e+02
2.864785156250000000e+02
2.856360168457031250e+02
2.861595458984375000e+02
2.864274597167968750e+02
2.864937744140625000e+02
2.871638488769531250e+02
2.867078552246093750e+02
2.872172851562500000e+02
2.861723632812500000e+02
2.872172851562500000e+02
2.868149414062500000e+02
2.865600585937500000e+02
2.870135192871093750e+02
2.867588195800781250e+02
2.867715454101562500e+02
2.865421447753906250e+02
2.867561340332031250e+02
2.868223571777343750e+02
2.865675964355468750e+02
2.865421447753906250e+02
2.870515747070312500e+02
2.873187255859375000e+02
2.875097656250000000e+02
2.876951904296875000e+02
2.869881286621093750e+02
2.877893371582031250e+02
2.874970703125000000e+02
2.877766723632812500e+02
2.872807006835937500e+02
2.873060302734375000e+02
2.867969360351562500e+02
2.864759521484375000e+02
2.865574951171875000e+02
2.867842102050781250e+02
2.865294494628906250e+02
2.865294494628906250e+02
2.865040283203125000e+02
2.859810791015625000e+02
2.861010437011718750e+02
2.862362670898437500e+02
2.873875427246093750e+02
2.864402160644531250e+02
2.873060302734375000e+02
2.868989562988281250e+02
2.874870605468750000e+02
2.877133789062500000e+02
2.887542419433593750e+02
2.871918334960937500e+02
2.869753723144531250e+02
2.870007934570312500e+02
2.867461242675781250e+02
2.872145996093750000e+02
2.869881286621093750e+02
2.866951599121093750e+02
2.869881286621093750e+02
2.870007934570312500e+02
2.876418457031250000e+02
2.883978271484375000e+02
2.864785156250000000e+02
2.862234497070312500e+02
2.865956726074218750e+02
2.866491699218750000e+02
2.871022338867187500e+02
2.867969360351562500e+02
2.870515747070312500e+02
2.871457824707031250e+02
2.873748779296875000e+02
2.875477600097656250e+02
2.875350646972656250e+02
2.875224304199218750e+02
2.869753723144531250e+02
2.875631713867187500e+02
2.866441040039062500e+02
2.862947387695312500e+02
2.864426879882812500e+02
2.873368530273437500e+02
2.879774169921875000e+02
2.878145751953125000e+02
2.880559387207031250e+02
2.873060302734375000e+02
2.874409790039062500e+02
2.877864379882812500e+02
2.883727111816406250e+02
2.874662475585937500e+02
2.883098449707031250e+02
2.875603942871093750e+02
2.880307312011718750e+02
2.878300170898437500e+02
2.882972717285156250e+02
2.882972717285156250e+02
2.869499511718750000e+02
2.877386779785156250e+02
2.876108703613281250e+02
2.874844055175781250e+02
2.888140869140625000e+02
2.883350219726562500e+02
2.877893371582031250e+02
2.867333679199218750e+02
2.870007934570312500e+02
2.871484680175781250e+02
2.875758361816406250e+02
2.877640075683593750e+02
2.872680664062500000e+02
2.875224304199218750e+02
2.873622131347656250e+02
2.875224304199218750e+02
2.880714416503906250e+02
2.861291198730468750e+02
2.862489929199218750e+02
2.872118835449218750e+02
2.872300109863281250e+02
2.874844055175781250e+02
2.866696472167968750e+02
2.871050415039062500e+02
2.865167236328125000e+02
2.879086303710937500e+02
2.878145751953125000e+02
2.878145751953125000e+02
2.873313598632812500e+02
2.875603942871093750e+02
2.864912414550781250e+02
2.864886474609375000e+02
2.868223571777343750e+02
2.867842102050781250e+02
2.876108703613281250e+02
2.875350646972656250e+02
2.875856628417968750e+02
2.881189575195312500e+02
2.878650207519531250e+02
2.875856628417968750e+02
2.878959655761718750e+02
2.862234497070312500e+02
2.860194091796875000e+02
2.869573669433593750e+02
2.867588195800781250e+02
2.858634948730468750e+02
2.865040283203125000e+02
2.872553710937500000e+02
2.874844055175781250e+02
2.864530029296875000e+02
2.865294494628906250e+02
2.867842102050781250e+02
2.870515747070312500e+02
2.867969360351562500e+02
2.874662475585937500e+02
2.870515747070312500e+02
2.869727478027343750e+02
2.878145751953125000e+02
2.868096008300781250e+02
2.870642700195312500e+02
2.868504028320312500e+02
2.868603515625000000e+02
2.860704040527343750e+02
2.865929870605468750e+02
2.865802917480468750e+02
2.868223571777343750e+02
2.870895996093750000e+02
2.874789123535156250e+02
2.867588195800781250e+02
2.869473571777343750e+02
2.881189575195312500e+02
2.870234680175781250e+02
2.865421447753906250e+02
2.868504028320312500e+02
2.869854431152343750e+02
2.869881286621093750e+02
2.869346313476562500e+02
2.862234497070312500e+02
2.862872619628906250e+02
2.857385864257812500e+02
2.856977233886718750e+02
2.862999877929687500e+02
2.862999877929687500e+02
2.867153930664062500e+02
2.865548706054687500e+02
2.867969360351562500e+02
2.874381713867187500e+02
2.868630981445312500e+02
2.867715454101562500e+02
2.880685729980468750e+02
2.865167236328125000e+02
2.860066528320312500e+02
2.866772766113281250e+02
2.858841552734375000e+02
2.852532348632812500e+02
2.854959716796875000e+02
2.856745300292968750e+02
2.861851501464843750e+02
2.861851501464843750e+02
2.857257690429687500e+02
2.855087890625000000e+02
2.853044128417968750e+02
2.852916564941406250e+02
2.854398498535156250e+02
2.852403869628906250e+02
2.862618103027343750e+02
2.868123168945312500e+02
2.857001953125000000e+02
2.857257690429687500e+02
2.848000183105468750e+02
2.851505126953125000e+02
2.854575195312500000e+02
2.856824645996093750e+02
2.855471496582031250e+02
2.855726928710937500e+02
2.851305847167968750e+02
2.855343322753906250e+02
2.860984802246093750e+02
2.854959716796875000e+02
2.857641601562500000e+02
2.854166564941406250e+02
2.857513427734375000e+02
2.857641601562500000e+02
2.856441040039062500e+02
2.857257690429687500e+02
2.861418762207031250e+02
2.849847106933593750e+02
2.840832824707031250e+02
2.843136901855468750e+02
2.854318542480468750e+02
2.860194091796875000e+02
2.857641601562500000e+02
2.860958251953125000e+02
2.856543884277343750e+02
2.855343322753906250e+02
2.857769165039062500e+02
2.854831237792968750e+02
2.860602111816406250e+02
2.862489929199218750e+02
2.861418762207031250e+02
2.855648803710937500e+02
2.853044128417968750e+02
2.847673950195312500e+02
2.848817443847656250e+02
2.856135253906250000e+02
2.855343322753906250e+02
2.857769165039062500e+02
2.873313598632812500e+02
2.844986267089843750e+02
2.849590454101562500e+02
2.854831237792968750e+02
2.855471496582031250e+02
2.857641601562500000e+02
2.855879821777343750e+02
2.860704040527343750e+02
2.855368041992187500e+02
2.854575195312500000e+02
2.865702209472656250e+02
2.867842102050781250e+02
2.881499633789062500e+02
2.862898254394531250e+02
2.860576477050781250e+02
2.863535156250000000e+02
2.867053222656250000e+02
2.854575195312500000e+02
2.854575195312500000e+02
2.853197021484375000e+02
2.854295043945312500e+02
2.868757934570312500e+02
2.860194091796875000e+02
2.859530334472656250e+02
2.881063842773437500e+02
2.870261840820312500e+02
2.865983276367187500e+02
2.865294494628906250e+02
2.867688293457031250e+02
2.860576477050781250e+02
2.860831298828125000e+02
2.875953674316406250e+02
2.864350891113281250e+02
2.860194091796875000e+02
2.860066528320312500e+02
2.852763366699218750e+02
2.862691650390625000e+02
2.863381042480468750e+02
2.861520080566406250e+02
2.868657836914062500e+02
2.862745361328125000e+02
2.858713989257812500e+02
2.867969360351562500e+02
2.871865234375000000e+02
2.873945007324218750e+02
2.870895996093750000e+02
2.876108703613281250e+02
2.873060302734375000e+02
2.877893371582031250e+02
2.875603942871093750e+02
2.875856628417968750e+02
2.875856628417968750e+02
2.876825866699218750e+02
2.857513427734375000e+02
2.866491699218750000e+02
2.869446716308593750e+02
2.869499511718750000e+02
2.869881286621093750e+02
2.869753723144531250e+02
2.873214721679687500e+02
2.865447692871093750e+02
2.872680664062500000e+02
2.869881286621093750e+02
2.869753723144531250e+02
2.877794189453125000e+02
2.868223571777343750e+02
2.862745361328125000e+02
2.862107238769531250e+02
2.869192504882812500e+02
2.875982666015625000e+02
2.867307434082031250e+02
2.873566284179687500e+02
2.878019409179687500e+02
2.862489929199218750e+02
2.867715454101562500e+02
2.874128723144531250e+02
2.884415283203125000e+02
2.880966491699218750e+02
2.867333679199218750e+02
2.876726684570312500e+02
2.867333679199218750e+02
2.867969360351562500e+02
2.872498474121093750e+02
2.876671142578125000e+02
2.872300109863281250e+02
2.880559387207031250e+02
2.856488647460937500e+02
2.874255065917968750e+02
2.880937500000000000e+02
2.872399902343750000e+02
2.880685729980468750e+02
2.883350219726562500e+02
2.867461242675781250e+02
2.872526245117187500e+02
2.880937500000000000e+02
2.878650207519531250e+02
2.883194580078125000e+02
2.875729980468750000e+02
2.878523864746093750e+02
2.879745788574218750e+02
2.877893371582031250e+02
2.879774169921875000e+02
2.883098449707031250e+02
2.876545104980468750e+02
2.873748779296875000e+02
2.872834472656250000e+02
2.872680664062500000e+02
2.875477600097656250e+02
2.875224304199218750e+02
2.876291809082031250e+02
2.878552856445312500e+02
2.883350219726562500e+02
2.877766723632812500e+02
2.882846374511718750e+02
2.880559387207031250e+02
2.877457275390625000e+02
2.878523864746093750e+02
2.875856628417968750e+02
2.877738037109375000e+02
2.875856628417968750e+02
2.870769348144531250e+02
2.873440246582031250e+02
2.873721008300781250e+02
2.874662475585937500e+02
2.864785156250000000e+02
2.878271789550781250e+02
2.879619750976562500e+02
2.882536315917968750e+02
2.875477600097656250e+02
2.880937500000000000e+02
2.865983276367187500e+02
2.872807006835937500e+02
2.868149414062500000e+02
2.871231079101562500e+02
2.867206420898437500e+02
2.867078552246093750e+02
2.867333679199218750e+02
2.870261840820312500e+02
2.873341369628906250e+02
2.878271789550781250e+02
2.878397521972656250e+02
2.875603942871093750e+02
2.876390075683593750e+02
2.876011047363281250e+02
2.877049865722656250e+02
2.881063842773437500e+02
2.872807006835937500e+02
2.872807006835937500e+02
2.872680664062500000e+02
2.874156188964843750e+02
2.874029541015625000e+02
2.864657592773437500e+02
2.881189575195312500e+02
2.867307434082031250e+02
2.876108703613281250e+02
2.870796508789062500e+02
2.876797485351562500e+02
2.880685729980468750e+02
2.878426513671875000e+02
2.883098449707031250e+02
2.879086303710937500e+02
2.866390991210937500e+02
2.876263732910156250e+02
2.872807006835937500e+02
2.876137695312500000e+02
2.878300170898437500e+02
2.878145751953125000e+02
2.878019409179687500e+02
2.872807006835937500e+02
2.864377136230468750e+02
2.870769348144531250e+02
2.871584472656250000e+02
2.869573669433593750e+02
2.875603942871093750e+02
2.874662475585937500e+02
2.878397521972656250e+02
2.878523864746093750e+02
2.875982666015625000e+02
2.870642700195312500e+02
2.871176757812500000e+02
2.872905883789062500e+02
2.875982666015625000e+02
2.873313598632812500e+02
2.881189575195312500e+02
2.878901672363281250e+02
2.873440246582031250e+02
2.867842102050781250e+02
2.881063842773437500e+02
2.873341369628906250e+02
2.870007934570312500e+02
2.883224182128906250e+02
2.881877746582031250e+02
2.873187255859375000e+02
2.873313598632812500e+02
2.869165649414062500e+02
2.865421447753906250e+02
2.868096008300781250e+02
2.865829772949218750e+02
2.870642700195312500e+02
2.870895996093750000e+02
2.870769348144531250e+02
2.869419250488281250e+02
2.871683044433593750e+02
2.866337890625000000e+02
2.858585815429687500e+02
2.865294494628906250e+02
2.875884704589843750e+02
2.873748779296875000e+02
2.877893371582031250e+02
2.870007934570312500e+02
2.875477600097656250e+02
2.870135192871093750e+02
2.875350646972656250e+02
2.874255065917968750e+02
2.877738037109375000e+02
2.874915466308593750e+02
2.881315002441406250e+02
2.875294189453125000e+02
2.871022338867187500e+02
2.872652893066406250e+02
2.868096008300781250e+02
2.881315002441406250e+02
2.878650207519531250e+02
2.871303710937500000e+02
2.884354248046875000e+02
2.870895996093750000e+02
2.868223571777343750e+02
2.876516418457031250e+02
2.874634399414062500e+02
2.879183044433593750e+02
2.868630981445312500e+02
2.871611633300781250e+02
2.862489929199218750e+02
2.867969360351562500e+02
2.862081909179687500e+02
2.865167236328125000e+02
2.859555358886718750e+02
2.864785156250000000e+02
2.865320434570312500e+02
2.856697082519531250e+02
2.857001953125000000e+02
2.865802917480468750e+02
2.860040893554687500e+02
2.863126831054687500e+02
2.856697082519531250e+02
2.859938964843750000e+02
2.859810791015625000e+02
2.867461242675781250e+02
2.861291198730468750e+02
2.860449218750000000e+02
2.860449218750000000e+02
2.856697082519531250e+02
2.862336730957031250e+02
2.860474853515625000e+02
2.865040283203125000e+02
2.860755310058593750e+02
2.864377136230468750e+02
2.863433837890625000e+02
2.866491699218750000e+02
2.865013732910156250e+02
2.862464294433593750e+02
2.866618652343750000e+02
2.865675964355468750e+02
2.868096008300781250e+02
2.862336730957031250e+02
2.871022338867187500e+02
2.865802917480468750e+02
2.865675964355468750e+02
2.865802917480468750e+02
2.862872619628906250e+02
2.869953613281250000e+02
2.866491699218750000e+02
2.868096008300781250e+02
2.859938964843750000e+02
2.864478454589843750e+02
2.868349914550781250e+02
2.864732666015625000e+02
2.866999511718750000e+02
2.863126831054687500e+02
2.865675964355468750e+02
2.863254089355468750e+02
2.864324645996093750e+02
2.862846069335937500e+02
2.869798889160156250e+02
2.860295715332031250e+02
2.865394592285156250e+02
2.858713989257812500e+02
2.858458251953125000e+02
2.859658203125000000e+02
2.863153076171875000e+02
2.858330383300781250e+02
2.858202514648437500e+02
2.867307434082031250e+02
2.867715454101562500e+02
2.863280334472656250e+02
2.855751953125000000e+02
2.862872619628906250e+02
2.862618103027343750e+02
2.857488403320312500e+02
2.857616271972656250e+02
2.852507934570312500e+02
2.857897033691406250e+02
2.853477783203125000e+02
2.860831298828125000e+02
2.861901855468750000e+02
2.860831298828125000e+02
2.867153930664062500e+02
2.862872619628906250e+02
2.863126831054687500e+02
2.857385864257812500e+02
2.849847106933593750e+02
2.854807128906250000e+02
2.847954711914062500e+02
2.855599060058593750e+02
2.854831237792968750e+02
2.854959716796875000e+02
2.860194091796875000e+02
2.857513427734375000e+02
2.862872619628906250e+02
2.850664672851562500e+02
2.854038391113281250e+02
2.862618103027343750e+02
2.858713989257812500e+02
2.862055969238281250e+02
2.860704040527343750e+02
2.860295715332031250e+02
2.858942871093750000e+02
2.865394592285156250e+02
2.857105407714843750e+02
2.862591552734375000e+02
2.857641601562500000e+02
2.873847961425781250e+02
2.861851501464843750e+02
2.853197021484375000e+02
2.844190979003906250e+02
2.868603515625000000e+02
2.847568969726562500e+02
2.857641601562500000e+02
2.861673889160156250e+02
2.871430358886718750e+02
2.868250122070312500e+02
2.860882873535156250e+02
2.857001953125000000e+02
2.862387695312500000e+02
2.867715454101562500e+02
2.855343322753906250e+02
2.848211669921875000e+02
2.854398498535156250e+02
2.853733825683593750e+02
2.860984802246093750e+02
2.866491699218750000e+02
2.858406982421875000e+02
2.852635498046875000e+02
2.853580932617187500e+02
2.860958251953125000e+02
2.855726928710937500e+02
2.865367431640625000e+02
2.861339721679687500e+02
2.862283325195312500e+02
2.859605712890625000e+02
2.855599060058593750e+02
2.860958251953125000e+02
2.859605712890625000e+02
2.864832458496093750e+02
2.855726928710937500e+02
2.860422973632812500e+02
2.850897216796875000e+02
2.861085510253906250e+02
2.856390686035156250e+02
2.863635559082031250e+02
2.866563415527343750e+02
2.862819213867187500e+02
2.857054138183593750e+02
2.861212768554687500e+02
2.856518249511718750e+02
2.866436767578125000e+02
2.860677185058593750e+02
2.859478759765625000e+02
2.869896545410156250e+02
2.861212768554687500e+02
2.854500732421875000e+02
2.858279724121093750e+02
2.854781494140625000e+02
2.864043579101562500e+02
2.863508300781250000e+02
2.858942871093750000e+02
2.859070129394531250e+02
2.867252807617187500e+02
2.859223937988281250e+02
2.860168151855468750e+02
2.858969116210937500e+02
2.860321350097656250e+02
2.860984802246093750e+02
2.860857238769531250e+02
2.865675964355468750e+02
2.862234497070312500e+02
2.861954345703125000e+02
2.873032226562500000e+02
2.856184997558593750e+02
2.869700317382812500e+02
2.863407897949218750e+02
2.870769348144531250e+02
2.865802917480468750e+02
2.869826965332031250e+02
2.877020568847656250e+02
2.868349914550781250e+02
2.873566284179687500e+02
2.867688293457031250e+02
2.867026672363281250e+02
2.867842102050781250e+02
2.866364746093750000e+02
2.873313598632812500e+02
2.865802917480468750e+02
2.857769165039062500e+02
2.856288452148437500e+02
2.866618652343750000e+02
2.853653259277343750e+02
2.857385864257812500e+02
2.864631652832031250e+02
2.859555358886718750e+02
2.856849365234375000e+02
2.861265563964843750e+02
2.860576477050781250e+02
2.860449218750000000e+02
2.864631652832031250e+02
2.866772766113281250e+02
2.861979370117187500e+02
2.867333679199218750e+02
2.857001953125000000e+02
2.852147827148437500e+02
2.857616271972656250e+02
2.852916564941406250e+02
2.851690063476562500e+02
2.854653930664062500e+02
2.858024291992187500e+02
2.861493835449218750e+02
2.858432922363281250e+02
2.858969116210937500e+02
2.860040893554687500e+02
2.862310485839843750e+02
2.859377136230468750e+02
2.867715454101562500e+02
2.867588195800781250e+02
2.865855712890625000e+02
2.867868957519531250e+02
2.867333679199218750e+02
2.855087890625000000e+02
2.859096679687500000e+02
2.860704040527343750e+02
2.872272949218750000e+02
2.861443481445312500e+02
2.859427185058593750e+02
2.867741394042968750e+02
2.866390991210937500e+02
2.860755310058593750e+02
2.862362670898437500e+02
2.862618103027343750e+02
2.859122009277343750e+02
2.859785766601562500e+02
2.858713989257812500e+02
2.859785766601562500e+02
2.852147827148437500e+02
2.857385864257812500e+02
2.859530334472656250e+02
2.865294494628906250e+02
2.868223571777343750e+02
2.870769348144531250e+02
2.868349914550781250e+02
2.862718811035156250e+02
2.863407897949218750e+02
2.867941894531250000e+02
2.865421447753906250e+02
2.862999877929687500e+02
2.862745361328125000e+02
2.861393127441406250e+02
2.860066528320312500e+02
2.868784790039062500e+02
2.864912414550781250e+02
2.867588195800781250e+02
2.870007934570312500e+02
2.860243530273437500e+02
2.863458862304687500e+02
2.862745361328125000e+02
2.860523376464843750e+02
2.864402160644531250e+02
2.864504394531250000e+02
2.862618103027343750e+02
2.864324645996093750e+02
2.860831298828125000e+02
2.866310424804687500e+02
2.862310485839843750e+02
2.860194091796875000e+02
2.862745361328125000e+02
2.862618103027343750e+02
2.867842102050781250e+02
2.878523864746093750e+02
2.872680664062500000e+02
2.869446716308593750e+02
2.869600524902343750e+02
2.864785156250000000e+02
2.864249572753906250e+02
2.877738037109375000e+02
2.859555358886718750e+02
2.855928649902343750e+02
2.854447021484375000e+02
2.851633911132812500e+02
2.857130126953125000e+02
2.863688659667968750e+02
2.866899719238281250e+02
2.869700317382812500e+02
2.871711120605468750e+02
2.872426757812500000e+02
2.872807006835937500e+02
2.861418762207031250e+02
2.861979370117187500e+02
2.866696472167968750e+02
2.867614135742187500e+02
2.865702209472656250e+02
2.868504028320312500e+02
2.860066528320312500e+02
2.867561340332031250e+02
2.873187255859375000e+02
2.869039001464843750e+02
2.870261840820312500e+02
2.877990722656250000e+02
2.877766723632812500e+02
2.870823059082031250e+02
2.878426513671875000e+02
2.880152587890625000e+02
2.875729980468750000e+02
2.873313598632812500e+02
2.870388793945312500e+02
2.871330871582031250e+02
2.882565612792968750e+02
2.880278625488281250e+02
2.867588195800781250e+02
2.875224304199218750e+02
2.869626770019531250e+02
2.867894287109375000e+02
2.871409301757812500e+02
2.871536560058593750e+02
2.863611145019531250e+02
2.864146728515625000e+02
2.865294494628906250e+02
2.865548706054687500e+02
2.870642700195312500e+02
2.865294494628906250e+02
2.875350646972656250e+02
2.875350646972656250e+02
2.872680664062500000e+02
2.886012573242187500e+02
2.868657836914062500e+02
2.875603942871093750e+02
2.873721008300781250e+02
2.867715454101562500e+02
2.870642700195312500e+02
2.875729980468750000e+02
2.878426513671875000e+02
2.873622131347656250e+02
2.864530029296875000e+02
2.864402160644531250e+02
2.869626770019531250e+02
2.873902587890625000e+02
2.864530029296875000e+02
2.863203125000000000e+02
2.865345458984375000e+02
2.870569152832031250e+02
2.872172851562500000e+02
2.872961120605468750e+02
2.882817382812500000e+02
2.872300109863281250e+02
2.880685729980468750e+02
2.867407226562500000e+02
2.862999877929687500e+02
2.868223571777343750e+02
2.865294494628906250e+02
2.865829772949218750e+02
2.875729980468750000e+02
2.870261840820312500e+02
2.875477600097656250e+02
2.872553710937500000e+02
2.869626770019531250e+02
2.875912170410156250e+02
2.873648681640625000e+02
2.877794189453125000e+02
2.878454895019531250e+02
2.876825866699218750e+02
2.875729980468750000e+02
2.884038085937500000e+02
2.878552856445312500e+02
2.882943115234375000e+02
2.883601684570312500e+02
2.880374755859375000e+02
2.875419921875000000e+02
2.876894531250000000e+02
2.876361389160156250e+02
2.867842102050781250e+02
2.864785156250000000e+02
2.865881042480468750e+02
2.869244689941406250e+02
2.871791076660156250e+02
2.866568908691406250e+02
2.867231750488281250e+02
2.865065307617187500e+02
2.865192871093750000e+02
2.867307434082031250e+02
2.865294494628906250e+02
2.862081909179687500e+02
2.863025512695312500e+02
2.871050415039062500e+02
2.873440246582031250e+02
2.875982666015625000e+02
2.880811767578125000e+02
2.873060302734375000e+02
2.872399902343750000e+02
2.872933654785156250e+02
2.872933654785156250e+02
2.872807006835937500e+02
2.879493408203125000e+02
2.873622131347656250e+02
2.883224182128906250e+02
2.886951599121093750e+02
2.882032775878906250e+02
2.880433654785156250e+02
2.872834472656250000e+02
2.876699218750000000e+02
2.875884704589843750e+02
2.875477600097656250e+02
2.876418457031250000e+02
2.874409790039062500e+02
2.875378417968750000e+02
2.881373901367187500e+02
2.883098449707031250e+02
2.875758361816406250e+02
2.862770385742187500e+02
2.859427185058593750e+02
2.861699218750000000e+02
2.867842102050781250e+02
2.868504028320312500e+02
2.873060302734375000e+02
2.872526245117187500e+02
2.878019409179687500e+02
2.875224304199218750e+02
2.875350646972656250e+02
2.872933654785156250e+02
2.867461242675781250e+02
2.869727478027343750e+02
2.879086303710937500e+02
2.874536132812500000e+02
2.880937500000000000e+02
2.873440246582031250e+02
2.878397521972656250e+02
2.874915466308593750e+02
2.843437805175781250e+02
2.872399902343750000e+02
2.875603942871093750e+02
2.865167236328125000e+02
2.867307434082031250e+02
2.869039001464843750e+02
2.868096008300781250e+02
2.865421447753906250e+02
2.867026672363281250e+02
2.865956726074218750e+02
2.867969360351562500e+02
2.866518249511718750e+02
2.870007934570312500e+02
2.872300109863281250e+02
2.876192932128906250e+02
2.872707214355468750e+02
2.871204223632812500e+02
2.871050415039062500e+02
2.868630981445312500e+02
2.877709350585937500e+02
2.873187255859375000e+02
2.870769348144531250e+02
2.873313598632812500e+02
2.872245178222656250e+02
2.875729980468750000e+02
2.880123291015625000e+02
2.880685729980468750e+02
2.874536132812500000e+02
2.874381713867187500e+02
2.873187255859375000e+02
2.868757934570312500e+02
2.873440246582031250e+02
2.868096008300781250e+02
2.883601684570312500e+02
2.878271789550781250e+02
2.878145751953125000e+02
2.875856628417968750e+02
2.883601684570312500e+02
2.878650207519531250e+02
2.883194580078125000e+02
2.877457275390625000e+02
2.877583618164062500e+02
2.872905883789062500e+02
2.876108703613281250e+02
2.874128723144531250e+02
2.875982666015625000e+02
2.883601684570312500e+02
2.878397521972656250e+02
2.875477600097656250e+02
2.875477600097656250e+02
2.869473571777343750e+02
2.870135192871093750e+02
2.876671142578125000e+02
2.880433654785156250e+02
2.881218872070312500e+02
2.883224182128906250e+02
2.876951904296875000e+02
2.877233276367187500e+02
2.880966491699218750e+02
2.871357727050781250e+02
2.869600524902343750e+02
2.866618652343750000e+02
2.869953613281250000e+02
2.870487976074218750e+02
2.869573669433593750e+02
2.875224304199218750e+02
2.868149414062500000e+02
2.875224304199218750e+02
2.873875427246093750e+02
2.872933654785156250e+02
2.870388793945312500e+02
2.869981384277343750e+02
2.868096008300781250e+02
2.873847961425781250e+02
2.879057006835937500e+02
2.875603942871093750e+02
2.876137695312500000e+02
2.873440246582031250e+02
2.873566284179687500e+02
2.873313598632812500e+02
2.876797485351562500e+02
2.873847961425781250e+02
2.862489929199218750e+02
2.867842102050781250e+02
2.868912353515625000e+02
2.867715454101562500e+02
2.871865234375000000e+02
2.875982666015625000e+02
2.871149291992187500e+02
2.869953613281250000e+02
2.869292602539062500e+02
2.869039001464843750e+02
2.871050415039062500e+02
2.870361633300781250e+02
2.870515747070312500e+02
2.875982666015625000e+02
2.871022338867187500e+02
2.873566284179687500e+02
2.867180175781250000e+02
2.871584472656250000e+02
2.871457824707031250e+02
2.870515747070312500e+02
2.870895996093750000e+02
2.867969360351562500e+02
2.874002075195312500e+02
2.873440246582031250e+02
2.865421447753906250e+02
2.869473571777343750e+02
2.865040283203125000e+02
2.865675964355468750e+02
2.869953613281250000e+02
2.865548706054687500e+02
2.868912353515625000e+02
2.869700317382812500e+02
2.864324645996093750e+02
2.868730163574218750e+02
2.863789672851562500e+02
2.871149291992187500e+02
2.873973999023437500e+02
2.868784790039062500e+02
2.867842102050781250e+02
2.867969360351562500e+02
2.868657836914062500e+02
2.864096679687500000e+02
2.872933654785156250e+02
2.857385864257812500e+02
2.855471496582031250e+02
2.854117736816406250e+02
2.850103759765625000e+02
2.847545776367187500e+02
2.851842956542968750e+02
2.857513427734375000e+02
2.859249572753906250e+02
2.858177795410156250e+02
2.868476562500000000e+02
2.867815246582031250e+02
2.871303710937500000e+02
2.865956726074218750e+02
2.864223937988281250e+02
2.869419250488281250e+02
2.859402770996093750e+02
2.861801452636718750e+02
2.862437744140625000e+02
2.863635559082031250e+02
2.860831298828125000e+02
2.852940979003906250e+02
2.865802917480468750e+02
2.864705505371093750e+02
2.860704040527343750e+02
2.856390686035156250e+02
2.852916564941406250e+02
2.866563415527343750e+02
2.858432922363281250e+02
2.864705505371093750e+02
2.859478759765625000e+02
2.860014343261718750e+02
2.857871093750000000e+02
2.862564697265625000e+02
2.854959716796875000e+02
2.856057128906250000e+02
2.864070434570312500e+02
2.852788696289062500e+02
2.860831298828125000e+02
2.861239624023437500e+02
2.854703369140625000e+02
2.855368041992187500e+02
2.855087890625000000e+02
2.856824645996093750e+02
2.860857238769531250e+02
2.848083190917968750e+02
2.849847106933593750e+02
2.851329956054687500e+02
2.860194091796875000e+02
2.862489929199218750e+02
2.862745361328125000e+02
2.870080566406250000e+02
2.858024291992187500e+02
2.857513427734375000e+02
2.860194091796875000e+02
2.862234497070312500e+02
2.865775451660156250e+02
2.861901855468750000e+02
2.858152160644531250e+02
2.861366577148437500e+02
2.858152160644531250e+02
2.866183471679687500e+02
2.869011230468750000e+02
2.866999511718750000e+02
2.861928405761718750e+02
2.860576477050781250e+02
2.860168151855468750e+02
2.858841552734375000e+02
2.867969360351562500e+02
2.869573974609375000e+02
2.865421447753906250e+02
