2.873041992187500000e+02
2.874993286132812500e+02
2.872374267578125000e+02
2.870417785644531250e+02
2.870809326171875000e+02
2.874548645019531250e+02
2.876939392089843750e+02
2.872151184082031250e+02
2.872151184082031250e+02
2.871927795410156250e+02
2.870417785644531250e+02
2.869347229003906250e+02
2.873041992187500000e+02
2.877161254882812500e+02
2.873264160156250000e+02
2.878045959472656250e+02
2.877604064941406250e+02
2.876099853515625000e+02
2.873706970214843750e+02
2.873928222656250000e+02
2.873706970214843750e+02
2.874266662597656250e+02
2.874770812988281250e+02
2.869294433593750000e+02
2.870863342285156250e+02
2.873264160156250000e+02
2.869569091796875000e+02
2.876658020019531250e+02
2.876320190429687500e+02
2.883192138671875000e+02
2.883633728027343750e+02
2.882749328613281250e+02
2.879324035644531250e+02
2.876992797851562500e+02
2.880151672363281250e+02
2.877604064941406250e+02
2.881922302246093750e+02
2.875879211425781250e+02
2.875879211425781250e+02
2.875879211425781250e+02
2.875658264160156250e+02
2.877825012207031250e+02
2.876939392089843750e+02
2.877161254882812500e+02
2.880316162109375000e+02
2.876717529296875000e+02
2.876717529296875000e+02
2.872374267578125000e+02
2.874325866699218750e+02
2.874548645019531250e+02
2.876495056152343750e+02
2.880373535156250000e+02
2.868902282714843750e+02
2.878880920410156250e+02
2.877716674804687500e+02
2.874993286132812500e+02
2.875993957519531250e+02
2.882083740234375000e+02
2.882970886230468750e+02
2.875658264160156250e+02
2.878989868164062500e+02
2.877382812500000000e+02
2.873706970214843750e+02
2.874993286132812500e+02
2.878213500976562500e+02
2.870012207031250000e+02
2.878381042480468750e+02
2.873928222656250000e+02
2.872143249511718750e+02
2.871307678222656250e+02
2.872260131835937500e+02
2.870863342285156250e+02
2.869347229003906250e+02
2.873706970214843750e+02
2.873928222656250000e+02
2.876320190429687500e+02
2.877604064941406250e+02
2.877382812500000000e+02
2.876994018554687500e+02
2.875214843750000000e+02
2.869790954589843750e+02
2.876994018554687500e+02
2.875214843750000000e+02
2.875879211425781250e+02
2.876717529296875000e+02
2.875879211425781250e+02
2.879324035644531250e+02
2.875658264160156250e+02
2.878935852050781250e+02
2.874877929687500000e+02
2.871307678222656250e+02
2.875214843750000000e+02
2.876939392089843750e+02
2.880430908203125000e+02
2.874993286132812500e+02
2.873264160156250000e+02
2.871751708984375000e+02
2.873706970214843750e+02
2.873485717773437500e+02
2.874993286132812500e+02
2.870863342285156250e+02
2.870693969726562500e+02
2.876495056152343750e+02
2.871085815429687500e+02
2.872428894042968750e+02
2.872482299804687500e+02
2.874993286132812500e+02
2.871085815429687500e+02
2.872819519042968750e+02
2.872819519042968750e+02
2.872764892578125000e+02
2.872819519042968750e+02
2.876106262207031250e+02
2.873822937011718750e+02
2.871085815429687500e+02
2.877106018066406250e+02
2.874993286132812500e+02
2.878214721679687500e+02
2.872819519042968750e+02
2.869517211914062500e+02
2.873432312011718750e+02
2.869569091796875000e+02
2.872143249511718750e+02
2.868047180175781250e+02
2.868268737792968750e+02
2.872414855957031250e+02
2.872806396484375000e+02
2.873928222656250000e+02
2.870454711914062500e+02
2.872925415039062500e+02
2.868268737792968750e+02
2.873146972656250000e+02
2.874149475097656250e+02
2.875658264160156250e+02
2.873928222656250000e+02
2.875436706542968750e+02
2.876215515136718750e+02
2.879102783203125000e+02
2.878989868164062500e+02
2.874149475097656250e+02
2.870404663085937500e+02
2.871751708984375000e+02
2.872090759277343750e+02
2.875658264160156250e+02
2.873928222656250000e+02
2.873928222656250000e+02
2.874149475097656250e+02
2.877161254882812500e+02
2.874435119628906250e+02
2.878659057617187500e+02
2.886156005859375000e+02
2.880817871093750000e+02
2.877604064941406250e+02
2.876658020019531250e+02
2.874930419921875000e+02
2.874370422363281250e+02
2.875371398925781250e+02
2.874877929687500000e+02
2.870233764648437500e+02
2.876540832519531250e+02
2.878486328125000000e+02
2.874810791015625000e+02
2.875151062011718750e+02
2.871631164550781250e+02
2.872414855957031250e+02
2.874590759277343750e+02
2.872414855957031250e+02
2.872414855957031250e+02
2.867182312011718750e+02
2.872387084960937500e+02
2.867402343750000000e+02
2.869985046386718750e+02
2.872414855957031250e+02
2.866298828125000000e+02
2.873706970214843750e+02
2.875436706542968750e+02
2.872819519042968750e+02
2.872855834960937500e+02
2.872364501953125000e+02
2.866567077636718750e+02
2.863449096679687500e+02
2.867182312011718750e+02
2.865648193359375000e+02
2.867355957031250000e+02
2.868757934570312500e+02
2.872414855957031250e+02
2.870675354003906250e+02
2.870675354003906250e+02
2.873295898437500000e+02
2.871948242187500000e+02
2.872387084960937500e+02
2.869371643066406250e+02
2.861465148925781250e+02
2.867182312011718750e+02
2.864987182617187500e+02
2.869717712402343750e+02
2.865998229980468750e+02
2.868931274414062500e+02
2.865648193359375000e+02
2.869717712402343750e+02
2.867008056640625000e+02
2.868931274414062500e+02
2.871116333007812500e+02
2.872635498046875000e+02
2.870895996093750000e+02
2.870157775878906250e+02
2.871116333007812500e+02
2.868364562988281250e+02
2.869841308593750000e+02
2.872414855957031250e+02
2.874548645019531250e+02
2.867159118652343750e+02
2.869005432128906250e+02
2.865207824707031250e+02
2.863669433593750000e+02
2.861905822753906250e+02
2.867402343750000000e+02
2.866914062500000000e+02
2.864544982910156250e+02
2.862125549316406250e+02
2.862564392089843750e+02
2.861465148925781250e+02
2.863579101562500000e+02
2.860802307128906250e+02
2.861281127929687500e+02
2.862655944824218750e+02
2.856861572265625000e+02
2.858414306640625000e+02
2.861685485839843750e+02
2.869243469238281250e+02
2.866878051757812500e+02
2.867402343750000000e+02
2.873600769042968750e+02
2.858059387207031250e+02
2.861244506835937500e+02
2.865428161621093750e+02
2.860670166015625000e+02
2.865951538085937500e+02
2.860846557617187500e+02
2.863228454589843750e+02
2.863228454589843750e+02
2.868931274414062500e+02
2.863228454589843750e+02
2.865032958984375000e+02
2.860314636230468750e+02
2.861905822753906250e+02
2.866526489257812500e+02
2.866298828125000000e+02
2.866961669921875000e+02
2.864461364746093750e+02
2.864461364746093750e+02
2.862832031250000000e+02
2.865428161621093750e+02
2.861465148925781250e+02
2.863449096679687500e+02
2.860802307128906250e+02
2.862786865234375000e+02
2.863007812500000000e+02
2.868268737792968750e+02
2.862786865234375000e+02
2.866077270507812500e+02
2.864544982910156250e+02
2.862786865234375000e+02
2.866077270507812500e+02
2.864101867675781250e+02
2.866298828125000000e+02
2.864323730468750000e+02
2.864323730468750000e+02
2.858414306640625000e+02
2.860802307128906250e+02
2.857439270019531250e+02
2.866741027832031250e+02
2.860404663085937500e+02
2.866519775390625000e+02
2.866087951660156250e+02
2.863007812500000000e+02
2.858369445800781250e+02
2.863880004882812500e+02
2.864448852539062500e+02
2.870863342285156250e+02
2.868710632324218750e+02
2.861685485839843750e+02
2.864108886718750000e+02
2.859916687011718750e+02
2.864987182617187500e+02
2.862565612792968750e+02
2.867825317382812500e+02
2.868931274414062500e+02
2.861905822753906250e+02
2.860795288085937500e+02
2.861014404296875000e+02
2.860356445312500000e+02
2.866087951660156250e+02
2.863449096679687500e+02
2.869591674804687500e+02
2.864108886718750000e+02
2.862125549316406250e+02
2.864548034667968750e+02
2.860576171875000000e+02
2.863002319335937500e+02
2.859239807128906250e+02
2.862207641601562500e+02
2.859239807128906250e+02
2.864548034667968750e+02
2.854801025390625000e+02
2.865868225097656250e+02
2.857124023437500000e+02
2.865823669433593750e+02
2.863449096679687500e+02
2.868710632324218750e+02
2.873295898437500000e+02
2.867842102050781250e+02
2.866307373046875000e+02
2.866087951660156250e+02
2.867842102050781250e+02
2.867622375488281250e+02
2.874149475097656250e+02
2.868268737792968750e+02
2.870330810546875000e+02
2.861905822753906250e+02
2.862125549316406250e+02
2.864108886718750000e+02
2.866087951660156250e+02
2.865868225097656250e+02
2.866263427734375000e+02
2.865428161621093750e+02
2.865648193359375000e+02
2.869151611328125000e+02
2.866392822265625000e+02
2.870895996093750000e+02
2.869811401367187500e+02
2.868061828613281250e+02
2.864328613281250000e+02
2.867622375488281250e+02
2.867622375488281250e+02
2.866741027832031250e+02
2.861685485839843750e+02
2.860356445312500000e+02
2.858582763671875000e+02
2.858542480468750000e+02
2.858101806640625000e+02
2.862522583007812500e+02
2.865868225097656250e+02
2.860754699707031250e+02
2.864328613281250000e+02
2.864108886718750000e+02
2.863096618652343750e+02
2.860492553710937500e+02
2.863449096679687500e+02
2.868710632324218750e+02
2.868931274414062500e+02
2.864108886718750000e+02
2.860136718750000000e+02
2.857481994628906250e+02
2.864987182617187500e+02
2.859034118652343750e+02
2.868710632324218750e+02
2.863974914550781250e+02
2.867603454589843750e+02
2.862122192382812500e+02
2.867825317382812500e+02
2.865633239746093750e+02
2.859696655273437500e+02
2.852573242187500000e+02
2.852024536132812500e+02
2.853669433593750000e+02
2.857460937500000000e+02
2.855458374023437500e+02
2.859420471191406250e+02
2.858802185058593750e+02
2.864108886718750000e+02
2.858802185058593750e+02
2.864766540527343750e+02
2.864985656738281250e+02
2.863002319335937500e+02
2.866087951660156250e+02
2.865868225097656250e+02
2.867182312011718750e+02
2.859475708007812500e+02
2.866438598632812500e+02
2.863139343261718750e+02
2.864548034667968750e+02
2.862344970703125000e+02
2.869151611328125000e+02
2.853258056640625000e+02
2.866741027832031250e+02
2.866961669921875000e+02
2.864987182617187500e+02
2.864766235351562500e+02
2.867825317382812500e+02
2.862344055175781250e+02
2.867923278808593750e+02
2.869371643066406250e+02
2.865428161621093750e+02
2.863228454589843750e+02
2.872193908691406250e+02
2.874149475097656250e+02
2.873928222656250000e+02
2.877825012207031250e+02
2.871751708984375000e+02
2.865855102539062500e+02
2.872193908691406250e+02
2.866298828125000000e+02
2.866519775390625000e+02
2.868537902832031250e+02
2.870233764648437500e+02
2.865633239746093750e+02
2.869569091796875000e+02
2.874548645019531250e+02
2.874103088378906250e+02
2.870454711914062500e+02
2.869790954589843750e+02
2.866519775390625000e+02
2.863007812500000000e+02
2.861244506835937500e+02
2.861685485839843750e+02
2.863007812500000000e+02
2.862344055175781250e+02
2.864101867675781250e+02
2.865633239746093750e+02
2.866815795898437500e+02
2.867159118652343750e+02
2.867381896972656250e+02
2.862344055175781250e+02
2.864987182617187500e+02
2.862479248046875000e+02
2.864461364746093750e+02
2.866087951660156250e+02
2.861685485839843750e+02
2.867182312011718750e+02
2.864987182617187500e+02
2.875640869140625000e+02
2.869371643066406250e+02
2.868710632324218750e+02
2.869790954589843750e+02
2.868047180175781250e+02
2.864766235351562500e+02
2.859475708007812500e+02
2.857922973632812500e+02
2.857922973632812500e+02
2.861905822753906250e+02
2.857702941894531250e+02
2.863800354003906250e+02
2.859830322265625000e+02
2.864544982910156250e+02
2.868710632324218750e+02
2.863007812500000000e+02
2.865382690429687500e+02
2.859517211914062500e+02
2.867159118652343750e+02
2.862565612792968750e+02
2.866519775390625000e+02
2.865411071777343750e+02
2.869187011718750000e+02
2.876049804687500000e+02
2.868268737792968750e+02
2.859609375000000000e+02
2.862125549316406250e+02
2.860356445312500000e+02
2.858403015136718750e+02
2.858802185058593750e+02
2.859255065917968750e+02
2.861372070312500000e+02
2.863889465332031250e+02
2.865868225097656250e+02
2.865207824707031250e+02
2.862786865234375000e+02
2.867381896972656250e+02
2.866077270507812500e+02
2.864544982910156250e+02
2.863493041992187500e+02
2.865428161621093750e+02
2.864108886718750000e+02
2.863449096679687500e+02
2.863449096679687500e+02
2.866519775390625000e+02
2.868096008300781250e+02
2.868710632324218750e+02
2.864323730468750000e+02
2.871085815429687500e+02
2.866936340332031250e+02
2.863830871582031250e+02
2.862989807128906250e+02
2.865188293457031250e+02
2.865633239746093750e+02
2.866298828125000000e+02
2.863007812500000000e+02
2.864987182617187500e+02
2.863579101562500000e+02
2.864323730468750000e+02
2.862122192382812500e+02
2.861900024414062500e+02
2.859915161132812500e+02
2.864101867675781250e+02
2.864812316894531250e+02
2.864987182617187500e+02
2.863669433593750000e+02
2.864987182617187500e+02
2.864766235351562500e+02
2.861375427246093750e+02
2.858369445800781250e+02
2.859915161132812500e+02
2.866077270507812500e+02
2.866077270507812500e+02
2.871631164550781250e+02
2.868931274414062500e+02
2.873295898437500000e+02
2.867402343750000000e+02
2.867842102050781250e+02
2.865428161621093750e+02
2.867182312011718750e+02
2.865207824707031250e+02
2.866961669921875000e+02
2.866298828125000000e+02
2.868268737792968750e+02
2.870575866699218750e+02
2.872143249511718750e+02
2.874770812988281250e+02
2.874325866699218750e+02
2.863435363769531250e+02
2.863435363769531250e+02
2.868612060546875000e+02
2.867159118652343750e+02
2.869347229003906250e+02
2.876717529296875000e+02
2.863974914550781250e+02
2.859653320312500000e+02
2.859696655273437500e+02
2.867576599121093750e+02
2.863007812500000000e+02
2.862344055175781250e+02
2.862692565917968750e+02
2.866865844726562500e+02
2.864101867675781250e+02
2.861900024414062500e+02
2.860137023925781250e+02
2.860359191894531250e+02
2.861375427246093750e+02
2.864766235351562500e+02
2.861244506835937500e+02
2.863449096679687500e+02
2.861023559570312500e+02
2.866519775390625000e+02
2.863484802246093750e+02
2.865411071777343750e+02
2.863435363769531250e+02
2.870194702148437500e+02
2.868679504394531250e+02
2.866148986816406250e+02
2.867381896972656250e+02
2.860786132812500000e+02
2.864519348144531250e+02
2.866489868164062500e+02
2.867107238769531250e+02
2.871760253906250000e+02
2.868679504394531250e+02
2.872151184082031250e+02
2.864742736816406250e+02
2.872151184082031250e+02
2.869464416503906250e+02
2.867723083496093750e+02
2.871307678222656250e+02
2.869569091796875000e+02
2.869790954589843750e+02
2.868489379882812500e+02
2.870062255859375000e+02
2.870675354003906250e+02
2.868931274414062500e+02
2.868489379882812500e+02
2.871972656250000000e+02
2.873928222656250000e+02
2.874548645019531250e+02
2.876161804199218750e+02
2.870863342285156250e+02
2.876717529296875000e+02
2.874325866699218750e+02
2.876495056152343750e+02
2.873264160156250000e+02
2.873706970214843750e+02
2.870233764648437500e+02
2.867875061035156250e+02
2.868218994140625000e+02
2.870012207031250000e+02
2.868268737792968750e+02
2.868268737792968750e+02
2.867825317382812500e+02
2.864101867675781250e+02
2.865114440917968750e+02
2.865855102539062500e+02
2.874044799804687500e+02
2.866713562011718750e+02
2.873706970214843750e+02
2.869299316406250000e+02
2.873598632812500000e+02
2.875380249023437500e+02
2.882674560546875000e+02
2.871704711914062500e+02
2.870640869140625000e+02
2.871085815429687500e+02
2.869347229003906250e+02
2.872651367187500000e+02
2.870863342285156250e+02
2.868456726074218750e+02
2.870863342285156250e+02
2.871085815429687500e+02
2.875772094726562500e+02
2.881922302246093750e+02
2.867381896972656250e+02
2.865633239746093750e+02
2.868883361816406250e+02
2.869276428222656250e+02
2.872855834960937500e+02
2.870233764648437500e+02
2.871972656250000000e+02
2.872534484863281250e+02
2.873822937011718750e+02
2.875214843750000000e+02
2.874993286132812500e+02
2.874770812988281250e+02
2.870640869140625000e+02
2.874938354492187500e+02
2.867561950683593750e+02
2.865254821777343750e+02
2.866213073730468750e+02
2.873155212402343750e+02
2.877826538085937500e+02
2.877161254882812500e+02
2.878659057617187500e+02
2.873706970214843750e+02
2.874435119628906250e+02
2.877215270996093750e+02
2.881481323242187500e+02
2.874877929687500000e+02
2.880373535156250000e+02
2.875436706542968750e+02
2.878214721679687500e+02
2.876884155273437500e+02
2.880151672363281250e+02
2.880151672363281250e+02
2.870194702148437500e+02
2.875826721191406250e+02
2.876320190429687500e+02
2.874103088378906250e+02
2.884291687011718750e+02
2.880817871093750000e+02
2.876717529296875000e+02
2.869124755859375000e+02
2.871085815429687500e+02
2.872037658691406250e+02
2.875160827636718750e+02
2.876272888183593750e+02
2.873041992187500000e+02
2.874770812988281250e+02
2.873600769042968750e+02
2.874770812988281250e+02
2.878379516601562500e+02
2.865065612792968750e+02
2.866077270507812500e+02
2.873146972656250000e+02
2.872374267578125000e+02
2.874103088378906250e+02
2.868009338378906250e+02
2.872364501953125000e+02
2.868047180175781250e+02
2.877716674804687500e+02
2.877161254882812500e+02
2.877161254882812500e+02
2.874149475097656250e+02
2.875436706542968750e+02
2.867603454589843750e+02
2.868096008300781250e+02
2.870675354003906250e+02
2.870012207031250000e+02
2.876320190429687500e+02
2.874993286132812500e+02
2.875879211425781250e+02
2.879765625000000000e+02
2.878045959472656250e+02
2.875879211425781250e+02
2.877494506835937500e+02
2.865633239746093750e+02
2.864766235351562500e+02
2.871410522460937500e+02
2.869569091796875000e+02
2.862593688964843750e+02
2.867825317382812500e+02
2.872819519042968750e+02
2.874103088378906250e+02
2.866936340332031250e+02
2.868268737792968750e+02
2.870012207031250000e+02
2.871972656250000000e+02
2.870233764648437500e+02
2.874877929687500000e+02
2.871972656250000000e+02
2.871138000488281250e+02
2.877161254882812500e+02
2.870454711914062500e+02
2.872193908691406250e+02
2.870626220703125000e+02
2.871336364746093750e+02
2.865648193359375000e+02
2.869371643066406250e+02
2.869151611328125000e+02
2.870675354003906250e+02
2.872635498046875000e+02
2.875099182128906250e+02
2.869569091796875000e+02
2.870693969726562500e+02
2.879765625000000000e+02
2.872023315429687500e+02
2.868489379882812500e+02
2.870626220703125000e+02
2.871359558105468750e+02
2.870863342285156250e+02
2.870471801757812500e+02
2.865633239746093750e+02
2.866741027832031250e+02
2.862565612792968750e+02
2.862390441894531250e+02
2.866961669921875000e+02
2.866961669921875000e+02
2.869890136718750000e+02
2.868710632324218750e+02
2.870233764648437500e+02
2.874930419921875000e+02
2.870847167968750000e+02
2.869790954589843750e+02
2.878880920410156250e+02
2.868047180175781250e+02
2.864544982910156250e+02
2.869227294921875000e+02
2.864020690917968750e+02
2.859475708007812500e+02
2.861023559570312500e+02
2.861455383300781250e+02
2.864965820312500000e+02
2.864965820312500000e+02
2.862344055175781250e+02
2.861244506835937500e+02
2.860356445312500000e+02
2.860136718750000000e+02
2.861110839843750000e+02
2.859255065917968750e+02
2.866298828125000000e+02
2.869961853027343750e+02
2.861900024414062500e+02
2.862344055175781250e+02
2.855353393554687500e+02
2.857702636718750000e+02
2.860359191894531250e+02
2.862655944824218750e+02
2.861905822753906250e+02
2.862344970703125000e+02
2.858941345214843750e+02
2.861685485839843750e+02
2.865603332519531250e+02
2.861023559570312500e+02
2.863007812500000000e+02
2.860183410644531250e+02
2.862786865234375000e+02
2.863007812500000000e+02
2.861993408203125000e+02
2.862344055175781250e+02
2.865287780761718750e+02
2.857481994628906250e+02
2.850886535644531250e+02
2.852233581542968750e+02
2.859915161132812500e+02
2.864766235351562500e+02
2.863007812500000000e+02
2.866087951660156250e+02
2.862699584960937500e+02
2.861685485839843750e+02
2.863228454589843750e+02
2.860802307128906250e+02
2.864940490722656250e+02
2.866077270507812500e+02
2.865287780761718750e+02
2.861153869628906250e+02
2.860356445312500000e+02
2.856364746093750000e+02
2.855707702636718750e+02
2.862522583007812500e+02
2.861685485839843750e+02
2.863228454589843750e+02
2.874149475097656250e+02
2.854361267089843750e+02
2.857040100097656250e+02
2.860802307128906250e+02
2.861905822753906250e+02
2.863007812500000000e+02
2.862082519531250000e+02
2.865648193359375000e+02
2.861199645996093750e+02
2.860359191894531250e+02
2.868440551757812500e+02
2.870012207031250000e+02
2.879212341308593750e+02
2.866249694824218750e+02
2.865428161621093750e+02
2.867355957031250000e+02
2.869176330566406250e+02
2.860359191894531250e+02
2.860359191894531250e+02
2.860094604492187500e+02
2.860404663085937500e+02
2.871067810058593750e+02
2.864766235351562500e+02
2.864149475097656250e+02
2.879545288085937500e+02
2.871529846191406250e+02
2.868390502929687500e+02
2.868268737792968750e+02
2.870283203125000000e+02
2.865428161621093750e+02
2.865868225097656250e+02
2.876591186523437500e+02
2.867702636718750000e+02
2.864766235351562500e+02
2.864544982910156250e+02
2.860397033691406250e+02
2.867491760253906250e+02
2.867622375488281250e+02
2.865998229980468750e+02
2.870354309082031250e+02
2.866519775390625000e+02
2.863800354003906250e+02
2.870233764648437500e+02
2.872703857421875000e+02
2.875250549316406250e+02
2.872635498046875000e+02
2.876320190429687500e+02
2.873706970214843750e+02
2.876717529296875000e+02
2.875436706542968750e+02
2.875879211425781250e+02
2.875879211425781250e+02
2.875939331054687500e+02
2.862786865234375000e+02
2.869276428222656250e+02
2.871189270019531250e+02
2.870194702148437500e+02
2.870863342285156250e+02
2.870640869140625000e+02
2.873432312011718750e+02
2.867997131347656250e+02
2.873041992187500000e+02
2.870863342285156250e+02
2.870640869140625000e+02
2.875992431640625000e+02
2.870675354003906250e+02
2.866519775390625000e+02
2.865411071777343750e+02
2.870746154785156250e+02
2.876099853515625000e+02
2.869619750976562500e+02
2.874590759277343750e+02
2.876939392089843750e+02
2.866077270507812500e+02
2.869790954589843750e+02
2.874487915039062500e+02
2.881590881347656250e+02
2.878824768066406250e+02
2.869124755859375000e+02
2.875214843750000000e+02
2.869124755859375000e+02
2.870233764648437500e+02
2.873809204101562500e+02
2.876215515136718750e+02
2.872374267578125000e+02
2.878659057617187500e+02
2.861009216308593750e+02
2.874709167480468750e+02
2.879324035644531250e+02
2.873095092773437500e+02
2.878880920410156250e+02
2.880817871093750000e+02
2.869347229003906250e+02
2.873316650390625000e+02
2.879324035644531250e+02
2.878045959472656250e+02
2.881094360351562500e+02
2.875658264160156250e+02
2.877825012207031250e+02
2.878326416015625000e+02
2.876717529296875000e+02
2.877826538085937500e+02
2.880373535156250000e+02
2.875993957519531250e+02
2.873822937011718750e+02
2.872764892578125000e+02
2.873041992187500000e+02
2.875214843750000000e+02
2.874770812988281250e+02
2.875550231933593750e+02
2.877328186035156250e+02
2.880817871093750000e+02
2.876495056152343750e+02
2.879929199218750000e+02
2.878659057617187500e+02
2.877047119140625000e+02
2.877825012207031250e+02
2.875879211425781250e+02
2.876994018554687500e+02
2.875879211425781250e+02
2.872414855957031250e+02
2.874370422363281250e+02
2.874319152832031250e+02
2.874877929687500000e+02
2.867381896972656250e+02
2.877382812500000000e+02
2.878104858398437500e+02
2.880486450195312500e+02
2.875214843750000000e+02
2.879324035644531250e+02
2.868390502929687500e+02
2.873264160156250000e+02
2.869464416503906250e+02
2.871592407226562500e+02
2.868902282714843750e+02
2.868679504394531250e+02
2.869124755859375000e+02
2.871529846191406250e+02
2.873654479980468750e+02
2.877382812500000000e+02
2.877604064941406250e+02
2.875436706542968750e+02
2.876268615722656250e+02
2.875604553222656250e+02
2.876878967285156250e+02
2.879545288085937500e+02
2.873264160156250000e+02
2.873264160156250000e+02
2.873041992187500000e+02
2.873990783691406250e+02
2.873768310546875000e+02
2.867159118652343750e+02
2.879765625000000000e+02
2.869619750976562500e+02
2.876320190429687500e+02
2.871921691894531250e+02
2.876436767578125000e+02
2.878880920410156250e+02
2.877106018066406250e+02
2.880373535156250000e+02
2.877716674804687500e+02
2.868561401367187500e+02
2.876047363281250000e+02
2.873264160156250000e+02
2.875826110839843750e+02
2.876884155273437500e+02
2.877161254882812500e+02
2.876939392089843750e+02
2.873264160156250000e+02
2.867209777832031250e+02
2.872414855957031250e+02
2.872755737304687500e+02
2.871410522460937500e+02
2.875436706542968750e+02
2.874877929687500000e+02
2.877604064941406250e+02
2.877825012207031250e+02
2.876099853515625000e+02
2.872193908691406250e+02
2.872585449218750000e+02
2.873979492187500000e+02
2.876099853515625000e+02
2.874149475097656250e+02
2.879765625000000000e+02
2.878486328125000000e+02
2.874370422363281250e+02
2.870012207031250000e+02
2.879545288085937500e+02
2.873654479980468750e+02
2.871085815429687500e+02
2.880595703125000000e+02
2.879877929687500000e+02
2.873928222656250000e+02
2.874149475097656250e+02
2.871239318847656250e+02
2.868489379882812500e+02
2.870454711914062500e+02
2.868661804199218750e+02
2.872193908691406250e+02
2.872635498046875000e+02
2.872414855957031250e+02
2.871680603027343750e+02
2.873467407226562500e+02
2.869544677734375000e+02
2.863579101562500000e+02
2.868268737792968750e+02
2.875382690429687500e+02
2.873822937011718750e+02
2.876717529296875000e+02
2.871085815429687500e+02
2.875214843750000000e+02
2.871307678222656250e+02
2.874993286132812500e+02
2.874709167480468750e+02
2.876994018554687500e+02
2.875320434570312500e+02
2.879986572265625000e+02
2.875981445312500000e+02
2.872855834960937500e+02
2.873537902832031250e+02
2.870454711914062500e+02
2.879986572265625000e+02
2.878045959472656250e+02
2.872806396484375000e+02
2.882582092285156250e+02
2.872635498046875000e+02
2.870675354003906250e+02
2.876489562988281250e+02
2.875371398925781250e+02
2.878434143066406250e+02
2.870847167968750000e+02
2.872260131835937500e+02
2.866077270507812500e+02
2.870233764648437500e+02
2.865903930664062500e+02
2.868047180175781250e+02
2.863658142089843750e+02
2.867381896972656250e+02
2.867774963378906250e+02
2.862435302734375000e+02
2.861900024414062500e+02
2.869151611328125000e+02
2.865032958984375000e+02
2.867182312011718750e+02
2.862435302734375000e+02
2.864323730468750000e+02
2.864101867675781250e+02
2.869347229003906250e+02
2.865065612792968750e+02
2.865207824707031250e+02
2.865207824707031250e+02
2.862435302734375000e+02
2.866346130371093750e+02
2.864719238281250000e+02
2.867825317382812500e+02
2.864670715332031250e+02
2.867209777832031250e+02
2.866643981933593750e+02
2.869276428222656250e+02
2.868316650390625000e+02
2.866567077636718750e+02
2.869497375488281250e+02
2.868931274414062500e+02
2.870454711914062500e+02
2.866346130371093750e+02
2.872855834960937500e+02
2.869151611328125000e+02
2.868931274414062500e+02
2.869151611328125000e+02
2.866741027832031250e+02
2.872072448730468750e+02
2.869276428222656250e+02
2.870454711914062500e+02
2.864323730468750000e+02
2.867923278808593750e+02
2.870895996093750000e+02
2.868364562988281250e+02
2.870157775878906250e+02
2.867182312011718750e+02
2.868931274414062500e+02
2.867402343750000000e+02
2.868190917968750000e+02
2.867228088378906250e+02
2.872340393066406250e+02
2.865473022460937500e+02
2.868978271484375000e+02
2.863800354003906250e+02
2.863357849121093750e+02
2.864370727539062500e+02
2.866692810058593750e+02
2.863136291503906250e+02
2.862914733886718750e+02
2.869619750976562500e+02
2.869790954589843750e+02
2.866914062500000000e+02
2.861862182617187500e+02
2.866741027832031250e+02
2.866298828125000000e+02
2.863273010253906250e+02
2.863493041992187500e+02
2.859958190917968750e+02
2.863449096679687500e+02
2.860051269531250000e+02
2.865868225097656250e+02
2.866658325195312500e+02
2.865868225097656250e+02
2.869890136718750000e+02
2.866741027832031250e+02
2.867182312011718750e+02
2.862565612792968750e+02
2.857481994628906250e+02
2.861287841796875000e+02
2.856324462890625000e+02
2.862125549316406250e+02
2.860802307128906250e+02
2.861023559570312500e+02
2.864766235351562500e+02
2.862786865234375000e+02
2.866741027832031250e+02
2.857838134765625000e+02
2.859961547851562500e+02
2.866298828125000000e+02
2.863800354003906250e+02
2.866392822265625000e+02
2.865648193359375000e+02
2.865473022460937500e+02
2.864724426269531250e+02
2.868978271484375000e+02
2.862611389160156250e+02
2.866788024902343750e+02
2.863007812500000000e+02
2.874540100097656250e+02
2.864965820312500000e+02
2.860094604492187500e+02
2.853519592285156250e+02
2.871336364746093750e+02
2.855662231445312500e+02
2.863007812500000000e+02
2.865730590820312500e+02
2.873027038574218750e+02
2.870183410644531250e+02
2.864892578125000000e+02
2.861900024414062500e+02
2.865360107421875000e+02
2.869790954589843750e+02
2.861685485839843750e+02
2.856765136718750000e+02
2.861110839843750000e+02
2.860492553710937500e+02
2.865603332519531250e+02
2.869276428222656250e+02
2.864328613281250000e+02
2.860177612304687500e+02
2.860754699707031250e+02
2.866087951660156250e+02
2.862344970703125000e+02
2.869462890625000000e+02
2.866745300292968750e+02
2.867315673828125000e+02
2.865339660644531250e+02
2.862125549316406250e+02
2.866087951660156250e+02
2.865339660644531250e+02
2.869068908691406250e+02
2.862344970703125000e+02
2.865692749023437500e+02
2.858762512207031250e+02
2.866307373046875000e+02
2.862961730957031250e+02
2.868061828613281250e+02
2.870468750000000000e+02
2.867711181640625000e+02
2.863577575683593750e+02
2.866526489257812500e+02
2.863180847167968750e+02
2.870249633789062500e+02
2.866130981445312500e+02
2.865120544433593750e+02
2.873043212890625000e+02
2.866526489257812500e+02
2.861809997558593750e+02
2.864108886718750000e+02
2.861769714355468750e+02
2.868236389160156250e+02
2.867842102050781250e+02
2.864724426269531250e+02
2.864943847656250000e+02
2.870597229003906250e+02
2.864681396484375000e+02
2.865252990722656250e+02
2.864241333007812500e+02
2.864987182617187500e+02
2.865603332519531250e+02
2.865382690429687500e+02
2.868931274414062500e+02
2.865633239746093750e+02
2.865682678222656250e+02
2.874199829101562500e+02
2.861550598144531250e+02
2.871631164550781250e+02
2.867135314941406250e+02
2.872414855957031250e+02
2.869151611328125000e+02
2.871852416992187500e+02
2.877369995117187500e+02
2.870895996093750000e+02
2.874590759277343750e+02
2.870283203125000000e+02
2.869669189453125000e+02
2.870012207031250000e+02
2.869055175781250000e+02
2.874149475097656250e+02
2.869151611328125000e+02
2.863228454589843750e+02
2.862259216308593750e+02
2.869497375488281250e+02
2.859295043945312500e+02
2.862565612792968750e+02
2.867653503417968750e+02
2.863658142089843750e+02
2.862168884277343750e+02
2.865556640625000000e+02
2.865428161621093750e+02
2.865207824707031250e+02
2.867653503417968750e+02
2.869227294921875000e+02
2.865188293457031250e+02
2.869124755859375000e+02
2.861900024414062500e+02
2.858812866210937500e+02
2.863493041992187500e+02
2.860136718750000000e+02
2.859600219726562500e+02
2.861550292968750000e+02
2.863669433593750000e+02
2.866483154296875000e+02
2.863845214843750000e+02
2.864241333007812500e+02
2.865032958984375000e+02
2.866833190917968750e+02
2.864416809082031250e+02
2.869790954589843750e+02
2.869569091796875000e+02
2.868168640136718750e+02
2.869517211914062500e+02
2.869124755859375000e+02
2.861244506835937500e+02
2.864461364746093750e+02
2.865648193359375000e+02
2.872872924804687500e+02
2.864793701171875000e+02
2.863435363769531250e+02
2.869294433593750000e+02
2.868561401367187500e+02
2.864670715332031250e+02
2.865855102539062500e+02
2.866298828125000000e+02
2.863974914550781250e+02
2.864591674804687500e+02
2.863800354003906250e+02
2.864591674804687500e+02
2.858812866210937500e+02
2.862565612792968750e+02
2.864149475097656250e+02
2.868268737792968750e+02
2.870675354003906250e+02
2.872414855957031250e+02
2.870895996093750000e+02
2.867008056640625000e+02
2.867135314941406250e+02
2.870723876953125000e+02
2.868489379882812500e+02
2.866961669921875000e+02
2.866519775390625000e+02
2.865777282714843750e+02
2.864544982910156250e+02
2.870575866699218750e+02
2.867603454589843750e+02
2.869569091796875000e+02
2.871085815429687500e+02
2.863780517578125000e+02
2.866148986816406250e+02
2.866519775390625000e+02
2.863729553222656250e+02
2.866713562011718750e+02
2.867432250976562500e+02
2.866298828125000000e+02
2.868190917968750000e+02
2.865868225097656250e+02
2.870030822753906250e+02
2.866833190917968750e+02
2.864766235351562500e+02
2.866519775390625000e+02
2.866298828125000000e+02
2.870012207031250000e+02
2.877825012207031250e+02
2.873041992187500000e+02
2.871189270019531250e+02
2.870916442871093750e+02
2.867381896972656250e+02
2.866987609863281250e+02
2.876994018554687500e+02
2.863658142089843750e+02
2.861106567382812500e+02
2.860137023925781250e+02
2.857925109863281250e+02
2.862122192382812500e+02
2.867087097167968750e+02
2.869448242187500000e+02
2.871631164550781250e+02
2.872976989746093750e+02
2.872597045898437500e+02
2.873264160156250000e+02
2.865287780761718750e+02
2.865188293457031250e+02
2.868009338378906250e+02
2.869072265625000000e+02
2.868440551757812500e+02
2.870626220703125000e+02
2.864544982910156250e+02
2.870062255859375000e+02
2.873928222656250000e+02
2.871018371582031250e+02
2.871529846191406250e+02
2.877435913085937500e+02
2.876495056152343750e+02
2.871423645019531250e+02
2.877106018066406250e+02
2.878493041992187500e+02
2.875658264160156250e+02
2.874149475097656250e+02
2.871751708984375000e+02
2.872313232421875000e+02
2.879986877441406250e+02
2.878714599609375000e+02
2.869569091796875000e+02
2.874770812988281250e+02
2.870417785644531250e+02
2.869018554687500000e+02
2.870807495117187500e+02
2.871032104492187500e+02
2.865872802734375000e+02
2.866267089843750000e+02
2.868268737792968750e+02
2.868710632324218750e+02
2.872193908691406250e+02
2.868268737792968750e+02
2.874993286132812500e+02
2.874993286132812500e+02
2.873041992187500000e+02
2.882749328613281250e+02
2.870354309082031250e+02
2.875436706542968750e+02
2.874319152832031250e+02
2.869790954589843750e+02
2.872193908691406250e+02
2.875658264160156250e+02
2.877106018066406250e+02
2.873600769042968750e+02
2.866936340332031250e+02
2.866713562011718750e+02
2.870417785644531250e+02
2.873545532226562500e+02
2.866936340332031250e+02
2.865702819824218750e+02
2.867277221679687500e+02
2.870977783203125000e+02
2.872151184082031250e+02
2.872987670898437500e+02
2.880430908203125000e+02
2.872374267578125000e+02
2.878880920410156250e+02
2.870330810546875000e+02
2.866961669921875000e+02
2.870675354003906250e+02
2.868268737792968750e+02
2.868661804199218750e+02
2.875658264160156250e+02
2.871529846191406250e+02
2.875214843750000000e+02
2.872819519042968750e+02
2.870417785644531250e+02
2.874882202148437500e+02
2.873099365234375000e+02
2.875992431640625000e+02
2.876604309082031250e+02
2.875939331054687500e+02
2.875658264160156250e+02
2.880924987792968750e+02
2.877328186035156250e+02
2.880652160644531250e+02
2.881260375976562500e+02
2.879431152343750000e+02
2.876201477050781250e+02
2.877150268554687500e+02
2.876761169433593750e+02
2.870012207031250000e+02
2.867381896972656250e+02
2.867670593261718750e+02
2.869747314453125000e+02
2.871480712890625000e+02
2.867785949707031250e+02
2.868402404785156250e+02
2.867330017089843750e+02
2.867552795410156250e+02
2.869619750976562500e+02
2.868268737792968750e+02
2.865903930664062500e+02
2.866471557617187500e+02
2.872364501953125000e+02
2.874370422363281250e+02
2.876099853515625000e+02
2.879102783203125000e+02
2.873706970214843750e+02
2.873095092773437500e+02
2.873485717773437500e+02
2.873485717773437500e+02
2.873264160156250000e+02
2.877882995605468750e+02
2.873600769042968750e+02
2.880595703125000000e+02
2.883299560546875000e+02
2.879599914550781250e+02
2.878436889648437500e+02
2.872764892578125000e+02
2.875717163085937500e+02
2.875382690429687500e+02
2.875214843750000000e+02
2.875772094726562500e+02
2.874435119628906250e+02
2.874492797851562500e+02
2.878990173339843750e+02
2.880373535156250000e+02
2.875160827636718750e+02
2.866027526855468750e+02
2.863435363769531250e+02
2.865238647460937500e+02
2.870012207031250000e+02
2.870626220703125000e+02
2.873706970214843750e+02
2.873316650390625000e+02
2.876939392089843750e+02
2.874770812988281250e+02
2.874993286132812500e+02
2.873485717773437500e+02
2.869347229003906250e+02
2.871138000488281250e+02
2.877716674804687500e+02
2.874656677246093750e+02
2.879324035644531250e+02
2.874370422363281250e+02
2.877604064941406250e+02
2.875320434570312500e+02
2.851702575683593750e+02
2.873095092773437500e+02
2.875436706542968750e+02
2.868047180175781250e+02
2.869619750976562500e+02
2.871018371582031250e+02
2.870454711914062500e+02
2.868489379882812500e+02
2.869669189453125000e+02
2.868883361816406250e+02
2.870233764648437500e+02
2.868783569335937500e+02
2.871085815429687500e+02
2.872374267578125000e+02
2.874825744628906250e+02
2.872542114257812500e+02
2.872090759277343750e+02
2.872364501953125000e+02
2.870847167968750000e+02
2.877488403320312500e+02
2.873928222656250000e+02
2.872414855957031250e+02
2.874149475097656250e+02
2.873367614746093750e+02
2.875658264160156250e+02
2.878989868164062500e+02
2.878880920410156250e+02
2.874656677246093750e+02
2.874930419921875000e+02
2.873928222656250000e+02
2.871067810058593750e+02
2.874370422363281250e+02
2.870454711914062500e+02
2.881260375976562500e+02
2.877382812500000000e+02
2.877161254882812500e+02
2.875879211425781250e+02
2.881260375976562500e+02
2.878045959472656250e+02
2.881094360351562500e+02
2.877047119140625000e+02
2.877268066406250000e+02
2.873979492187500000e+02
2.876320190429687500e+02
2.874487915039062500e+02
2.876099853515625000e+02
2.881260375976562500e+02
2.877604064941406250e+02
2.875214843750000000e+02
2.875214843750000000e+02
2.870693969726562500e+02
2.871307678222656250e+02
2.876215515136718750e+02
2.878436889648437500e+02
2.879268493652343750e+02
2.880595703125000000e+02
2.876161804199218750e+02
2.876106262207031250e+02
2.878824768066406250e+02
2.871815490722656250e+02
2.870916442871093750e+02
2.869497375488281250e+02
2.872072448730468750e+02
2.872464294433593750e+02
2.871410522460937500e+02
2.874770812988281250e+02
2.869464416503906250e+02
2.874770812988281250e+02
2.874044799804687500e+02
2.873485717773437500e+02
2.871751708984375000e+02
2.871581420898437500e+02
2.870454711914062500e+02
2.874540100097656250e+02
2.878213500976562500e+02
2.875436706542968750e+02
2.875826110839843750e+02
2.874370422363281250e+02
2.874590759277343750e+02
2.874149475097656250e+02
2.876436767578125000e+02
2.874540100097656250e+02
2.866077270507812500e+02
2.870012207031250000e+02
2.870797424316406250e+02
2.869790954589843750e+02
2.872703857421875000e+02
2.876099853515625000e+02
2.873075866699218750e+02
2.872072448730468750e+02
2.871460266113281250e+02
2.871018371582031250e+02
2.872364501953125000e+02
2.872243652343750000e+02
2.871972656250000000e+02
2.876099853515625000e+02
2.872855834960937500e+02
2.874590759277343750e+02
2.869398498535156250e+02
2.872755737304687500e+02
2.872534484863281250e+02
2.871972656250000000e+02
2.872635498046875000e+02
2.870233764648437500e+02
2.874266662597656250e+02
2.874370422363281250e+02
2.868489379882812500e+02
2.870693969726562500e+02
2.867825317382812500e+02
2.868931274414062500e+02
2.872072448730468750e+02
2.868710632324218750e+02
2.870797424316406250e+02
2.871631164550781250e+02
2.868190917968750000e+02
2.871555786132812500e+02
2.867796936035156250e+02
2.873075866699218750e+02
2.874760437011718750e+02
2.870575866699218750e+02
2.870012207031250000e+02
2.870233764648437500e+02
2.870354309082031250e+02
2.867260131835937500e+02
2.873485717773437500e+02
2.862565612792968750e+02
2.861905822753906250e+02
2.861152343750000000e+02
2.857922973632812500e+02
2.856144714355468750e+02
2.859339904785156250e+02
2.862786865234375000e+02
2.864195861816406250e+02
2.863403625488281250e+02
2.871116333007812500e+02
2.870503234863281250e+02
2.872806396484375000e+02
2.868883361816406250e+02
2.867481079101562500e+02
2.871680603027343750e+02
2.863928222656250000e+02
2.865951538085937500e+02
2.867053222656250000e+02
2.868061828613281250e+02
2.865868225097656250e+02
2.859653320312500000e+02
2.869151611328125000e+02
2.868850097656250000e+02
2.865648193359375000e+02
2.862961730957031250e+02
2.860136718750000000e+02
2.870468750000000000e+02
2.863845214843750000e+02
2.868850097656250000e+02
2.865120544433593750e+02
2.865516662597656250e+02
2.863932495117187500e+02
2.867272949218750000e+02
2.861023559570312500e+02
2.861328735351562500e+02
2.867750244140625000e+02
2.859916687011718750e+02
2.865868225097656250e+02
2.866043701171875000e+02
2.860581054687500000e+02
2.861199645996093750e+02
2.861244506835937500e+02
2.862655944824218750e+02
2.865382690429687500e+02
2.856544799804687500e+02
2.857481994628906250e+02
2.858458251953125000e+02
2.864766235351562500e+02
2.866077270507812500e+02
2.866519775390625000e+02
2.872292480468750000e+02
2.863669433593750000e+02
2.862786865234375000e+02
2.864766235351562500e+02
2.865633239746093750e+02
2.869637451171875000e+02
2.866658325195312500e+02
2.863889465332031250e+02
2.866263427734375000e+02
2.863889465332031250e+02
2.869811401367187500e+02
2.871508483886718750e+02
2.870157775878906250e+02
2.866172180175781250e+02
2.865428161621093750e+02
2.865252990722656250e+02
2.864020690917968750e+02
2.870233764648437500e+02
2.871410827636718750e+02
2.868489379882812500e+02
