2.881724548339843750e+02
2.886192932128906250e+02
2.881636047363281250e+02
2.877140808105468750e+02
2.878041687011718750e+02
2.886134033203125000e+02
2.890634460449218750e+02
2.881606445312500000e+02
2.881606445312500000e+02
2.881576843261718750e+02
2.877140808105468750e+02
2.872739562988281250e+02
2.881724548339843750e+02
2.890663757324218750e+02
2.881754760742187500e+02
2.890781250000000000e+02
2.890722961425781250e+02
2.886340942382812500e+02
2.881813659667968750e+02
2.881843261718750000e+02
2.881813659667968750e+02
2.883574218750000000e+02
2.886163330078125000e+02
2.873585815429687500e+02
2.877200622558593750e+02
2.881754760742187500e+02
2.872770080566406250e+02
2.888090515136718750e+02
2.886370239257812500e+02
2.903860778808593750e+02
2.903918762207031250e+02
2.903803405761718750e+02
2.895108337402343750e+02
2.893142700195312500e+02
2.899353942871093750e+02
2.890722961425781250e+02
2.899584655761718750e+02
2.886310729980468750e+02
2.886310729980468750e+02
2.886310729980468750e+02
2.886281127929687500e+02
2.890751342773437500e+02
2.890634460449218750e+02
2.890663757324218750e+02
2.900200500488281250e+02
2.890605163574218750e+02
2.890605163574218750e+02
2.881636047363281250e+02
2.886104736328125000e+02
2.886134033203125000e+02
2.890576477050781250e+02
2.899382324218750000e+02
2.872679443359375000e+02
2.895050659179687500e+02
2.892404174804687500e+02
2.886192932128906250e+02
2.888002014160156250e+02
2.903717956542968750e+02
2.903832397460937500e+02
2.886281127929687500e+02
2.893403930664062500e+02
2.890693054199218750e+02
2.881813659667968750e+02
2.886192932128906250e+02
2.891636962890625000e+02
2.872829895019531250e+02
2.892491760253906250e+02
2.881843261718750000e+02
2.878220825195312500e+02
2.877260437011718750e+02
2.879929809570312500e+02
2.877200622558593750e+02
2.872739562988281250e+02
2.881813659667968750e+02
2.881843261718750000e+02
2.886370239257812500e+02
2.890722961425781250e+02
2.890693054199218750e+02
2.889807128906250000e+02
2.886222229003906250e+02
2.872799987792968750e+02
2.889807128906250000e+02
2.886222229003906250e+02
2.886310729980468750e+02
2.890605163574218750e+02
2.886310729980468750e+02
2.895108337402343750e+02
2.886281127929687500e+02
2.894227600097656250e+02
2.884497375488281250e+02
2.877260437011718750e+02
2.886222229003906250e+02
2.890634460449218750e+02
2.898564147949218750e+02
2.886192932128906250e+02
2.881754760742187500e+02
2.877319641113281250e+02
2.881813659667968750e+02
2.881784057617187500e+02
2.886192932128906250e+02
2.877200622558593750e+02
2.876327514648437500e+02
2.890576477050781250e+02
2.877230224609375000e+02
2.880798339843750000e+02
2.879959716796875000e+02
2.886192932128906250e+02
2.877230224609375000e+02
2.881694946289062500e+02
2.881694946289062500e+02
2.882531738281250000e+02
2.881694946289062500e+02
2.889689941406250000e+02
2.883515014648437500e+02
2.877230224609375000e+02
2.891490783691406250e+02
2.886192932128906250e+02
2.894963684082031250e+02
2.881694946289062500e+02
2.873615417480468750e+02
2.882620544433593750e+02
2.872770080566406250e+02
2.878220825195312500e+02
2.868283386230468750e+02
2.868313903808593750e+02
2.877410278320312500e+02
2.878310546875000000e+02
2.881843261718750000e+02
2.872890930175781250e+02
2.880019531250000000e+02
2.868313903808593750e+02
2.880049133300781250e+02
2.881873474121093750e+02
2.886281127929687500e+02
2.881843261718750000e+02
2.886251525878906250e+02
2.888031616210937500e+02
2.895079956054687500e+02
2.893403930664062500e+02
2.881873474121093750e+02
2.873735961914062500e+02
2.877319641113281250e+02
2.879060974121093750e+02
2.886281127929687500e+02
2.881843261718750000e+02
2.881843261718750000e+02
2.881873474121093750e+02
2.890663757324218750e+02
2.884438171386718750e+02
2.895021667480468750e+02
2.912396850585937500e+02
2.899440002441406250e+02
2.890722961425781250e+02
2.888090515136718750e+02
2.883663635253906250e+02
2.881903381347656250e+02
2.883723144531250000e+02
2.884497375488281250e+02
2.872860717773437500e+02
2.886399841308593750e+02
2.890840454101562500e+02
2.881963195800781250e+02
2.883693237304687500e+02
2.875605468750000000e+02
2.877410278320312500e+02
2.881932983398437500e+02
2.877410278320312500e+02
2.877410278320312500e+02
2.863863830566406250e+02
2.874009399414062500e+02
2.863895263671875000e+02
2.869408874511718750e+02
2.877410278320312500e+02
2.863741149902343750e+02
2.881813659667968750e+02
2.886251525878906250e+02
2.881694946289062500e+02
2.877470397949218750e+02
2.878251037597656250e+02
2.862915954589843750e+02
2.854671936035156250e+02
2.863863830566406250e+02
2.859327697753906250e+02
2.864749755859375000e+02
2.867524414062500000e+02
2.877410278320312500e+02
2.872920837402343750e+02
2.872920837402343750e+02
2.877530822753906250e+02
2.873948364257812500e+02
2.874009399414062500e+02
2.868467102050781250e+02
2.850020141601562500e+02
2.863863830566406250e+02
2.859234313964843750e+02
2.870227355957031250e+02
2.861108398437500000e+02
2.868405761718750000e+02
2.859327697753906250e+02
2.870227355957031250e+02
2.862977600097656250e+02
2.868405761718750000e+02
2.872981567382812500e+02
2.877440490722656250e+02
2.872951354980468750e+02
2.870288085937500000e+02
2.872981567382812500e+02
2.866611022949218750e+02
2.871953125000000000e+02
2.877410278320312500e+02
2.886134033203125000e+02
2.868162231445312500e+02
2.870984191894531250e+02
2.859266052246093750e+02
2.854703063964843750e+02
2.850083007812500000e+02
2.863895263671875000e+02
2.864688415527343750e+02
2.859172668457031250e+02
2.850114440917968750e+02
2.850177917480468750e+02
2.850020141601562500e+02
2.856431579589843750e+02
2.849926147460937500e+02
2.853493957519531250e+02
2.852814331054687500e+02
2.839659118652343750e+02
2.844306945800781250e+02
2.850051879882812500e+02
2.866734008789062500e+02
2.861232604980468750e+02
2.863895263671875000e+02
2.883485412597656250e+02
2.842489318847656250e+02
2.849988708496093750e+02
2.859296569824218750e+02
2.848151550292968750e+02
2.861966247558593750e+02
2.849054870605468750e+02
2.854640502929687500e+02
2.854640502929687500e+02
2.868405761718750000e+02
2.854640502929687500e+02
2.858374023437500000e+02
2.846342773437500000e+02
2.850083007812500000e+02
2.859452514648437500e+02
2.863741149902343750e+02
2.863833618164062500e+02
2.856556091308593750e+02
2.856556091308593750e+02
2.853712463378906250e+02
2.859296569824218750e+02
2.850020141601562500e+02
2.854671936035156250e+02
2.849926147460937500e+02
2.854578247070312500e+02
2.854609375000000000e+02
2.868313903808593750e+02
2.854578247070312500e+02
2.863710937500000000e+02
2.859172668457031250e+02
2.854578247070312500e+02
2.863710937500000000e+02
2.859111022949218750e+02
2.863741149902343750e+02
2.859141845703125000e+02
2.859141845703125000e+02
2.844306945800781250e+02
2.849926147460937500e+02
2.841515502929687500e+02
2.863802490234375000e+02
2.848992004394531250e+02
2.863771667480468750e+02
2.859389953613281250e+02
2.854609375000000000e+02
2.845182800292968750e+02
2.859079895019531250e+02
2.860892333984375000e+02
2.877200622558593750e+02
2.868374938964843750e+02
2.850051879882812500e+02
2.854765930175781250e+02
2.845404968261718750e+02
2.859234313964843750e+02
2.854546813964843750e+02
2.868253173828125000e+02
2.868405761718750000e+02
2.850083007812500000e+02
2.845532531738281250e+02
2.845564575195312500e+02
2.845468139648437500e+02
2.859389953613281250e+02
2.854671936035156250e+02
2.868497314453125000e+02
2.854765930175781250e+02
2.850114440917968750e+02
2.854829101562500000e+02
2.845500488281250000e+02
2.850241394042968750e+02
2.840893249511718750e+02
2.848374023437500000e+02
2.840893249511718750e+02
2.854829101562500000e+02
2.831338806152343750e+02
2.859359130859375000e+02
2.838809814453125000e+02
2.860218505859375000e+02
2.854671936035156250e+02
2.868374938964843750e+02
2.877530822753906250e+02
2.863956909179687500e+02
2.859421386718750000e+02
2.859389953613281250e+02
2.863956909179687500e+02
2.863926391601562500e+02
2.881873474121093750e+02
2.868313903808593750e+02
2.871166381835937500e+02
2.850083007812500000e+02
2.850114440917968750e+02
2.854765930175781250e+02
2.859389953613281250e+02
2.859359130859375000e+02
2.860280761718750000e+02
2.859296569824218750e+02
2.859327697753906250e+02
2.868436279296875000e+02
2.862027893066406250e+02
2.872951354980468750e+02
2.868528442382812500e+02
2.863988037109375000e+02
2.854797363281250000e+02
2.863926391601562500e+02
2.863926391601562500e+02
2.863802490234375000e+02
2.850051879882812500e+02
2.845468139648437500e+02
2.840796203613281250e+02
2.841675415039062500e+02
2.841611022949218750e+02
2.851047363281250000e+02
2.859359130859375000e+02
2.846405944824218750e+02
2.854797363281250000e+02
2.854765930175781250e+02
2.852877197265625000e+02
2.847247924804687500e+02
2.854671936035156250e+02
2.868374938964843750e+02
2.868405761718750000e+02
2.854765930175781250e+02
2.845436706542968750e+02
2.840635681152343750e+02
2.859234313964843750e+02
2.845277709960937500e+02
2.868374938964843750e+02
2.857356567382812500e+02
2.868222656250000000e+02
2.854484863281250000e+02
2.868253173828125000e+02
2.863649291992187500e+02
2.845373535156250000e+02
2.826520690917968750e+02
2.823735351562500000e+02
2.826685180664062500e+02
2.836194763183593750e+02
2.831436767578125000e+02
2.841803283691406250e+02
2.840828552246093750e+02
2.854765930175781250e+02
2.840828552246093750e+02
2.854860229492187500e+02
2.854891662597656250e+02
2.850241394042968750e+02
2.859389953613281250e+02
2.859359130859375000e+02
2.863863830566406250e+02
2.845341796875000000e+02
2.861170654296875000e+02
2.852009887695312500e+02
2.854829101562500000e+02
2.850146179199218750e+02
2.868436279296875000e+02
2.831110839843750000e+02
2.863802490234375000e+02
2.863833618164062500e+02
2.859234313964843750e+02
2.859203796386718750e+02
2.868253173828125000e+02
2.854515686035156250e+02
2.866549072265625000e+02
2.868467102050781250e+02
2.859296569824218750e+02
2.854640502929687500e+02
2.877380065917968750e+02
2.881873474121093750e+02
2.881843261718750000e+02
2.890751342773437500e+02
2.877319641113281250e+02
2.863679504394531250e+02
2.877380065917968750e+02
2.863741149902343750e+02
2.863771667480468750e+02
2.867493286132812500e+02
2.872860717773437500e+02
2.863649291992187500e+02
2.872770080566406250e+02
2.886134033203125000e+02
2.886075744628906250e+02
2.872890930175781250e+02
2.872799987792968750e+02
2.863771667480468750e+02
2.854609375000000000e+02
2.849988708496093750e+02
2.850051879882812500e+02
2.854609375000000000e+02
2.854515686035156250e+02
2.859111022949218750e+02
2.863649291992187500e+02
2.866396179199218750e+02
2.868162231445312500e+02
2.868192443847656250e+02
2.854515686035156250e+02
2.859234313964843750e+02
2.851915588378906250e+02
2.856556091308593750e+02
2.859389953613281250e+02
2.850051879882812500e+02
2.863863830566406250e+02
2.859234313964843750e+02
2.882918395996093750e+02
2.868467102050781250e+02
2.868374938964843750e+02
2.872799987792968750e+02
2.868283386230468750e+02
2.859203796386718750e+02
2.845341796875000000e+02
2.840699462890625000e+02
2.840699462890625000e+02
2.850083007812500000e+02
2.840667724609375000e+02
2.856462402343750000e+02
2.847152709960937500e+02
2.859172668457031250e+02
2.868374938964843750e+02
2.854609375000000000e+02
2.860156555175781250e+02
2.848865966796875000e+02
2.868162231445312500e+02
2.854546813964843750e+02
2.863771667480468750e+02
2.863618469238281250e+02
2.875275878906250000e+02
2.890518188476562500e+02
2.868313903808593750e+02
2.847121276855468750e+02
2.850114440917968750e+02
2.845468139648437500e+02
2.839884338378906250e+02
2.840828552246093750e+02
2.845309448242187500e+02
2.847374877929687500e+02
2.854734802246093750e+02
2.859359130859375000e+02
2.859266052246093750e+02
2.854578247070312500e+02
2.868192443847656250e+02
2.863710937500000000e+02
2.859172668457031250e+02
2.853806457519531250e+02
2.859296569824218750e+02
2.854765930175781250e+02
2.854671936035156250e+02
2.854671936035156250e+02
2.863771667480468750e+02
2.867432250976562500e+02
2.868374938964843750e+02
2.859141845703125000e+02
2.877230224609375000e+02
2.868131408691406250e+02
2.859940490722656250e+02
2.858956909179687500e+02
2.863587951660156250e+02
2.863649291992187500e+02
2.863741149902343750e+02
2.854609375000000000e+02
2.859234313964843750e+02
2.856431579589843750e+02
2.859141845703125000e+02
2.854484863281250000e+02
2.854453430175781250e+02
2.849799804687500000e+02
2.859111022949218750e+02
2.858342895507812500e+02
2.859234313964843750e+02
2.854703063964843750e+02
2.859234313964843750e+02
2.859203796386718750e+02
2.851758117675781250e+02
2.845182800292968750e+02
2.849799804687500000e+02
2.863710937500000000e+02
2.863710937500000000e+02
2.875605468750000000e+02
2.868405761718750000e+02
2.877530822753906250e+02
2.863895263671875000e+02
2.863956909179687500e+02
2.859296569824218750e+02
2.863863830566406250e+02
2.859266052246093750e+02
2.863833618164062500e+02
2.863741149902343750e+02
2.868313903808593750e+02
2.874610900878906250e+02
2.878220825195312500e+02
2.886163330078125000e+02
2.886104736328125000e+02
2.859018554687500000e+02
2.859018554687500000e+02
2.870074768066406250e+02
2.868162231445312500e+02
2.872739562988281250e+02
2.890605163574218750e+02
2.857356567382812500e+02
2.846247253417968750e+02
2.845373535156250000e+02
2.864780883789062500e+02
2.854609375000000000e+02
2.854515686035156250e+02
2.856307373046875000e+02
2.865542602539062500e+02
2.859111022949218750e+02
2.854453430175781250e+02
2.849831237792968750e+02
2.849862670898437500e+02
2.851758117675781250e+02
2.859203796386718750e+02
2.849988708496093750e+02
2.854671936035156250e+02
2.849956970214843750e+02
2.863771667480468750e+02
2.858157043457031250e+02
2.863618469238281250e+02
2.859018554687500000e+02
2.877111206054687500e+02
2.872649536132812500e+02
2.866305541992187500e+02
2.868192443847656250e+02
2.854298400878906250e+02
2.863496704101562500e+02
2.868070983886718750e+02
2.869013061523437500e+02
2.880709228515625000e+02
2.872649536132812500e+02
2.881606445312500000e+02
2.863526916503906250e+02
2.881606445312500000e+02
2.874461059570312500e+02
2.869953918457031250e+02
2.877260437011718750e+02
2.872770080566406250e+02
2.872799987792968750e+02
2.868344726562500000e+02
2.871983642578125000e+02
2.872920837402343750e+02
2.868405761718750000e+02
2.868344726562500000e+02
2.877350158691406250e+02
2.881843261718750000e+02
2.886134033203125000e+02
2.888861389160156250e+02
2.877200622558593750e+02
2.890605163574218750e+02
2.886104736328125000e+02
2.890576477050781250e+02
2.881754760742187500e+02
2.881813659667968750e+02
2.872860717773437500e+02
2.867402038574218750e+02
2.869164428710937500e+02
2.872829895019531250e+02
2.868313903808593750e+02
2.868313903808593750e+02
2.868253173828125000e+02
2.859111022949218750e+02
2.860984802246093750e+02
2.863679504394531250e+02
2.883544921875000000e+02
2.868101501464843750e+02
2.881813659667968750e+02
2.876992492675781250e+02
2.886849365234375000e+02
2.890430908203125000e+02
2.907887268066406250e+02
2.881547546386718750e+02
2.877170410156250000e+02
2.877230224609375000e+02
2.872739562988281250e+02
2.880827941894531250e+02
2.877200622558593750e+02
2.872619323730468750e+02
2.877200622558593750e+02
2.877230224609375000e+02
2.887972717285156250e+02
2.899584655761718750e+02
2.868192443847656250e+02
2.863649291992187500e+02
2.869255981445312500e+02
2.870166015625000000e+02
2.877470397949218750e+02
2.872860717773437500e+02
2.877350158691406250e+02
2.879120788574218750e+02
2.883515014648437500e+02
2.886222229003906250e+02
2.886192932128906250e+02
2.886163330078125000e+02
2.877170410156250000e+02
2.887024536132812500e+02
2.872499694824218750e+02
2.866184082031250000e+02
2.868892822265625000e+02
2.883426818847656250e+02
2.894082031250000000e+02
2.890663757324218750e+02
2.895021667480468750e+02
2.881813659667968750e+02
2.884438171386718750e+02
2.889836425781250000e+02
2.899526672363281250e+02
2.884497375488281250e+02
2.899382324218750000e+02
2.886251525878906250e+02
2.894963684082031250e+02
2.891461791992187500e+02
2.899353942871093750e+02
2.899353942871093750e+02
2.877111206054687500e+02
2.890488891601562500e+02
2.886370239257812500e+02
2.886075744628906250e+02
2.907275695800781250e+02
2.899440002441406250e+02
2.890605163574218750e+02
2.872709655761718750e+02
2.877230224609375000e+02
2.879900207519531250e+02
2.887053833007812500e+02
2.890547180175781250e+02
2.881724548339843750e+02
2.886163330078125000e+02
2.883485412597656250e+02
2.886163330078125000e+02
2.895814819335937500e+02
2.861842956542968750e+02
2.863710937500000000e+02
2.880049133300781250e+02
2.881636047363281250e+02
2.886075744628906250e+02
2.872559814453125000e+02
2.878251037597656250e+02
2.868283386230468750e+02
2.892404174804687500e+02
2.890663757324218750e+02
2.890663757324218750e+02
2.881873474121093750e+02
2.886251525878906250e+02
2.868222656250000000e+02
2.867432250976562500e+02
2.872920837402343750e+02
2.872829895019531250e+02
2.886370239257812500e+02
2.886192932128906250e+02
2.886310729980468750e+02
2.895167236328125000e+02
2.890781250000000000e+02
2.886310729980468750e+02
2.892375183105468750e+02
2.863649291992187500e+02
2.859203796386718750e+02
2.875575561523437500e+02
2.872770080566406250e+02
2.858033447265625000e+02
2.868253173828125000e+02
2.881694946289062500e+02
2.886075744628906250e+02
2.868131408691406250e+02
2.868313903808593750e+02
2.872829895019531250e+02
2.877350158691406250e+02
2.872860717773437500e+02
2.884497375488281250e+02
2.877350158691406250e+02
2.876387939453125000e+02
2.890663757324218750e+02
2.872890930175781250e+02
2.877380065917968750e+02
2.873766174316406250e+02
2.873012084960937500e+02
2.859327697753906250e+02
2.868467102050781250e+02
2.868436279296875000e+02
2.872920837402343750e+02
2.877440490722656250e+02
2.884526977539062500e+02
2.872770080566406250e+02
2.876327514648437500e+02
2.895167236328125000e+02
2.876508178710937500e+02
2.868344726562500000e+02
2.873766174316406250e+02
2.876417846679687500e+02
2.877200622558593750e+02
2.876298217773437500e+02
2.863649291992187500e+02
2.863802490234375000e+02
2.854546813964843750e+02
2.853649597167968750e+02
2.863833618164062500e+02
2.863833618164062500e+02
2.871105957031250000e+02
2.868374938964843750e+02
2.872860717773437500e+02
2.883663635253906250e+02
2.873796386718750000e+02
2.872799987792968750e+02
2.895050659179687500e+02
2.868283386230468750e+02
2.859172668457031250e+02
2.871014709472656250e+02
2.856493835449218750e+02
2.845341796875000000e+02
2.849956970214843750e+02
2.854391784667968750e+02
2.863557739257812500e+02
2.863557739257812500e+02
2.854515686035156250e+02
2.849988708496093750e+02
2.845468139648437500e+02
2.845436706542968750e+02
2.848214721679687500e+02
2.845309448242187500e+02
2.863741149902343750e+02
2.873675842285156250e+02
2.854453430175781250e+02
2.854515686035156250e+02
2.838553771972656250e+02
2.845088195800781250e+02
2.849862670898437500e+02
2.852814331054687500e+02
2.850083007812500000e+02
2.850146179199218750e+02
2.842616882324218750e+02
2.850051879882812500e+02
2.860187988281250000e+02
2.849956970214843750e+02
2.854609375000000000e+02
2.848960266113281250e+02
2.854578247070312500e+02
2.854609375000000000e+02
2.852720336914062500e+02
2.854515686035156250e+02
2.861873779296875000e+02
2.840635681152343750e+02
2.824467163085937500e+02
2.829166870117187500e+02
2.849799804687500000e+02
2.859203796386718750e+02
2.854609375000000000e+02
2.859389953613281250e+02
2.851946716308593750e+02
2.850051879882812500e+02
2.854640502929687500e+02
2.849926147460937500e+02
2.860094909667968750e+02
2.863710937500000000e+02
2.861873779296875000e+02
2.851726989746093750e+02
2.845468139648437500e+02
2.836032714843750000e+02
2.840380554199218750e+02
2.851047363281250000e+02
2.850051879882812500e+02
2.854640502929687500e+02
2.881873474121093750e+02
2.831273803710937500e+02
2.840571899414062500e+02
2.849926147460937500e+02
2.850083007812500000e+02
2.854609375000000000e+02
2.850983886718750000e+02
2.859327697753906250e+02
2.850858459472656250e+02
2.849862670898437500e+02
2.869194641113281250e+02
2.872829895019531250e+02
2.896751403808593750e+02
2.864596862792968750e+02
2.859296569824218750e+02
2.864749755859375000e+02
2.871861877441406250e+02
2.849862670898437500e+02
2.849862670898437500e+02
2.846311340332031250e+02
2.848992004394531250e+02
2.873827209472656250e+02
2.859203796386718750e+02
2.858249511718750000e+02
2.895137939453125000e+02
2.877289733886718750e+02
2.870044860839843750e+02
2.868313903808593750e+02
2.872013549804687500e+02
2.859296569824218750e+02
2.859359130859375000e+02
2.885567932128906250e+02
2.866518859863281250e+02
2.859203796386718750e+02
2.859172668457031250e+02
2.844593811035156250e+02
2.862183227539062500e+02
2.863926391601562500e+02
2.861108398437500000e+02
2.874580688476562500e+02
2.863771667480468750e+02
2.856462402343750000e+02
2.872860717773437500e+02
2.879989624023437500e+02
2.882022705078125000e+02
2.877440490722656250e+02
2.886370239257812500e+02
2.881813659667968750e+02
2.890605163574218750e+02
2.886251525878906250e+02
2.886310729980468750e+02
2.886310729980468750e+02
2.888831787109375000e+02
2.854578247070312500e+02
2.870166015625000000e+02
2.875545654296875000e+02
2.877111206054687500e+02
2.877200622558593750e+02
2.877170410156250000e+02
2.882620544433593750e+02
2.869133911132812500e+02
2.881724548339843750e+02
2.877200622558593750e+02
2.877170410156250000e+02
2.891345520019531250e+02
2.872920837402343750e+02
2.863771667480468750e+02
2.863618469238281250e+02
2.875484924316406250e+02
2.886340942382812500e+02
2.871923217773437500e+02
2.881932983398437500e+02
2.890634460449218750e+02
2.863710937500000000e+02
2.872799987792968750e+02
2.883603820800781250e+02
2.901188354492187500e+02
2.895872802734375000e+02
2.872709655761718750e+02
2.889573669433593750e+02
2.872709655761718750e+02
2.872860717773437500e+02
2.880138854980468750e+02
2.888031616210937500e+02
2.881636047363281250e+02
2.895021667480468750e+02
2.854329528808593750e+02
2.883633728027343750e+02
2.895108337402343750e+02
2.880887451171875000e+02
2.895050659179687500e+02
2.899440002441406250e+02
2.872739562988281250e+02
2.880917053222656250e+02
2.895108337402343750e+02
2.890781250000000000e+02
2.898650817871093750e+02
2.886281127929687500e+02
2.890751342773437500e+02
2.893316345214843750e+02
2.890605163574218750e+02
2.894082031250000000e+02
2.899382324218750000e+02
2.888002014160156250e+02
2.883515014648437500e+02
2.882531738281250000e+02
2.881724548339843750e+02
2.886222229003906250e+02
2.886163330078125000e+02
2.887943725585937500e+02
2.891520080566406250e+02
2.899440002441406250e+02
2.890576477050781250e+02
2.899324951171875000e+02
2.895021667480468750e+02
2.888978576660156250e+02
2.890751342773437500e+02
2.886310729980468750e+02
2.889807128906250000e+02
2.886310729980468750e+02
2.877410278320312500e+02
2.881903381347656250e+02
2.882739257812500000e+02
2.884497375488281250e+02
2.868192443847656250e+02
2.890693054199218750e+02
2.893287353515625000e+02
2.897744750976562500e+02
2.886222229003906250e+02
2.895108337402343750e+02
2.870044860839843750e+02
2.881754760742187500e+02
2.874461059570312500e+02
2.879841003417968750e+02
2.872679443359375000e+02
2.872649536132812500e+02
2.872709655761718750e+02
2.877289733886718750e+02
2.882650146484375000e+02
2.890693054199218750e+02
2.890722961425781250e+02
2.886251525878906250e+02
2.887201232910156250e+02
2.887113037109375000e+02
2.888120117187500000e+02
2.895137939453125000e+02
2.881754760742187500e+02
2.881754760742187500e+02
2.881724548339843750e+02
2.884379272460937500e+02
2.884349975585937500e+02
2.868162231445312500e+02
2.895167236328125000e+02
2.871923217773437500e+02
2.886370239257812500e+02
2.878190917968750000e+02
2.888060607910156250e+02
2.895050659179687500e+02
2.891490783691406250e+02
2.899382324218750000e+02
2.892404174804687500e+02
2.870924377441406250e+02
2.887171630859375000e+02
2.881754760742187500e+02
2.887142333984375000e+02
2.891461791992187500e+02
2.890663757324218750e+02
2.890634460449218750e+02
2.881754760742187500e+02
2.867310485839843750e+02
2.877410278320312500e+02
2.879150695800781250e+02
2.875575561523437500e+02
2.886251525878906250e+02
2.884497375488281250e+02
2.890722961425781250e+02
2.890751342773437500e+02
2.886340942382812500e+02
2.877380065917968750e+02
2.878280639648437500e+02
2.881006774902343750e+02
2.886340942382812500e+02
2.881873474121093750e+02
2.895167236328125000e+02
2.890840454101562500e+02
2.881903381347656250e+02
2.872829895019531250e+02
2.895137939453125000e+02
2.882650146484375000e+02
2.877230224609375000e+02
2.899411010742187500e+02
2.896838378906250000e+02
2.881843261718750000e+02
2.881873474121093750e+02
2.874701538085937500e+02
2.868344726562500000e+02
2.872890930175781250e+02
2.869225463867187500e+02
2.877380065917968750e+02
2.877440490722656250e+02
2.877410278320312500e+02
2.874761962890625000e+02
2.878401184082031250e+02
2.869347534179687500e+02
2.856431579589843750e+02
2.868313903808593750e+02
2.887083435058593750e+02
2.883515014648437500e+02
2.890605163574218750e+02
2.877230224609375000e+02
2.886222229003906250e+02
2.877260437011718750e+02
2.886192932128906250e+02
2.883633728027343750e+02
2.889807128906250000e+02
2.884556884765625000e+02
2.895196228027343750e+02
2.884645996093750000e+02
2.877470397949218750e+02
2.880947265625000000e+02
2.872890930175781250e+02
2.895196228027343750e+02
2.890781250000000000e+02
2.878310546875000000e+02
2.899671936035156250e+02
2.877440490722656250e+02
2.872920837402343750e+02
2.887231140136718750e+02
2.883723144531250000e+02
2.891666259765625000e+02
2.873796386718750000e+02
2.879929809570312500e+02
2.863710937500000000e+02
2.872860717773437500e+02
2.862823486328125000e+02
2.868283386230468750e+02
2.859048767089843750e+02
2.868192443847656250e+02
2.869104003906250000e+02
2.852782897949218750e+02
2.854453430175781250e+02
2.868436279296875000e+02
2.858374023437500000e+02
2.863863830566406250e+02
2.852782897949218750e+02
2.859141845703125000e+02
2.859111022949218750e+02
2.872739562988281250e+02
2.861842956542968750e+02
2.859266052246093750e+02
2.859266052246093750e+02
2.852782897949218750e+02
2.862885437011718750e+02
2.860063781738281250e+02
2.868253173828125000e+02
2.860923156738281250e+02
2.867310485839843750e+02
2.865512390136718750e+02
2.870166015625000000e+02
2.867462768554687500e+02
2.862915954589843750e+02
2.870196838378906250e+02
2.868405761718750000e+02
2.872890930175781250e+02
2.862885437011718750e+02
2.877470397949218750e+02
2.868436279296875000e+02
2.868405761718750000e+02
2.868436279296875000e+02
2.863802490234375000e+02
2.875665893554687500e+02
2.870166015625000000e+02
2.872890930175781250e+02
2.859141845703125000e+02
2.866549072265625000e+02
2.872951354980468750e+02
2.866611022949218750e+02
2.870288085937500000e+02
2.863863830566406250e+02
2.868405761718750000e+02
2.863895263671875000e+02
2.865727233886718750e+02
2.863008728027343750e+02
2.874853210449218750e+02
2.858436279296875000e+02
2.867554626464843750e+02
2.856462402343750000e+02
2.856400146484375000e+02
2.858280639648437500e+02
2.864658203125000000e+02
2.856369018554687500e+02
2.856338500976562500e+02
2.871923217773437500e+02
2.872799987792968750e+02
2.864688415527343750e+02
2.850952453613281250e+02
2.863802490234375000e+02
2.863741149902343750e+02
2.853775024414062500e+02
2.853806457519531250e+02
2.844529724121093750e+02
2.854671936035156250e+02
2.847184143066406250e+02
2.859359130859375000e+02
2.861201477050781250e+02
2.859359130859375000e+02
2.871105957031250000e+02
2.863802490234375000e+02
2.863863830566406250e+02
2.854546813964843750e+02
2.840635681152343750e+02
2.849117736816406250e+02
2.836916809082031250e+02
2.850114440917968750e+02
2.849926147460937500e+02
2.849956970214843750e+02
2.859203796386718750e+02
2.854578247070312500e+02
2.863802490234375000e+02
2.842456970214843750e+02
2.848929138183593750e+02
2.863741149902343750e+02
2.856462402343750000e+02
2.862027893066406250e+02
2.859327697753906250e+02
2.858436279296875000e+02
2.855724487304687500e+02
2.867554626464843750e+02
2.853680725097656250e+02
2.862947082519531250e+02
2.854609375000000000e+02
2.882768859863281250e+02
2.863557739257812500e+02
2.846311340332031250e+02
2.830253601074218750e+02
2.873012084960937500e+02
2.836819458007812500e+02
2.854609375000000000e+02
2.861935119628906250e+02
2.878341064453125000e+02
2.873705749511718750e+02
2.860953979492187500e+02
2.854453430175781250e+02
2.864474792480468750e+02
2.872799987792968750e+02
2.850051879882812500e+02
2.836980590820312500e+02
2.848214721679687500e+02
2.847247924804687500e+02
2.860187988281250000e+02
2.870166015625000000e+02
2.854797363281250000e+02
2.844561462402343750e+02
2.846405944824218750e+02
2.859389953613281250e+02
2.850146179199218750e+02
2.866765136718750000e+02
2.859483642578125000e+02
2.861294250488281250e+02
2.856681823730468750e+02
2.850114440917968750e+02
2.859389953613281250e+02
2.856681823730468750e+02
2.865850524902343750e+02
2.850146179199218750e+02
2.858467712402343750e+02
2.841707153320312500e+02
2.859421386718750000e+02
2.851110229492187500e+02
2.863988037109375000e+02
2.868620605468750000e+02
2.862214660644531250e+02
2.852073364257812500e+02
2.859452514648437500e+02
2.851142272949218750e+02
2.868589782714843750e+02
2.858529968261718750e+02
2.856649780273437500e+02
2.874100952148437500e+02
2.859452514648437500e+02
2.847438354492187500e+02
2.854765930175781250e+02
2.848310241699218750e+02
2.864873046875000000e+02
2.863956909179687500e+02
2.855724487304687500e+02
2.855755920410156250e+02
2.870349426269531250e+02
2.856587219238281250e+02
2.858405456542968750e+02
2.856524963378906250e+02
2.859234313964843750e+02
2.860187988281250000e+02
2.860156555175781250e+02
2.868405761718750000e+02
2.863649291992187500e+02
2.862792968750000000e+02
2.881036376953125000e+02
2.852657775878906250e+02
2.875605468750000000e+02
2.864718933105468750e+02
2.877410278320312500e+02
2.868436279296875000e+02
2.875635681152343750e+02
2.887349853515625000e+02
2.872951354980468750e+02
2.881932983398437500e+02
2.872013549804687500e+02
2.871075134277343750e+02
2.872829895019531250e+02
2.870135803222656250e+02
2.881873474121093750e+02
2.868436279296875000e+02
2.854640502929687500e+02
2.851883850097656250e+02
2.870196838378906250e+02
2.848834838867187500e+02
2.854546813964843750e+02
2.867371215820312500e+02
2.859048767089843750e+02
2.853618164062500000e+02
2.861046142578125000e+02
2.859296569824218750e+02
2.859266052246093750e+02
2.867371215820312500e+02
2.871014709472656250e+02
2.863587951660156250e+02
2.872709655761718750e+02
2.854453430175781250e+02
2.845246276855468750e+02
2.853806457519531250e+02
2.845436706542968750e+02
2.842713012695312500e+02
2.848278503417968750e+02
2.854703063964843750e+02
2.860311889648437500e+02
2.855598754882812500e+02
2.856524963378906250e+02
2.858374023437500000e+02
2.862090148925781250e+02
2.857418823242187500e+02
2.872799987792968750e+02
2.872770080566406250e+02
2.870014343261718750e+02
2.873615417480468750e+02
2.872709655761718750e+02
2.849988708496093750e+02
2.856556091308593750e+02
2.859327697753906250e+02
2.880857849121093750e+02
2.862670288085937500e+02
2.859018554687500000e+02
2.873585815429687500e+02
2.870924377441406250e+02
2.860923156738281250e+02
2.863679504394531250e+02
2.863741149902343750e+02
2.857356567382812500e+02
2.858311767578125000e+02
2.856462402343750000e+02
2.858311767578125000e+02
2.845246276855468750e+02
2.854546813964843750e+02
2.858249511718750000e+02
2.868313903808593750e+02
2.872920837402343750e+02
2.877410278320312500e+02
2.872951354980468750e+02
2.862977600097656250e+02
2.864718933105468750e+02
2.872074279785156250e+02
2.868344726562500000e+02
2.863833618164062500e+02
2.863771667480468750e+02
2.861077270507812500e+02
2.859172668457031250e+02
2.874610900878906250e+02
2.868222656250000000e+02
2.872770080566406250e+02
2.877230224609375000e+02
2.860800476074218750e+02
2.866305541992187500e+02
2.863771667480468750e+02
2.861659240722656250e+02
2.868101501464843750e+02
2.867340393066406250e+02
2.863741149902343750e+02
2.865727233886718750e+02
2.859359130859375000e+02
2.868559265136718750e+02
2.862090148925781250e+02
2.859203796386718750e+02
2.863771667480468750e+02
2.863741149902343750e+02
2.872829895019531250e+02
2.890751342773437500e+02
2.881724548339843750e+02
2.875545654296875000e+02
2.876358032226562500e+02
2.868192443847656250e+02
2.867279663085937500e+02
2.889807128906250000e+02
2.859048767089843750e+02
2.852595214843750000e+02
2.849831237792968750e+02
2.845119628906250000e+02
2.854484863281250000e+02
2.865573425292968750e+02
2.871045227050781250e+02
2.875605468750000000e+02
2.879180297851562500e+02
2.881665649414062500e+02
2.881754760742187500e+02
2.861873779296875000e+02
2.863587951660156250e+02
2.872559814453125000e+02
2.873555908203125000e+02
2.869194641113281250e+02
2.873766174316406250e+02
2.859172668457031250e+02
2.871983642578125000e+02
2.881843261718750000e+02
2.874671325683593750e+02
2.877289733886718750e+02
2.889865722656250000e+02
2.890576477050781250e+02
2.878971252441406250e+02
2.891490783691406250e+02
2.894169311523437500e+02
2.886281127929687500e+02
2.881873474121093750e+02
2.877319641113281250e+02
2.879090576171875000e+02
2.898506774902343750e+02
2.894198608398437500e+02
2.872770080566406250e+02
2.886163330078125000e+02
2.877140808105468750e+02
2.874401245117187500e+02
2.881430358886718750e+02
2.881459655761718750e+02
2.867128295898437500e+02
2.868041381835937500e+02
2.868313903808593750e+02
2.868374938964843750e+02
2.877380065917968750e+02
2.868313903808593750e+02
2.886192932128906250e+02
2.886192932128906250e+02
2.881724548339843750e+02
2.903803405761718750e+02
2.874580688476562500e+02
2.886251525878906250e+02
2.882739257812500000e+02
2.872799987792968750e+02
2.877380065917968750e+02
2.886281127929687500e+02
2.891490783691406250e+02
2.883485412597656250e+02
2.868131408691406250e+02
2.868101501464843750e+02
2.877140808105468750e+02
2.884320373535156250e+02
2.868131408691406250e+02
2.866244812011718750e+02
2.869893493652343750e+02
2.878912658691406250e+02
2.881606445312500000e+02
2.882561035156250000e+02
2.898564147949218750e+02
2.881636047363281250e+02
2.895050659179687500e+02
2.871166381835937500e+02
2.863833618164062500e+02
2.872920837402343750e+02
2.868313903808593750e+02
2.869225463867187500e+02
2.886281127929687500e+02
2.877289733886718750e+02
2.886222229003906250e+02
2.881694946289062500e+02
2.877140808105468750e+02
2.887855834960937500e+02
2.884262084960937500e+02
2.891345520019531250e+02
2.892258911132812500e+02
2.888831787109375000e+02
2.886281127929687500e+02
2.901102294921875000e+02
2.891520080566406250e+02
2.898593139648437500e+02
2.899497680664062500e+02
2.893462524414062500e+02
2.884676208496093750e+02
2.887319641113281250e+02
2.886429443359375000e+02
2.872829895019531250e+02
2.868192443847656250e+02
2.870802917480468750e+02
2.877052307128906250e+02
2.881518249511718750e+02
2.872529907226562500e+02
2.873465881347656250e+02
2.869043579101562500e+02
2.869073486328125000e+02
2.871923217773437500e+02
2.868313903808593750e+02
2.862823486328125000e+02
2.864627075195312500e+02
2.878251037597656250e+02
2.881903381347656250e+02
2.886340942382812500e+02
2.895079956054687500e+02
2.881813659667968750e+02
2.880887451171875000e+02
2.881784057617187500e+02
2.881784057617187500e+02
2.881754760742187500e+02
2.893257751464843750e+02
2.883485412597656250e+02
2.899411010742187500e+02
2.905513305664062500e+02
2.897629394531250000e+02
2.894992675781250000e+02
2.882531738281250000e+02
2.888802490234375000e+02
2.887083435058593750e+02
2.886222229003906250e+02
2.887972717285156250e+02
2.884438171386718750e+02
2.886965942382812500e+02
2.896722412109375000e+02
2.899382324218750000e+02
2.887053833007812500e+02
2.864566345214843750e+02
2.859018554687500000e+02
2.862731628417968750e+02
2.872829895019531250e+02
2.873766174316406250e+02
2.881813659667968750e+02
2.880917053222656250e+02
2.890634460449218750e+02
2.886163330078125000e+02
2.886192932128906250e+02
2.881784057617187500e+02
2.872739562988281250e+02
2.876387939453125000e+02
2.892404174804687500e+02
2.884467468261718750e+02
2.895108337402343750e+02
2.881903381347656250e+02
2.890722961425781250e+02
2.884556884765625000e+02
2.830885009765625000e+02
2.880887451171875000e+02
2.886251525878906250e+02
2.868283386230468750e+02
2.871923217773437500e+02
2.874671325683593750e+02
2.872890930175781250e+02
2.868344726562500000e+02
2.871075134277343750e+02
2.869255981445312500e+02
2.872860717773437500e+02
2.870953979492187500e+02
2.877230224609375000e+02
2.881636047363281250e+02
2.888686218261718750e+02
2.882502441406250000e+02
2.879060974121093750e+02
2.878251037597656250e+02
2.873796386718750000e+02
2.889037780761718750e+02
2.881843261718750000e+02
2.877410278320312500e+02
2.881873474121093750e+02
2.880079040527343750e+02
2.886281127929687500e+02
2.893403930664062500e+02
2.895050659179687500e+02
2.884467468261718750e+02
2.883663635253906250e+02
2.881843261718750000e+02
2.873827209472656250e+02
2.881903381347656250e+02
2.872890930175781250e+02
2.899497680664062500e+02
2.890693054199218750e+02
2.890663757324218750e+02
2.886310729980468750e+02
2.899497680664062500e+02
2.890781250000000000e+02
2.898650817871093750e+02
2.888978576660156250e+02
2.889008178710937500e+02
2.881006774902343750e+02
2.886370239257812500e+02
2.883603820800781250e+02
2.886340942382812500e+02
2.899497680664062500e+02
2.890722961425781250e+02
2.886222229003906250e+02
2.886222229003906250e+02
2.876327514648437500e+02
2.877260437011718750e+02
2.888031616210937500e+02
2.894992675781250000e+02
2.895930175781250000e+02
2.899411010742187500e+02
2.888861389160156250e+02
2.889689941406250000e+02
2.895872802734375000e+02
2.879870300292968750e+02
2.876358032226562500e+02
2.870196838378906250e+02
2.875665893554687500e+02
2.876568603515625000e+02
2.875575561523437500e+02
2.886163330078125000e+02
2.874461059570312500e+02
2.886163330078125000e+02
2.883544921875000000e+02
2.881784057617187500e+02
2.877319641113281250e+02
2.876447753906250000e+02
2.872890930175781250e+02
2.882768859863281250e+02
2.891636962890625000e+02
2.886251525878906250e+02
2.887142333984375000e+02
2.881903381347656250e+02
2.881932983398437500e+02
2.881873474121093750e+02
2.888060607910156250e+02
2.882768859863281250e+02
2.863710937500000000e+02
2.872829895019531250e+02
2.874641418457031250e+02
2.872799987792968750e+02
2.879989624023437500e+02
2.886340942382812500e+02
2.877500305175781250e+02
2.875665893554687500e+02
2.874731445312500000e+02
2.874671325683593750e+02
2.878251037597656250e+02
2.876538391113281250e+02
2.877350158691406250e+02
2.886340942382812500e+02
2.877470397949218750e+02
2.881932983398437500e+02
2.871892700195312500e+02
2.879150695800781250e+02
2.879120788574218750e+02
2.877350158691406250e+02
2.877440490722656250e+02
2.872860717773437500e+02
2.883574218750000000e+02
2.881903381347656250e+02
2.868344726562500000e+02
2.876327514648437500e+02
2.868253173828125000e+02
2.868405761718750000e+02
2.875665893554687500e+02
2.868374938964843750e+02
2.874641418457031250e+02
2.875605468750000000e+02
2.865727233886718750e+02
2.873041992187500000e+02
2.864812011718750000e+02
2.877500305175781250e+02
2.882798767089843750e+02
2.874610900878906250e+02
2.872829895019531250e+02
2.872860717773437500e+02
2.874580688476562500e+02
2.866457519531250000e+02
2.881784057617187500e+02
2.854546813964843750e+02
2.850083007812500000e+02
2.847342834472656250e+02
2.840699462890625000e+02
2.836000061035156250e+02
2.843558044433593750e+02
2.854578247070312500e+02
2.857387695312500000e+02
2.855536499023437500e+02
2.872981567382812500e+02
2.872044067382812500e+02
2.878310546875000000e+02
2.869255981445312500e+02
2.866488342285156250e+02
2.874761962890625000e+02
2.858218688964843750e+02
2.861966247558593750e+02
2.862121276855468750e+02
2.863988037109375000e+02
2.859359130859375000e+02
2.846247253417968750e+02
2.868436279296875000e+02
2.865819396972656250e+02
2.859327697753906250e+02
2.851110229492187500e+02
2.845436706542968750e+02
2.868620605468750000e+02
2.855598754882812500e+02
2.865819396972656250e+02
2.856649780273437500e+02
2.857575073242187500e+02
2.853869018554687500e+02
2.862152099609375000e+02
2.849956970214843750e+02
2.852626647949218750e+02
2.865665283203125000e+02
2.845404968261718750e+02
2.859359130859375000e+02
2.860249633789062500e+02
2.849893798828125000e+02
2.850858459472656250e+02
2.849988708496093750e+02
2.852814331054687500e+02
2.860156555175781250e+02
2.836948852539062500e+02
2.840635681152343750e+02
2.843430480957031250e+02
2.859203796386718750e+02
2.863710937500000000e+02
2.863771667480468750e+02
2.875696105957031250e+02
2.854703063964843750e+02
2.854578247070312500e+02
2.859203796386718750e+02
2.863649291992187500e+02
2.867646789550781250e+02
2.861201477050781250e+02
2.854734802246093750e+02
2.860280761718750000e+02
2.854734802246093750e+02
2.868528442382812500e+02
2.873887329101562500e+02
2.870288085937500000e+02
2.861997070312500000e+02
2.859296569824218750e+02
2.858405456542968750e+02
2.856493835449218750e+02
2.872860717773437500e+02
2.875575256347656250e+02
2.868344726562500000e+02
