2.888354431870104122e+02
2.890188498071032086e+02
2.888033035771024970e+02
2.877994018626679917e+02
2.878007451745475578e+02
2.890104403737763050e+02
2.901448667029669082e+02
2.883616791652513029e+02
2.883616791652513029e+02
2.880393867962061449e+02
2.877994018626679917e+02
2.871743320728465392e+02
2.888354431870104122e+02
2.901456318288748548e+02
2.888950938707309888e+02
2.901050525605768371e+02
2.901381502570187649e+02
2.892139963575045840e+02
2.889634814400830578e+02
2.889730730376335828e+02
2.889634814400830578e+02
2.891220067501683957e+02
2.890118762923521558e+02
2.871543883223810099e+02
2.879065251987038323e+02
2.888950938707309888e+02
2.871709718697050562e+02
2.897960545243846013e+02
2.892219860047602538e+02
2.912801293242703764e+02
2.912496544965450767e+02
2.912917102457248006e+02
2.905928871805145377e+02
2.895667975456907470e+02
2.911605200007168719e+02
2.901381502570187649e+02
2.911860012392772319e+02
2.891852940096510451e+02
2.891852940096510451e+02
2.891852940096510451e+02
2.891732251153607649e+02
2.901233503705956309e+02
2.901448667029669082e+02
2.901456318288748548e+02
2.910445883775383322e+02
2.901448667029669082e+02
2.901448667029669082e+02
2.888033035771024970e+02
2.890026480946018523e+02
2.890104403737763050e+02
2.900862322640208504e+02
2.911652624131052676e+02
2.871534533367168365e+02
2.906044681019690188e+02
2.901973786267738546e+02
2.890188498071032086e+02
2.897819096488616992e+02
2.911709096956797111e+02
2.912917102457248006e+02
2.891732251153607649e+02
2.901941631303366194e+02
2.901381502570187649e+02
2.889634814400830578e+02
2.890188498071032086e+02
2.901307546882460997e+02
2.871683196364710398e+02
2.901886985532706262e+02
2.889730730376335828e+02
2.879989451177667661e+02
2.879875057878375628e+02
2.880094132223870247e+02
2.879065251987038323e+02
2.871743320728465392e+02
2.889634814400830578e+02
2.889730730376335828e+02
2.892219860047602538e+02
2.901381502570187649e+02
2.901381502570187649e+02
2.899122308792212266e+02
2.890886270818104435e+02
2.871653283915159136e+02
2.899122308792212266e+02
2.890886270818104435e+02
2.891852940096510451e+02
2.901448667029669082e+02
2.891852940096510451e+02
2.905928871805145377e+02
2.891732251153607649e+02
2.902963991428370605e+02
2.891609531706931193e+02
2.879875057878375628e+02
2.890886270818104435e+02
2.901448667029669082e+02
2.912510104032415938e+02
2.890188498071032086e+02
2.888950938707309888e+02
2.879978930603136291e+02
2.889634814400830578e+02
2.889312174873745676e+02
2.890188498071032086e+02
2.879065251987038323e+02
2.877102298288346560e+02
2.900862322640208504e+02
2.879845789751191774e+02
2.880948319128020785e+02
2.880123400351054102e+02
2.890188498071032086e+02
2.879845789751191774e+02
2.888249986506153846e+02
2.888249986506153846e+02
2.888459021969430296e+02
2.888249986506153846e+02
2.898951645051711807e+02
2.890064712157861209e+02
2.879845789751191774e+02
2.901542346481724621e+02
2.890188498071032086e+02
2.905011436655114494e+02
2.888249986506153846e+02
2.871773404940743148e+02
2.888681238341913513e+02
2.871709718697050562e+02
2.879989451177667661e+02
2.867634652061479414e+02
2.867634652061479414e+02
2.879428999661313924e+02
2.879439520235845293e+02
2.889730730376335828e+02
2.871739758113964172e+02
2.880235297444768321e+02
2.867634652061479414e+02
2.880160740603274689e+02
2.889932101244191358e+02
2.891732251153607649e+02
2.889730730376335828e+02
2.891336343740652524e+02
2.897928459074987586e+02
2.906044681019690188e+02
2.901941631303366194e+02
2.889932101244191358e+02
2.871692546221352131e+02
2.879978930603136291e+02
2.880098628532402358e+02
2.891732251153607649e+02
2.889730730376335828e+02
2.889730730376335828e+02
2.889932101244191358e+02
2.901456318288748548e+02
2.890763551371427980e+02
2.906023245269708468e+02
2.912189688320452774e+02
2.912809605830656778e+02
2.901381502570187649e+02
2.897960545243846013e+02
2.892023687336076705e+02
2.889897922577065401e+02
2.891931866020076995e+02
2.891609531706931193e+02
2.871683421362311037e+02
2.892048142259046131e+02
2.901050525605768371e+02
2.889559870734142919e+02
2.892103583808633971e+02
2.877158344416451428e+02
2.879428999661313924e+02
2.889559870734142919e+02
2.879428999661313924e+02
2.879428999661313924e+02
2.861373027359100547e+02
2.871736889342760151e+02
2.861373027359100547e+02
2.867433239588550578e+02
2.879428999661313924e+02
2.862439003163651705e+02
2.889634814400830578e+02
2.891336343740652524e+02
2.888249986506153846e+02
2.879393597744891053e+02
2.879914894336174029e+02
2.861430142590944001e+02
2.842410552084275537e+02
2.861373027359100547e+02
2.851012045660245349e+02
2.861516005144065389e+02
2.864326323720132450e+02
2.879428999661313924e+02
2.871739758113964172e+02
2.871739758113964172e+02
2.879393597744891053e+02
2.871736889342760151e+02
2.871736889342760151e+02
2.867416563370182985e+02
2.833648631538885070e+02
2.861373027359100547e+02
2.851402339361081317e+02
2.870290537368808828e+02
2.856826675093245171e+02
2.867416563370182985e+02
2.851012045660245349e+02
2.870290537368808828e+02
2.861323860732977096e+02
2.867416563370182985e+02
2.871727539486117848e+02
2.879393597744891053e+02
2.871727539486117848e+02
2.870290537368808828e+02
2.871727539486117848e+02
2.863104467635267270e+02
2.871676197148102574e+02
2.879428999661313924e+02
2.890104403737763050e+02
2.867640381634287223e+02
2.871435427423178908e+02
2.851150113429263797e+02
2.842384576708154782e+02
2.833665995725890525e+02
2.861373027359100547e+02
2.862398646836995226e+02
2.853418420019691553e+02
2.833733261992030634e+02
2.833716278503778767e+02
2.833648631538885070e+02
2.849471051980034986e+02
2.840361144825814677e+02
2.845539427299131603e+02
2.835478559950797717e+02
2.817353442028833115e+02
2.829219852072202457e+02
2.833649922389197968e+02
2.863082209279774588e+02
2.856697342191379221e+02
2.861373027359100547e+02
2.889994977010350681e+02
2.821637723503125130e+02
2.833612908583895660e+02
2.851067193676211105e+02
2.829569008489493172e+02
2.858348669817199834e+02
2.830200440987445063e+02
2.842446450175640962e+02
2.842446450175640962e+02
2.867416563370182985e+02
2.842446450175640962e+02
2.849820212120429801e+02
2.825688925050404237e+02
2.833665995725890525e+02
2.848217782944202554e+02
2.862439003163651705e+02
2.861479309217066884e+02
2.848219317758961893e+02
2.848219317758961893e+02
2.839280619414719240e+02
2.851067193676211105e+02
2.833648631538885070e+02
2.842410552084275537e+02
2.840361144825814677e+02
2.846411942703704767e+02
2.843947439413857410e+02
2.867634652061479414e+02
2.846411942703704767e+02
2.862447936764863243e+02
2.853418420019691553e+02
2.846411942703704767e+02
2.862447936764863243e+02
2.853572756862212714e+02
2.862439003163651705e+02
2.853508315056919287e+02
2.853508315056919287e+02
2.829219852072202457e+02
2.840361144825814677e+02
2.825461607540786417e+02
2.861601371640319371e+02
2.839709949825786452e+02
2.862361950909996153e+02
2.850173083249168258e+02
2.843947439413857410e+02
2.833628171524199502e+02
2.853576325126117581e+02
2.858073580877314726e+02
2.879065251987038323e+02
2.867481011812547536e+02
2.833649922389197968e+02
2.842174096661855174e+02
2.822737181035393519e+02
2.851402339361081317e+02
2.847304466247110213e+02
2.867634652061479414e+02
2.867416563370182985e+02
2.833665995725890525e+02
2.822737181035393519e+02
2.822737181035393519e+02
2.822737181035393519e+02
2.850173083249168258e+02
2.842410552084275537e+02
2.867394305014690872e+02
2.842174096661855174e+02
2.833733261992030634e+02
2.841828376068531270e+02
2.822737181035393519e+02
2.833716278503778767e+02
2.817711189357827379e+02
2.829642333224757067e+02
2.817711189357827379e+02
2.841828376068531270e+02
2.809040233360843217e+02
2.850775653220341042e+02
2.813158858804238207e+02
2.851141058815873635e+02
2.842410552084275537e+02
2.867481011812547536e+02
2.879393597744891053e+02
2.861350769003607866e+02
2.848180347694203647e+02
2.850173083249168258e+02
2.861350769003607866e+02
2.861350769003607866e+02
2.889932101244191358e+02
2.867634652061479414e+02
2.871509682994138188e+02
2.833665995725890525e+02
2.833733261992030634e+02
2.842174096661855174e+02
2.850173083249168258e+02
2.850775653220341042e+02
2.850868604880189991e+02
2.851067193676211105e+02
2.851012045660245349e+02
2.867416563370182985e+02
2.858127099653554524e+02
2.871727539486117848e+02
2.867394305014690872e+02
2.861350769003607866e+02
2.841812933568530752e+02
2.861350769003607866e+02
2.861350769003607866e+02
2.861601371640319371e+02
2.833649922389197968e+02
2.822737181035393519e+02
2.817711189357827379e+02
2.819389962880240432e+02
2.819389317169787432e+02
2.834208896309345960e+02
2.850775653220341042e+02
2.825682466043148793e+02
2.841812933568530752e+02
2.842174096661855174e+02
2.835465914138914059e+02
2.829572302257018919e+02
2.842410552084275537e+02
2.867481011812547536e+02
2.867416563370182985e+02
2.842174096661855174e+02
2.822737181035393519e+02
2.818050594717661284e+02
2.851402339361081317e+02
2.827593609869211377e+02
2.867481011812547536e+02
2.850023528172436613e+02
2.867642040089689885e+02
2.847476983602390419e+02
2.867634652061479414e+02
2.862451231035697106e+02
2.822737181035393519e+02
2.801555869888611028e+02
2.801555869888611028e+02
2.801555869888611028e+02
2.810710981048626991e+02
2.809040233360843217e+02
2.819389962880240432e+02
2.817711189357827379e+02
2.842174096661855174e+02
2.817711189357827379e+02
2.841828376068531270e+02
2.841828376068531270e+02
2.833716278503778767e+02
2.850173083249168258e+02
2.850775653220341042e+02
2.861373027359100547e+02
2.822829174562885441e+02
2.856776200875867744e+02
2.834533289610291718e+02
2.841828376068531270e+02
2.833716278503778767e+02
2.867416563370182985e+02
2.812399425682573906e+02
2.861601371640319371e+02
2.861479309217066884e+02
2.851402339361081317e+02
2.851715810175270462e+02
2.867634652061479414e+02
2.847476983602390419e+02
2.863332811916485525e+02
2.867416563370182985e+02
2.851067193676211105e+02
2.842446450175640962e+02
2.879859289198231522e+02
2.889932101244191358e+02
2.889730730376335828e+02
2.901233503705956309e+02
2.879978930603136291e+02
2.862447936764863243e+02
2.879859289198231522e+02
2.862439003163651705e+02
2.862361950909996153e+02
2.864418834818737309e+02
2.871683421362311037e+02
2.862451231035697106e+02
2.871709718697050562e+02
2.890104403737763050e+02
2.889567876950987397e+02
2.871739758113964172e+02
2.871653283915159136e+02
2.862361950909996153e+02
2.843947439413857410e+02
2.833612908583895660e+02
2.833649922389197968e+02
2.843947439413857410e+02
2.847476983602390419e+02
2.853572756862212714e+02
2.862451231035697106e+02
2.864142365257603160e+02
2.867640381634287223e+02
2.867646628505631838e+02
2.847476983602390419e+02
2.851402339361081317e+02
2.834466933495710919e+02
2.848219317758961893e+02
2.850173083249168258e+02
2.833649922389197968e+02
2.861373027359100547e+02
2.851402339361081317e+02
2.890080807156788296e+02
2.867416563370182985e+02
2.867481011812547536e+02
2.871653283915159136e+02
2.867634652061479414e+02
2.851715810175270462e+02
2.822829174562885441e+02
2.817699184754006296e+02
2.817699184754006296e+02
2.833665995725890525e+02
2.817710543647374379e+02
2.848656486329284121e+02
2.833905752395095874e+02
2.853418420019691553e+02
2.867481011812547536e+02
2.843947439413857410e+02
2.851480572282952153e+02
2.841609459762991037e+02
2.867640381634287223e+02
2.847304466247110213e+02
2.862361950909996153e+02
2.862357711544893846e+02
2.865366242157075476e+02
2.900180295243481510e+02
2.867634652061479414e+02
2.838053108127788278e+02
2.833733261992030634e+02
2.822737181035393519e+02
2.814414378252196798e+02
2.817711189357827379e+02
2.823255643170199960e+02
2.829638658371600286e+02
2.842325628188210089e+02
2.850775653220341042e+02
2.851150113429263797e+02
2.846411942703704767e+02
2.867646628505631838e+02
2.862447936764863243e+02
2.853418420019691553e+02
2.839221116140197410e+02
2.851067193676211105e+02
2.842174096661855174e+02
2.842410552084275537e+02
2.842410552084275537e+02
2.862361950909996153e+02
2.865071571411073137e+02
2.867481011812547536e+02
2.853508315056919287e+02
2.879845789751191774e+02
2.867500620546663868e+02
2.853532944793772685e+02
2.853310800740773061e+02
2.862357711544893846e+02
2.862451231035697106e+02
2.862439003163651705e+02
2.843947439413857410e+02
2.851402339361081317e+02
2.849471051980034986e+02
2.853508315056919287e+02
2.847476983602390419e+02
2.847474056194463401e+02
2.841973217785141514e+02
2.853572756862212714e+02
2.849903131873482494e+02
2.851402339361081317e+02
2.842384576708154782e+02
2.851402339361081317e+02
2.851715810175270462e+02
2.840884399370248161e+02
2.833628171524199502e+02
2.841973217785141514e+02
2.862447936764863243e+02
2.862447936764863243e+02
2.877158344416451428e+02
2.867416563370182985e+02
2.879393597744891053e+02
2.861373027359100547e+02
2.861350769003607866e+02
2.851067193676211105e+02
2.861373027359100547e+02
2.851150113429263797e+02
2.861479309217066884e+02
2.862439003163651705e+02
2.867634652061479414e+02
2.872370944895108096e+02
2.879989451177667661e+02
2.890118762923521558e+02
2.890026480946018523e+02
2.853457541567511271e+02
2.853457541567511271e+02
2.870304911960026288e+02
2.867640381634287223e+02
2.871743320728465392e+02
2.901448667029669082e+02
2.850023528172436613e+02
2.825958109772058719e+02
2.822737181035393519e+02
2.861409723286099052e+02
2.843947439413857410e+02
2.847476983602390419e+02
2.851395515529353020e+02
2.863358118865222650e+02
2.853572756862212714e+02
2.847474056194463401e+02
2.841929844489723109e+02
2.841937402653407503e+02
2.840884399370248161e+02
2.851715810175270462e+02
2.833612908583895660e+02
2.842410552084275537e+02
2.837439220424222981e+02
2.862361950909996153e+02
2.852516100397405125e+02
2.862357711544893846e+02
2.853457541567511271e+02
2.869635369259831918e+02
2.868205868072998328e+02
2.863968965276378071e+02
2.867646628505631838e+02
2.844216166695056245e+02
2.853733010591212746e+02
2.857281124322209962e+02
2.858363120313790091e+02
2.874846622404489267e+02
2.868205868072998328e+02
2.883616791652513029e+02
2.854447229306886697e+02
2.883616791652513029e+02
2.868818336375616127e+02
2.870275585242637817e+02
2.879875057878375628e+02
2.871709718697050562e+02
2.871653283915159136e+02
2.867572597157224550e+02
2.871732533899756277e+02
2.871739758113964172e+02
2.867416563370182985e+02
2.867572597157224550e+02
2.879904373761642091e+02
2.889730730376335828e+02
2.890104403737763050e+02
2.898320992790204969e+02
2.879065251987038323e+02
2.901448667029669082e+02
2.890026480946018523e+02
2.900862322640208504e+02
2.888950938707309888e+02
2.889634814400830578e+02
2.871683421362311037e+02
2.865138579651799660e+02
2.867664920582453760e+02
2.871683196364710398e+02
2.867634652061479414e+02
2.867634652061479414e+02
2.867634652061479414e+02
2.853572756862212714e+02
2.858031808051601388e+02
2.862447936764863243e+02
2.890769994579135869e+02
2.858280131867936689e+02
2.889634814400830578e+02
2.867134314226614151e+02
2.881932638347160491e+02
2.890723016074928182e+02
2.900390384175640293e+02
2.875645016625225026e+02
2.878673122602217518e+02
2.879845789751191774e+02
2.871743320728465392e+02
2.881663164524081822e+02
2.879065251987038323e+02
2.865777520713712647e+02
2.879065251987038323e+02
2.879845789751191774e+02
2.897604139416887961e+02
2.911860012392772319e+02
2.867646628505631838e+02
2.862451231035697106e+02
2.867602865678198896e+02
2.870341986357145743e+02
2.879393597744891053e+02
2.871683421362311037e+02
2.879904373761642091e+02
2.880210525626116578e+02
2.890064712157861209e+02
2.890886270818104435e+02
2.890188498071032086e+02
2.890118762923521558e+02
2.878673122602217518e+02
2.895282949926482843e+02
2.862073189398586237e+02
2.855001989411158547e+02
2.856730628850858125e+02
2.889898342929611204e+02
2.902236048591587405e+02
2.901456318288748548e+02
2.906023245269708468e+02
2.889634814400830578e+02
2.890763551371427980e+02
2.899122308792212266e+02
2.912693796616111399e+02
2.891609531706931193e+02
2.911652624131052676e+02
2.891336343740652524e+02
2.905011436655114494e+02
2.900953891637260540e+02
2.911605200007168719e+02
2.911605200007168719e+02
2.869635369259831918e+02
2.894943141461010896e+02
2.892219860047602538e+02
2.889567876950987397e+02
2.912882960026279306e+02
2.912809605830656778e+02
2.901448667029669082e+02
2.871764055084101415e+02
2.879845789751191774e+02
2.879313594459716228e+02
2.895311948278113050e+02
2.900941584626840495e+02
2.888354431870104122e+02
2.890118762923521558e+02
2.889994977010350681e+02
2.890118762923521558e+02
2.906481193973113477e+02
2.859198638795040210e+02
2.862447936764863243e+02
2.880160740603274689e+02
2.888033035771024970e+02
2.889567876950987397e+02
2.864030868739450284e+02
2.879914894336174029e+02
2.867634652061479414e+02
2.901973786267738546e+02
2.901456318288748548e+02
2.901456318288748548e+02
2.889932101244191358e+02
2.891336343740652524e+02
2.867642040089689885e+02
2.865071571411073137e+02
2.871739758113964172e+02
2.871683196364710398e+02
2.892219860047602538e+02
2.890188498071032086e+02
2.891852940096510451e+02
2.905624123527893516e+02
2.901050525605768371e+02
2.891852940096510451e+02
2.901973786267738546e+02
2.862451231035697106e+02
2.851715810175270462e+02
2.877170035584997549e+02
2.871709718697050562e+02
2.852304118842953358e+02
2.867634652061479414e+02
2.888249986506153846e+02
2.889567876950987397e+02
2.867500620546663868e+02
2.867634652061479414e+02
2.871683196364710398e+02
2.879904373761642091e+02
2.871683421362311037e+02
2.891609531706931193e+02
2.879904373761642091e+02
2.877103029893256689e+02
2.901456318288748548e+02
2.871739758113964172e+02
2.879859289198231522e+02
2.871692771218952203e+02
2.871727539486117848e+02
2.851012045660245349e+02
2.867416563370182985e+02
2.867416563370182985e+02
2.871739758113964172e+02
2.879393597744891053e+02
2.891730220649834564e+02
2.871709718697050562e+02
2.877102298288346560e+02
2.905624123527893516e+02
2.877154062390150671e+02
2.867572597157224550e+02
2.871692771218952203e+02
2.877114576928728411e+02
2.879065251987038323e+02
2.876425228737706448e+02
2.862451231035697106e+02
2.861601371640319371e+02
2.847304466247110213e+02
2.844613349063352530e+02
2.861479309217066884e+02
2.861479309217066884e+02
2.871521901621984512e+02
2.867481011812547536e+02
2.871683421362311037e+02
2.892023687336076705e+02
2.871749107970606474e+02
2.871653283915159136e+02
2.906044681019690188e+02
2.867634652061479414e+02
2.853418420019691553e+02
2.871465339872730169e+02
2.848372222325817802e+02
2.822829174562885441e+02
2.837439220424222981e+02
2.846946297774942423e+02
2.862251939985384865e+02
2.862251939985384865e+02
2.847476983602390419e+02
2.833612908583895660e+02
2.822737181035393519e+02
2.822737181035393519e+02
2.829592050446868257e+02
2.823255643170199960e+02
2.862439003163651705e+02
2.871719068553692296e+02
2.847474056194463401e+02
2.847476983602390419e+02
2.829295739754887791e+02
2.836238325069209623e+02
2.841937402653407503e+02
2.835478559950797717e+02
2.833665995725890525e+02
2.833716278503778767e+02
2.820625853797623108e+02
2.833649922389197968e+02
2.851223978568925190e+02
2.837439220424222981e+02
2.843947439413857410e+02
2.840002807743139215e+02
2.846411942703704767e+02
2.843947439413857410e+02
2.841835739088463697e+02
2.847476983602390419e+02
2.859198638795040210e+02
2.818050594717661284e+02
2.801540181978444934e+02
2.817839213562867826e+02
2.841973217785141514e+02
2.851715810175270462e+02
2.843947439413857410e+02
2.850173083249168258e+02
2.834483006832403476e+02
2.833649922389197968e+02
2.842446450175640962e+02
2.840361144825814677e+02
2.853493823245954104e+02
2.862447936764863243e+02
2.859198638795040210e+02
2.842088545073026467e+02
2.822737181035393519e+02
2.810710981048626991e+02
2.832058881295354240e+02
2.834208896309345960e+02
2.833649922389197968e+02
2.842446450175640962e+02
2.889932101244191358e+02
2.809040233360843217e+02
2.825329329769903666e+02
2.840361144825814677e+02
2.833665995725890525e+02
2.843947439413857410e+02
2.834125556706512157e+02
2.851012045660245349e+02
2.840459599378965549e+02
2.841937402653407503e+02
2.867664920582453760e+02
2.871683196364710398e+02
2.909845984126675376e+02
2.862484632691861748e+02
2.851067193676211105e+02
2.861516005144065389e+02
2.871702494482842667e+02
2.841937402653407503e+02
2.841937402653407503e+02
2.825672851713711680e+02
2.839709949825786452e+02
2.871749107970606474e+02
2.851715810175270462e+02
2.852352026474064246e+02
2.905928871805145377e+02
2.879924631157930435e+02
2.870337736547298277e+02
2.867634652061479414e+02
2.871732533899756277e+02
2.851067193676211105e+02
2.850775653220341042e+02
2.891999260499635511e+02
2.864053085131902208e+02
2.851715810175270462e+02
2.853418420019691553e+02
2.822458610832949830e+02
2.857505077499558297e+02
2.861350769003607866e+02
2.856826675093245171e+02
2.872422809158573500e+02
2.862361950909996153e+02
2.848656486329284121e+02
2.871683421362311037e+02
2.880180997999563033e+02
2.889559870734142919e+02
2.879393597744891053e+02
2.892219860047602538e+02
2.889634814400830578e+02
2.901448667029669082e+02
2.891336343740652524e+02
2.891852940096510451e+02
2.891852940096510451e+02
2.898320992790204969e+02
2.846411942703704767e+02
2.870341986357145743e+02
2.877133502405822583e+02
2.869635369259831918e+02
2.879065251987038323e+02
2.878673122602217518e+02
2.888681238341913513e+02
2.867672308610664231e+02
2.888354431870104122e+02
2.879065251987038323e+02
2.878673122602217518e+02
2.894359297588823665e+02
2.871739758113964172e+02
2.862361950909996153e+02
2.862357711544893846e+02
2.877107311919558015e+02
2.892139963575045840e+02
2.871675972150502503e+02
2.889559870734142919e+02
2.901448667029669082e+02
2.862447936764863243e+02
2.871653283915159136e+02
2.891615974914638514e+02
2.912819388291549672e+02
2.907562426865829934e+02
2.871764055084101415e+02
2.888752259265543785e+02
2.871764055084101415e+02
2.871683421362311037e+02
2.879592239194370222e+02
2.897928459074987586e+02
2.888033035771024970e+02
2.906023245269708468e+02
2.844661347748006506e+02
2.891736663857541885e+02
2.905928871805145377e+02
2.881861444160933274e+02
2.906044681019690188e+02
2.912809605830656778e+02
2.871743320728465392e+02
2.881989236844288484e+02
2.905928871805145377e+02
2.901050525605768371e+02
2.912394294817871696e+02
2.891732251153607649e+02
2.901233503705956309e+02
2.902221910243154639e+02
2.901448667029669082e+02
2.902236048591587405e+02
2.911652624131052676e+02
2.897819096488616992e+02
2.890064712157861209e+02
2.888459021969430296e+02
2.888354431870104122e+02
2.890886270818104435e+02
2.890118762923521558e+02
2.897576574556858873e+02
2.901542346481724621e+02
2.912809605830656778e+02
2.900862322640208504e+02
2.910434298288733430e+02
2.906023245269708468e+02
2.898407338888517870e+02
2.901233503705956309e+02
2.891852940096510451e+02
2.899122308792212266e+02
2.891852940096510451e+02
2.879428999661313924e+02
2.889897922577065401e+02
2.890197278470317315e+02
2.891609531706931193e+02
2.867646628505631838e+02
2.901381502570187649e+02
2.902221910243154639e+02
2.911656623261105779e+02
2.890886270818104435e+02
2.905928871805145377e+02
2.870337736547298277e+02
2.888950938707309888e+02
2.868818336375616127e+02
2.878481295051454936e+02
2.871534533367168365e+02
2.868205868072998328e+02
2.871764055084101415e+02
2.879924631157930435e+02
2.889322293254104466e+02
2.901381502570187649e+02
2.901381502570187649e+02
2.891336343740652524e+02
2.896582708057158015e+02
2.895911830179387607e+02
2.898109815569666239e+02
2.905928871805145377e+02
2.888950938707309888e+02
2.888950938707309888e+02
2.888354431870104122e+02
2.889988533802642792e+02
2.889979508293094455e+02
2.867640381634287223e+02
2.905624123527893516e+02
2.871675972150502503e+02
2.892219860047602538e+02
2.879935151732462941e+02
2.898022288074660651e+02
2.906044681019690188e+02
2.901542346481724621e+02
2.911652624131052676e+02
2.901973786267738546e+02
2.871520893718059142e+02
2.896609440162208671e+02
2.888950938707309888e+02
2.896316625587871840e+02
2.900953891637260540e+02
2.901456318288748548e+02
2.901448667029669082e+02
2.888950938707309888e+02
2.865154160209294218e+02
2.879428999661313924e+02
2.880135968784621809e+02
2.877170035584997549e+02
2.891336343740652524e+02
2.891609531706931193e+02
2.901381502570187649e+02
2.901233503705956309e+02
2.892139963575045840e+02
2.879859289198231522e+02
2.879869809772762892e+02
2.881512926277180782e+02
2.892139963575045840e+02
2.889932101244191358e+02
2.905624123527893516e+02
2.901050525605768371e+02
2.889897922577065401e+02
2.871683196364710398e+02
2.905928871805145377e+02
2.889322293254104466e+02
2.879845789751191774e+02
2.912788170080675059e+02
2.911012645094500613e+02
2.889730730376335828e+02
2.889932101244191358e+02
2.872460176092662323e+02
2.867572597157224550e+02
2.871739758113964172e+02
2.867664920582453760e+02
2.879859289198231522e+02
2.879393597744891053e+02
2.879428999661313924e+02
2.872447957464815431e+02
2.879404118319422423e+02
2.867455497944043259e+02
2.849471051980034986e+02
2.867634652061479414e+02
2.895363858627385412e+02
2.890064712157861209e+02
2.901448667029669082e+02
2.879845789751191774e+02
2.890886270818104435e+02
2.879875057878375628e+02
2.890188498071032086e+02
2.891736663857541885e+02
2.899122308792212266e+02
2.892017244128369384e+02
2.905197812328640907e+02
2.891925422812369675e+02
2.879393597744891053e+02
2.881939696239035129e+02
2.871739758113964172e+02
2.905197812328640907e+02
2.901050525605768371e+02
2.879439520235845293e+02
2.911860012392772319e+02
2.879393597744891053e+02
2.871739758113964172e+02
2.896831690767314171e+02
2.891931866020076995e+02
2.901124568782273627e+02
2.871749107970606474e+02
2.880094132223870247e+02
2.862447936764863243e+02
2.871683421362311037e+02
2.862389836537528822e+02
2.867634652061479414e+02
2.853562538758991991e+02
2.867646628505631838e+02
2.867676897026606184e+02
2.835430842912336402e+02
2.847474056194463401e+02
2.867416563370182985e+02
2.849820212120429801e+02
2.861373027359100547e+02
2.835430842912336402e+02
2.853508315056919287e+02
2.853572756862212714e+02
2.871743320728465392e+02
2.859198638795040210e+02
2.851150113429263797e+02
2.851150113429263797e+02
2.835430842912336402e+02
2.861552205014196488e+02
2.853583718283180701e+02
2.867634652061479414e+02
2.858070286606480295e+02
2.865154160209294218e+02
2.863358118865222650e+02
2.870341986357145743e+02
2.864522232502338852e+02
2.861430142590944001e+02
2.870324638797006287e+02
2.867416563370182985e+02
2.871739758113964172e+02
2.861552205014196488e+02
2.879393597744891053e+02
2.867416563370182985e+02
2.867416563370182985e+02
2.867416563370182985e+02
2.861601371640319371e+02
2.877158344416451428e+02
2.870341986357145743e+02
2.871739758113964172e+02
2.853508315056919287e+02
2.863332811916485525e+02
2.871727539486117848e+02
2.863104467635267270e+02
2.870290537368808828e+02
2.861373027359100547e+02
2.867416563370182985e+02
2.861373027359100547e+02
2.862283209459460522e+02
2.861301602377484414e+02
2.872447957464815431e+02
2.849528671664560306e+02
2.864326323720132450e+02
2.848656486329284121e+02
2.851246653306539542e+02
2.850642213471973037e+02
2.862475699090650778e+02
2.851328446866785384e+02
2.851385778448532164e+02
2.871675972150502503e+02
2.871653283915159136e+02
2.862398646836995226e+02
2.834124265856199258e+02
2.861601371640319371e+02
2.862439003163651705e+02
2.839255262575697429e+02
2.839221116140197410e+02
2.822458610832949830e+02
2.842410552084275537e+02
2.829561950614184411e+02
2.850775653220341042e+02
2.856751661184511022e+02
2.850775653220341042e+02
2.871521901621984512e+02
2.861601371640319371e+02
2.861373027359100547e+02
2.847304466247110213e+02
2.818050594717661284e+02
2.830243132563118138e+02
2.810683934245093383e+02
2.833733261992030634e+02
2.840361144825814677e+02
2.837439220424222981e+02
2.851715810175270462e+02
2.846411942703704767e+02
2.861601371640319371e+02
2.826120679345552844e+02
2.841531660134653521e+02
2.862439003163651705e+02
2.848656486329284121e+02
2.858127099653554524e+02
2.851012045660245349e+02
2.849528671664560306e+02
2.845019667152086527e+02
2.864326323720132450e+02
2.841676219426310581e+02
2.861323860732977096e+02
2.843947439413857410e+02
2.890418094874374333e+02
2.862251939985384865e+02
2.825672851713711680e+02
2.802150610640954369e+02
2.871727539486117848e+02
2.813790129479805842e+02
2.843947439413857410e+02
2.859118190447839538e+02
2.879404118319422423e+02
2.871662633771800870e+02
2.858070286606480295e+02
2.847474056194463401e+02
2.862288635912383938e+02
2.871653283915159136e+02
2.833649922389197968e+02
2.810710981048626991e+02
2.829592050446868257e+02
2.829572302257018919e+02
2.851223978568925190e+02
2.870341986357145743e+02
2.841812933568530752e+02
2.822458610832949830e+02
2.825682466043148793e+02
2.850173083249168258e+02
2.833716278503778767e+02
2.863082209279774588e+02
2.848217782944202554e+02
2.855890518275866725e+02
2.846022551248252057e+02
2.833733261992030634e+02
2.850173083249168258e+02
2.846022551248252057e+02
2.862260951103967841e+02
2.833716278503778767e+02
2.849061443835042269e+02
2.819389962880240432e+02
2.848180347694203647e+02
2.834191912821093524e+02
2.861350769003607866e+02
2.867394305014690872e+02
2.857527070249557823e+02
2.834533289610291718e+02
2.848217782944202554e+02
2.834191912821093524e+02
2.867394305014690872e+02
2.847151025006890563e+02
2.845985115998251445e+02
2.871736889342760151e+02
2.848217782944202554e+02
2.829638658371600286e+02
2.842174096661855174e+02
2.829642333224757067e+02
2.861387464930606939e+02
2.861350769003607866e+02
2.845019667152086527e+02
2.845057102402086571e+02
2.870290537368808828e+02
2.847982925319057586e+02
2.849765064104464045e+02
2.848274465774927648e+02
2.851402339361081317e+02
2.851223978568925190e+02
2.851480572282952153e+02
2.867416563370182985e+02
2.862451231035697106e+02
2.862398770138739224e+02
2.881395536280210763e+02
2.843088216369392853e+02
2.877158344416451428e+02
2.861638067567317876e+02
2.879428999661313924e+02
2.867416563370182985e+02
2.877158344416451428e+02
2.896783978960518198e+02
2.871727539486117848e+02
2.889559870734142919e+02
2.871732533899756277e+02
2.871521901621984512e+02
2.871683196364710398e+02
2.870318490435931835e+02
2.889932101244191358e+02
2.867416563370182985e+02
2.842446450175640962e+02
2.834465642645398020e+02
2.870324638797006287e+02
2.841771470199414580e+02
2.847304466247110213e+02
2.865147513253009492e+02
2.853562538758991991e+02
2.845115902385005029e+02
2.857155426340180497e+02
2.851067193676211105e+02
2.851150113429263797e+02
2.865147513253009492e+02
2.871465339872730169e+02
2.862357711544893846e+02
2.871764055084101415e+02
2.847474056194463401e+02
2.829685844069856557e+02
2.839221116140197410e+02
2.822737181035393519e+02
2.820625853797623108e+02
2.829642333224757067e+02
2.842384576708154782e+02
2.850292235909017791e+02
2.846582892382284626e+02
2.848274465774927648e+02
2.849820212120429801e+02
2.858098395067692650e+02
2.849234780476164701e+02
2.871653283915159136e+02
2.871709718697050562e+02
2.870367857588128118e+02
2.871773404940743148e+02
2.871764055084101415e+02
2.833612908583895660e+02
2.848219317758961893e+02
2.851012045660245349e+02
2.881777772261249879e+02
2.862308544918770963e+02
2.853457541567511271e+02
2.871543883223810099e+02
2.871520893718059142e+02
2.858070286606480295e+02
2.862447936764863243e+02
2.862439003163651705e+02
2.850023528172436613e+02
2.850175949032924336e+02
2.848656486329284121e+02
2.850175949032924336e+02
2.829685844069856557e+02
2.847304466247110213e+02
2.852352026474064246e+02
2.867634652061479414e+02
2.871739758113964172e+02
2.879428999661313924e+02
2.871727539486117848e+02
2.861323860732977096e+02
2.861638067567317876e+02
2.871720315271909953e+02
2.867572597157224550e+02
2.861479309217066884e+02
2.862361950909996153e+02
2.857050174310475654e+02
2.853418420019691553e+02
2.872370944895108096e+02
2.867642040089689885e+02
2.871709718697050562e+02
2.879845789751191774e+02
2.857876018339634356e+02
2.863968965276378071e+02
2.862361950909996153e+02
2.851301501980705098e+02
2.858280131867936689e+02
2.865147513253009492e+02
2.862439003163651705e+02
2.862283209459460522e+02
2.850775653220341042e+02
2.867394305014690872e+02
2.858098395067692650e+02
2.851715810175270462e+02
2.862361950909996153e+02
2.862439003163651705e+02
2.871683196364710398e+02
2.901233503705956309e+02
2.888354431870104122e+02
2.877133502405822583e+02
2.877112954991171705e+02
2.867646628505631838e+02
2.865086644893964376e+02
2.899122308792212266e+02
2.853562538758991991e+02
2.843111294135089793e+02
2.841929844489723109e+02
2.834785866394330469e+02
2.847476983602390419e+02
2.863349185264012249e+02
2.871465564870330240e+02
2.877158344416451428e+02
2.880071857966698872e+02
2.888218804639663517e+02
2.888950938707309888e+02
2.859198638795040210e+02
2.862357711544893846e+02
2.864030868739450284e+02
2.868217035547585851e+02
2.867664920582453760e+02
2.871692771218952203e+02
2.853418420019691553e+02
2.871732533899756277e+02
2.889730730376335828e+02
2.872403839341008052e+02
2.879924631157930435e+02
2.899060565961398197e+02
2.900862322640208504e+02
2.878898183956051753e+02
2.901542346481724621e+02
2.903050792163403457e+02
2.891732251153607649e+02
2.889932101244191358e+02
2.879978930603136291e+02
2.880156226180910721e+02
2.911327354616846605e+02
2.903050792163403457e+02
2.871709718697050562e+02
2.890118762923521558e+02
2.877994018626679917e+02
2.865220635991967129e+02
2.874714522585690020e+02
2.874718140457087543e+02
2.855399544327036665e+02
2.856827591970000526e+02
2.867634652061479414e+02
2.867481011812547536e+02
2.879859289198231522e+02
2.867634652061479414e+02
2.890188498071032086e+02
2.890188498071032086e+02
2.888354431870104122e+02
2.912917102457248006e+02
2.872422809158573500e+02
2.891336343740652524e+02
2.890197278470317315e+02
2.871653283915159136e+02
2.879859289198231522e+02
2.891732251153607649e+02
2.901542346481724621e+02
2.889994977010350681e+02
2.867500620546663868e+02
2.858280131867936689e+02
2.877994018626679917e+02
2.889891899721903883e+02
2.867500620546663868e+02
2.855429826399898730e+02
2.859592824945696066e+02
2.870502079762999301e+02
2.883616791652513029e+02
2.888595957419424849e+02
2.912510104032415938e+02
2.888033035771024970e+02
2.906044681019690188e+02
2.871509682994138188e+02
2.861479309217066884e+02
2.871739758113964172e+02
2.867634652061479414e+02
2.867664920582453760e+02
2.891732251153607649e+02
2.879924631157930435e+02
2.890886270818104435e+02
2.888249986506153846e+02
2.877994018626679917e+02
2.896607303267063003e+02
2.885027264802813534e+02
2.894359297588823665e+02
2.895628773678151333e+02
2.898320992790204969e+02
2.891732251153607649e+02
2.911597634904424012e+02
2.901542346481724621e+02
2.912510104032415938e+02
2.912693796616111399e+02
2.901707723169164979e+02
2.891925422812369675e+02
2.896783978960518198e+02
2.892048142259046131e+02
2.871683196364710398e+02
2.867646628505631838e+02
2.865213102758157220e+02
2.869129132686501293e+02
2.874951686312014090e+02
2.863717088010770340e+02
2.864075918199250168e+02
2.867530889067637645e+02
2.867670650155261569e+02
2.871675972150502503e+02
2.867634652061479414e+02
2.862389836537528822e+02
2.862484632691861748e+02
2.879914894336174029e+02
2.889897922577065401e+02
2.892139963575045840e+02
2.906044681019690188e+02
2.889634814400830578e+02
2.881861444160933274e+02
2.889312174873745676e+02
2.889312174873745676e+02
2.888950938707309888e+02
2.902221910243154639e+02
2.889994977010350681e+02
2.912788170080675059e+02
2.912861524276297587e+02
2.910593136421587701e+02
2.905015756798950406e+02
2.888459021969430296e+02
2.898223202178742781e+02
2.895363858627385412e+02
2.890886270818104435e+02
2.897604139416887961e+02
2.890763551371427980e+02
2.894442775357732103e+02
2.909806469962262554e+02
2.911652624131052676e+02
2.895311948278113050e+02
2.862487926962695610e+02
2.853457541567511271e+02
2.862402064409573654e+02
2.871683196364710398e+02
2.871692771218952203e+02
2.889634814400830578e+02
2.881989236844288484e+02
2.901448667029669082e+02
2.890118762923521558e+02
2.890188498071032086e+02
2.889312174873745676e+02
2.871743320728465392e+02
2.877103029893256689e+02
2.901973786267738546e+02
2.891213624293976636e+02
2.905928871805145377e+02
2.889897922577065401e+02
2.901381502570187649e+02
2.892017244128369384e+02
2.830774530063249017e+02
2.881861444160933274e+02
2.891336343740652524e+02
2.867634652061479414e+02
2.871675972150502503e+02
2.872403839341008052e+02
2.871739758113964172e+02
2.867572597157224550e+02
2.871521901621984512e+02
2.867602865678198896e+02
2.871683421362311037e+02
2.871487291686644312e+02
2.879845789751191774e+02
2.888033035771024970e+02
2.887588610923608030e+02
2.884834664937976640e+02
2.880098628532402358e+02
2.879914894336174029e+02
2.871749107970606474e+02
2.898442911133266193e+02
2.889730730376335828e+02
2.879428999661313924e+02
2.889932101244191358e+02
2.880096629785350615e+02
2.891732251153607649e+02
2.901941631303366194e+02
2.906044681019690188e+02
2.891213624293976636e+02
2.892023687336076705e+02
2.889730730376335828e+02
2.871749107970606474e+02
2.889897922577065401e+02
2.871739758113964172e+02
2.912693796616111399e+02
2.901381502570187649e+02
2.901456318288748548e+02
2.891852940096510451e+02
2.912693796616111399e+02
2.901050525605768371e+02
2.912394294817871696e+02
2.898407338888517870e+02
2.898442911133266193e+02
2.881512926277180782e+02
2.892219860047602538e+02
2.891615974914638514e+02
2.892139963575045840e+02
2.912693796616111399e+02
2.901381502570187649e+02
2.890886270818104435e+02
2.890886270818104435e+02
2.877102298288346560e+02
2.879875057878375628e+02
2.897928459074987586e+02
2.905015756798950406e+02
2.908644887282436571e+02
2.912788170080675059e+02
2.898320992790204969e+02
2.898951645051711807e+02
2.907562426865829934e+02
2.878949155008338607e+02
2.877112954991171705e+02
2.870324638797006287e+02
2.877158344416451428e+02
2.877154062390150671e+02
2.877170035584997549e+02
2.890118762923521558e+02
2.868818336375616127e+02
2.890118762923521558e+02
2.890769994579135869e+02
2.889312174873745676e+02
2.879978930603136291e+02
2.877129220379521826e+02
2.871739758113964172e+02
2.890418094874374333e+02
2.901307546882460997e+02
2.891336343740652524e+02
2.896316625587871840e+02
2.889897922577065401e+02
2.889559870734142919e+02
2.889932101244191358e+02
2.898022288074660651e+02
2.890418094874374333e+02
2.862447936764863243e+02
2.871683196364710398e+02
2.872403614343407412e+02
2.871653283915159136e+02
2.880180997999563033e+02
2.892139963575045840e+02
2.879393597744891053e+02
2.877158344416451428e+02
2.872460176092662323e+02
2.872403839341008052e+02
2.879914894336174029e+02
2.877154062390150671e+02
2.879904373761642091e+02
2.892139963575045840e+02
2.879393597744891053e+02
2.889559870734142919e+02
2.871646059700951241e+02
2.880135968784621809e+02
2.880210525626116578e+02
2.879904373761642091e+02
2.879393597744891053e+02
2.871683421362311037e+02
2.891220067501683957e+02
2.889897922577065401e+02
2.867572597157224550e+02
2.877102298288346560e+02
2.867634652061479414e+02
2.867416563370182985e+02
2.877158344416451428e+02
2.867481011812547536e+02
2.872403614343407412e+02
2.877158344416451428e+02
2.862283209459460522e+02
2.871727539486117848e+02
2.861409723286099052e+02
2.879393597744891053e+02
2.890418858999709641e+02
2.872370944895108096e+02
2.871683196364710398e+02
2.871683421362311037e+02
2.872422809158573500e+02
2.864139070986768729e+02
2.889312174873745676e+02
2.847304466247110213e+02
2.833665995725890525e+02
2.829638658371600286e+02
2.817699184754006296e+02
2.810710981048626991e+02
2.820999450526319947e+02
2.846411942703704767e+02
2.849504237982555424e+02
2.847096659414560804e+02
2.871727539486117848e+02
2.871720315271909953e+02
2.879439520235845293e+02
2.867602865678198896e+02
2.864130137385558328e+02
2.872447957464815431e+02
2.852441921511291980e+02
2.858348669817199834e+02
2.858098395067692650e+02
2.861350769003607866e+02
2.850775653220341042e+02
2.825958109772058719e+02
2.867416563370182985e+02
2.862260951103967841e+02
2.851012045660245349e+02
2.834191912821093524e+02
2.822737181035393519e+02
2.867394305014690872e+02
2.846582892382284626e+02
2.862260951103967841e+02
2.845985115998251445e+02
2.846527052612704551e+02
2.839032072281615342e+02
2.858044076074560849e+02
2.837439220424222981e+02
2.843080658205708460e+02
2.862389491317425723e+02
2.822737181035393519e+02
2.850775653220341042e+02
2.851104997320094299e+02
2.840608711783816602e+02
2.840459599378965549e+02
2.833612908583895660e+02
2.835478559950797717e+02
2.851480572282952153e+02
2.810710981048626991e+02
2.818050594717661284e+02
2.821903130018022807e+02
2.851715810175270462e+02
2.862447936764863243e+02
2.862361950909996153e+02
2.877158344416451428e+02
2.842384576708154782e+02
2.846411942703704767e+02
2.851715810175270462e+02
2.862451231035697106e+02
2.864304065364639769e+02
2.856751661184511022e+02
2.842325628188210089e+02
2.850868604880189991e+02
2.842325628188210089e+02
2.867394305014690872e+02
2.871736889342760151e+02
2.870290537368808828e+02
2.858264468943826273e+02
2.851067193676211105e+02
2.849765064104464045e+02
2.848372222325817802e+02
2.871683421362311037e+02
2.877170035584997549e+02
2.867572597157224550e+02
