2.885302272026881951e+02
2.893034692079310162e+02
2.883568341460002102e+02
2.873052212554940752e+02
2.875213543267030900e+02
2.893524482564498612e+02
2.902824813114041831e+02
2.879683449549959846e+02
2.879683449549959846e+02
2.875859200409934715e+02
2.873052212554940752e+02
2.872866423424595723e+02
2.885302272026881951e+02
2.905538804651083638e+02
2.887124701681235024e+02
2.881847079976420787e+02
2.903326600693678756e+02
2.884251421044306767e+02
2.889495060836700873e+02
2.887082131517834114e+02
2.889495060836700873e+02
2.893804275463642739e+02
2.892438718508891498e+02
2.873734429020015000e+02
2.878832183543693191e+02
2.887124701681235024e+02
2.871300978615242343e+02
2.894024616559945002e+02
2.876145566800137772e+02
2.901735053488059179e+02
2.878098587693862669e+02
2.917235469422736855e+02
2.909997906405780554e+02
2.896516071246767865e+02
2.913691695575819267e+02
2.903326600693678756e+02
2.872128089338356176e+02
2.893042986249596993e+02
2.893042986249596993e+02
2.893042986249596993e+02
2.899068986260901966e+02
2.893845641943038345e+02
2.902824813114041831e+02
2.905538804651083638e+02
2.907850519303842702e+02
2.902044669898397729e+02
2.902044669898397729e+02
2.883568341460002102e+02
2.892778809530896638e+02
2.893524482564498612e+02
2.902515027145987005e+02
2.918426907664943428e+02
2.872489228779615473e+02
2.913199124448101429e+02
2.907117347455614436e+02
2.893034692079310162e+02
2.900218002541350302e+02
2.913475961441399136e+02
2.911150779513303064e+02
2.899068986260901966e+02
2.892017636019723454e+02
2.907009148281962325e+02
2.889495060836700873e+02
2.893034692079310162e+02
2.893393441001945234e+02
2.873072955045704475e+02
2.903456932267500292e+02
2.887082131517834114e+02
2.880546347273083825e+02
2.878641198461554040e+02
2.882645828732851214e+02
2.878832183543693191e+02
2.872866423424595723e+02
2.889495060836700873e+02
2.887082131517834114e+02
2.876145566800137772e+02
2.903326600693678756e+02
2.907009148281962325e+02
2.905910025742693392e+02
2.896521874482638736e+02
2.871242991590161182e+02
2.905910025742693392e+02
2.896521874482638736e+02
2.893042986249596993e+02
2.902044669898397729e+02
2.893042986249596993e+02
2.909997906405780554e+02
2.899068986260901966e+02
2.909743346809286777e+02
2.895749266018901835e+02
2.878641198461554040e+02
2.896521874482638736e+02
2.902824813114041831e+02
2.918751860943384031e+02
2.893034692079310162e+02
2.887124701681235024e+02
2.878521291989068231e+02
2.889495060836700873e+02
2.889285062923502778e+02
2.893034692079310162e+02
2.878832183543693191e+02
2.877920953795194805e+02
2.902515027145987005e+02
2.879028401679636318e+02
2.883953643487668046e+02
2.883507440872240295e+02
2.893034692079310162e+02
2.879028401679636318e+02
2.885248419945332330e+02
2.885248419945332330e+02
2.885521954144747383e+02
2.885248419945332330e+02
2.900597555824876395e+02
2.888180613214179857e+02
2.879028401679636318e+02
2.904248613650952393e+02
2.893034692079310162e+02
2.908970846448563634e+02
2.885248419945332330e+02
2.874882006286806018e+02
2.886710846557803620e+02
2.871300978615242343e+02
2.880546347273083825e+02
2.869189979130379129e+02
2.870193040797270214e+02
2.878494280259801030e+02
2.878772938045543128e+02
2.887082131517834114e+02
2.875261378212326804e+02
2.884944858193590562e+02
2.870193040797270214e+02
2.883858141419092931e+02
2.883032183810016136e+02
2.899068986260901966e+02
2.887082131517834114e+02
2.899876931322605742e+02
2.903217045723116030e+02
2.912884945494512863e+02
2.892017636019723454e+02
2.883032183810016136e+02
2.874034092682887263e+02
2.878521291989068231e+02
2.881792211356469693e+02
2.899068986260901966e+02
2.887082131517834114e+02
2.887082131517834114e+02
2.883032183810016136e+02
2.905538804651083638e+02
2.892762630585284001e+02
2.913027733906388903e+02
2.901776727767961575e+02
2.919403391062009518e+02
2.903326600693678756e+02
2.894024616559945002e+02
2.883928097647182085e+02
2.878706291286324586e+02
2.873745596045954471e+02
2.895749266018901835e+02
2.875119889480887423e+02
2.870846320554034605e+02
2.865604455276677527e+02
2.873511642060418012e+02
2.877989602249202221e+02
2.877571765022828458e+02
2.878494280259801030e+02
2.875270738828036770e+02
2.878494280259801030e+02
2.878494280259801030e+02
2.858959853667433890e+02
2.856142305149672893e+02
2.860683526870666924e+02
2.866174207217085836e+02
2.878494280259801030e+02
2.863801696411194371e+02
2.889495060836700873e+02
2.899876931322605742e+02
2.885248419945332330e+02
2.875436641701697909e+02
2.880614592125274385e+02
2.855909805789989946e+02
2.840741085028652151e+02
2.858959853667433890e+02
2.849457553808254033e+02
2.858951410174506691e+02
2.865494188047471198e+02
2.878494280259801030e+02
2.873580046445411540e+02
2.873580046445411540e+02
2.874428165789825584e+02
2.869912355298128546e+02
2.856142305149672893e+02
2.868301985725416330e+02
2.830838173674387690e+02
2.858959853667433890e+02
2.850482745286917634e+02
2.868600621172205365e+02
2.853920693316930510e+02
2.865470598466895922e+02
2.849457553808254033e+02
2.868600621172205365e+02
2.858914531645756938e+02
2.865470598466895922e+02
2.873188962097399326e+02
2.876663070479813769e+02
2.872499321977011846e+02
2.870647654276648382e+02
2.873188962097399326e+02
2.863905753751213865e+02
2.874221927127667868e+02
2.878494280259801030e+02
2.893524482564498612e+02
2.869114278002181777e+02
2.869640082108497268e+02
2.850528091462175553e+02
2.839843843059555297e+02
2.832278099965649858e+02
2.860683526870666924e+02
2.863166080737374273e+02
2.854670825377325514e+02
2.833321708137428345e+02
2.834416500299628296e+02
2.830838173674387690e+02
2.848797869672373508e+02
2.838395322752243715e+02
2.844271587854280483e+02
2.836611831824787373e+02
2.817336919340617669e+02
2.827856033348220990e+02
2.831114930764947530e+02
2.846526401888205555e+02
2.839843517765868341e+02
2.860683526870666924e+02
2.887930549981553554e+02
2.820439356543452618e+02
2.832614362337266130e+02
2.851204486357599990e+02
2.827391992867968042e+02
2.855934238950970325e+02
2.830846551271646945e+02
2.841733908019779165e+02
2.841733908019779165e+02
2.865470598466895922e+02
2.841733908019779165e+02
2.849151501920470082e+02
2.828082036390181315e+02
2.832278099965649858e+02
2.835444811834555026e+02
2.863801696411194371e+02
2.857401439809430030e+02
2.843680047063431857e+02
2.843680047063431857e+02
2.839912325771225596e+02
2.851204486357599990e+02
2.830838173674387690e+02
2.840741085028652151e+02
2.838395322752243715e+02
2.846281828517913937e+02
2.843853567412572829e+02
2.870193040797270214e+02
2.846281828517913937e+02
2.864335009792990263e+02
2.854670825377325514e+02
2.846281828517913937e+02
2.864335009792990263e+02
2.857167022738403830e+02
2.863801696411194371e+02
2.856476235293221748e+02
2.856476235293221748e+02
2.827856033348220990e+02
2.838395322752243715e+02
2.822109378129401875e+02
2.858723106566833394e+02
2.836582128072030855e+02
2.861661102071760183e+02
2.838204320952331727e+02
2.843853567412572829e+02
2.831356869296897685e+02
2.856399350015178698e+02
2.858290963451750599e+02
2.878832183543693191e+02
2.866638254660419989e+02
2.831114930764947530e+02
2.835401264502611411e+02
2.826971247740734725e+02
2.850482745286917634e+02
2.847895794469770863e+02
2.867877785341661934e+02
2.865470598466895922e+02
2.832278099965649858e+02
2.831133147150277978e+02
2.832031070544784939e+02
2.831535266813546627e+02
2.838204320952331727e+02
2.840741085028652151e+02
2.865093114712377087e+02
2.835401264502611411e+02
2.833321708137428345e+02
2.834750292574846071e+02
2.831642499147505418e+02
2.836854388538064882e+02
2.831592633782976236e+02
2.835051250969699481e+02
2.831592633782976236e+02
2.834750292574846071e+02
2.815866351524985021e+02
2.844251173441118681e+02
2.817102292999114184e+02
2.853215031788598708e+02
2.840741085028652151e+02
2.866638254660419989e+02
2.874428165789825584e+02
2.851006943758411580e+02
2.834819637003234334e+02
2.838204320952331727e+02
2.851006943758411580e+02
2.858250137291033752e+02
2.883032183810016136e+02
2.870193040797270214e+02
2.871105142742063663e+02
2.832278099965649858e+02
2.833321708137428345e+02
2.835401264502611411e+02
2.838204320952331727e+02
2.844251173441118681e+02
2.845598544556011689e+02
2.851204486357599990e+02
2.849457553808254033e+02
2.867027599009156802e+02
2.855605066350130983e+02
2.872499321977011846e+02
2.857297192921142255e+02
2.842905274790041403e+02
2.834105086302191694e+02
2.858250137291033752e+02
2.858250137291033752e+02
2.858723106566833394e+02
2.831114930764947530e+02
2.831535266813546627e+02
2.825473445299636523e+02
2.824878688350939342e+02
2.818997567466348073e+02
2.833777266570300526e+02
2.844251173441118681e+02
2.832327857608667614e+02
2.834105086302191694e+02
2.835401264502611411e+02
2.835522512156047696e+02
2.826728202208765310e+02
2.840741085028652151e+02
2.866638254660419989e+02
2.865470598466895922e+02
2.835401264502611411e+02
2.829851248638296397e+02
2.816724890482364572e+02
2.850482745286917634e+02
2.827354163979337613e+02
2.866638254660419989e+02
2.849968943864134303e+02
2.867832143065583068e+02
2.849010521783944228e+02
2.867877785341661934e+02
2.863071727740507413e+02
2.824089416085439552e+02
2.810997283911045770e+02
2.837400505304820513e+02
2.849815931972788690e+02
2.838116477328625820e+02
2.839374395066460011e+02
2.827743779978181919e+02
2.825199580932054459e+02
2.835401264502611411e+02
2.825199580932054459e+02
2.837100071391891447e+02
2.840624966540761989e+02
2.836854388538064882e+02
2.838204320952331727e+02
2.844251173441118681e+02
2.858959853667433890e+02
2.822887985923400720e+02
2.853155941331255008e+02
2.834175601582525701e+02
2.834750292574846071e+02
2.834008124041397423e+02
2.867027599009156802e+02
2.812808838780943574e+02
2.858723106566833394e+02
2.857401439809430030e+02
2.850482745286917634e+02
2.852260824602668094e+02
2.867877785341661934e+02
2.848780761430390385e+02
2.863398028346118735e+02
2.868301985725416330e+02
2.851204486357599990e+02
2.841733908019779165e+02
2.879382550650157100e+02
2.883032183810016136e+02
2.887082131517834114e+02
2.893845641943038345e+02
2.878521291989068231e+02
2.863797600643005126e+02
2.879382550650157100e+02
2.863801696411194371e+02
2.861661102071760183e+02
2.863833100523760322e+02
2.875119889480887423e+02
2.863071727740507413e+02
2.871300978615242343e+02
2.893524482564498612e+02
2.889162382824605970e+02
2.875261378212326804e+02
2.871242991590161182e+02
2.861661102071760183e+02
2.843853567412572829e+02
2.832614362337266130e+02
2.831114930764947530e+02
2.843853567412572829e+02
2.848780761430390385e+02
2.857167022738403830e+02
2.863071727740507413e+02
2.866360349392185753e+02
2.869114278002181777e+02
2.868889907565996396e+02
2.848780761430390385e+02
2.850482745286917634e+02
2.834405959157565462e+02
2.843680047063431857e+02
2.838204320952331727e+02
2.831114930764947530e+02
2.858959853667433890e+02
2.850482745286917634e+02
2.871267381057184593e+02
2.868301985725416330e+02
2.866638254660419989e+02
2.871242991590161182e+02
2.869189979130379129e+02
2.852260824602668094e+02
2.822887985923400720e+02
2.820365563239421363e+02
2.820365563239421363e+02
2.832278099965649858e+02
2.817677936994240326e+02
2.846610113942372777e+02
2.830633335608320067e+02
2.854670825377325514e+02
2.866638254660419989e+02
2.843853567412572829e+02
2.851777379540077959e+02
2.839621318747196597e+02
2.869114278002181777e+02
2.847895794469770863e+02
2.861661102071760183e+02
2.862721127080395149e+02
2.864065348755570426e+02
2.897219056012280021e+02
2.870193040797270214e+02
2.832912852074359193e+02
2.833321708137428345e+02
2.831535266813546627e+02
2.823909230563454003e+02
2.825199580932054459e+02
2.824389377635553728e+02
2.833166945560174099e+02
2.837849590771355111e+02
2.844251173441118681e+02
2.850528091462175553e+02
2.846281828517913937e+02
2.868889907565996396e+02
2.864335009792990263e+02
2.854670825377325514e+02
2.836667531194296430e+02
2.851204486357599990e+02
2.835401264502611411e+02
2.840741085028652151e+02
2.840741085028652151e+02
2.861661102071760183e+02
2.867707515241512510e+02
2.866638254660419989e+02
2.856476235293221748e+02
2.879028401679636318e+02
2.866422420358516661e+02
2.855081355835203567e+02
2.851276913359691889e+02
2.862104964258325595e+02
2.863071727740507413e+02
2.863801696411194371e+02
2.843853567412572829e+02
2.850482745286917634e+02
2.848797869672373508e+02
2.856476235293221748e+02
2.849010521783944228e+02
2.847923170196735896e+02
2.840847649736418816e+02
2.857167022738403830e+02
2.848811666224484043e+02
2.850482745286917634e+02
2.839843843059555297e+02
2.850482745286917634e+02
2.852260824602668094e+02
2.843078160560948504e+02
2.831356869296897685e+02
2.840847649736418816e+02
2.864335009792990263e+02
2.864335009792990263e+02
2.877571765022828458e+02
2.865470598466895922e+02
2.874428165789825584e+02
2.860683526870666924e+02
2.851006943758411580e+02
2.851204486357599990e+02
2.858959853667433890e+02
2.850528091462175553e+02
2.857401439809430030e+02
2.863801696411194371e+02
2.870193040797270214e+02
2.873540193515914893e+02
2.880546347273083825e+02
2.892438718508891498e+02
2.892778809530896638e+02
2.853000057630799802e+02
2.853000057630799802e+02
2.869012357053096025e+02
2.869114278002181777e+02
2.872866423424595723e+02
2.902044669898397729e+02
2.849968943864134303e+02
2.825889488328110133e+02
2.824089416085439552e+02
2.860626708210363631e+02
2.843853567412572829e+02
2.848780761430390385e+02
2.851224850273647462e+02
2.866562526972234650e+02
2.857167022738403830e+02
2.847923170196735896e+02
2.840833266754170268e+02
2.840109134443923722e+02
2.843078160560948504e+02
2.852260824602668094e+02
2.832614362337266130e+02
2.840741085028652151e+02
2.835844814877238491e+02
2.861661102071760183e+02
2.854677022893885692e+02
2.862721127080395149e+02
2.853000057630799802e+02
2.869316326518076039e+02
2.868106510393945427e+02
2.863902913357082411e+02
2.868889907565996396e+02
2.840792978279495173e+02
2.850234458707893737e+02
2.855381238821886996e+02
2.862191248303426505e+02
2.877637449515992216e+02
2.868106510393945427e+02
2.879683449549959846e+02
2.855159214482971493e+02
2.879683449549959846e+02
2.871513579069311959e+02
2.868842002041092769e+02
2.878641198461554040e+02
2.871300978615242343e+02
2.871242991590161182e+02
2.869167495487347992e+02
2.874248527030376863e+02
2.873580046445411540e+02
2.865470598466895922e+02
2.869167495487347992e+02
2.879078291006533163e+02
2.887082131517834114e+02
2.893524482564498612e+02
2.898672571720991868e+02
2.878832183543693191e+02
2.902044669898397729e+02
2.892778809530896638e+02
2.902515027145987005e+02
2.887124701681235024e+02
2.889495060836700873e+02
2.875119889480887423e+02
2.869036903259516293e+02
2.868440822954428313e+02
2.873072955045704475e+02
2.870193040797270214e+02
2.870193040797270214e+02
2.867877785341661934e+02
2.857167022738403830e+02
2.859451244510676702e+02
2.863797600643005126e+02
2.890873911306593982e+02
2.860917481813649488e+02
2.889495060836700873e+02
2.861798183184416757e+02
2.879695624450405376e+02
2.888084193166760087e+02
2.905694129063380728e+02
2.872765299200373192e+02
2.876878108823701155e+02
2.879028401679636318e+02
2.872866423424595723e+02
2.883948678075070120e+02
2.878832183543693191e+02
2.862876907122150669e+02
2.878832183543693191e+02
2.879028401679636318e+02
2.896704615274372827e+02
2.872128089338356176e+02
2.868889907565996396e+02
2.863071727740507413e+02
2.870567973991078929e+02
2.871891252355728739e+02
2.875436641701697909e+02
2.875119889480887423e+02
2.879078291006533163e+02
2.882702099615701172e+02
2.888180613214179857e+02
2.896521874482638736e+02
2.893034692079310162e+02
2.892438718508891498e+02
2.876878108823701155e+02
2.895202750299160925e+02
2.858408931426640152e+02
2.850455007884948486e+02
2.855317106119035202e+02
2.887413806937479421e+02
2.907566054645993177e+02
2.905538804651083638e+02
2.913027733906388903e+02
2.889495060836700873e+02
2.892762630585284001e+02
2.902943848065101520e+02
2.897495320066386739e+02
2.895749266018901835e+02
2.918426907664943428e+02
2.899876931322605742e+02
2.908970846448563634e+02
2.904472611743934181e+02
2.913691695575819267e+02
2.913691695575819267e+02
2.869316326518076039e+02
2.892758643539782497e+02
2.876145566800137772e+02
2.889162382824605970e+02
2.909726003986221485e+02
2.919403391062009518e+02
2.902044669898397729e+02
2.873943810634565352e+02
2.879028401679636318e+02
2.882671765620672204e+02
2.894135483741681014e+02
2.901224247399140950e+02
2.885302272026881951e+02
2.892438718508891498e+02
2.887930549981553554e+02
2.892438718508891498e+02
2.904643790541943531e+02
2.861189285344191262e+02
2.864335009792990263e+02
2.883858141419092931e+02
2.883568341460002102e+02
2.889162382824605970e+02
2.859789064617487497e+02
2.880614592125274385e+02
2.869189979130379129e+02
2.907117347455614436e+02
2.905538804651083638e+02
2.905538804651083638e+02
2.883032183810016136e+02
2.899876931322605742e+02
2.867832143065583068e+02
2.867707515241512510e+02
2.873580046445411540e+02
2.873072955045704475e+02
2.876145566800137772e+02
2.893034692079310162e+02
2.893042986249596993e+02
2.890159375037165432e+02
2.881847079976420787e+02
2.893042986249596993e+02
2.906491558341706423e+02
2.863071727740507413e+02
2.852260824602668094e+02
2.877704478256349034e+02
2.871300978615242343e+02
2.849471459234227382e+02
2.867877785341661934e+02
2.885248419945332330e+02
2.889162382824605970e+02
2.866422420358516661e+02
2.870193040797270214e+02
2.873072955045704475e+02
2.879078291006533163e+02
2.875119889480887423e+02
2.895749266018901835e+02
2.879078291006533163e+02
2.876569687874448391e+02
2.905538804651083638e+02
2.875261378212326804e+02
2.879382550650157100e+02
2.875994312253941985e+02
2.873199126278988160e+02
2.849457553808254033e+02
2.868301985725416330e+02
2.867027599009156802e+02
2.873580046445411540e+02
2.876663070479813769e+02
2.891184293633127140e+02
2.871300978615242343e+02
2.877920953795194805e+02
2.890159375037165432e+02
2.878094392389878067e+02
2.869167495487347992e+02
2.875994312253941985e+02
2.876663043001141773e+02
2.878832183543693191e+02
2.877548890705836016e+02
2.863071727740507413e+02
2.858723106566833394e+02
2.847895794469770863e+02
2.844898131617159720e+02
2.857401439809430030e+02
2.857401439809430030e+02
2.871140721082791742e+02
2.866638254660419989e+02
2.875119889480887423e+02
2.883928097647182085e+02
2.876154743924263926e+02
2.871242991590161182e+02
2.913199124448101429e+02
2.869189979130379129e+02
2.854670825377325514e+02
2.871419582756786895e+02
2.845318397912164414e+02
2.822887985923400720e+02
2.835844814877238491e+02
2.843838755132787810e+02
2.859699715182455861e+02
2.859699715182455861e+02
2.848780761430390385e+02
2.832614362337266130e+02
2.831535266813546627e+02
2.829851248638296397e+02
2.830200429927891150e+02
2.824389377635553728e+02
2.863801696411194371e+02
2.872325334131956538e+02
2.847923170196735896e+02
2.848780761430390385e+02
2.828734447626619044e+02
2.836630689786930475e+02
2.840109134443923722e+02
2.836611831824787373e+02
2.832278099965649858e+02
2.834008124041397423e+02
2.826330239417384860e+02
2.831114930764947530e+02
2.852229617693929526e+02
2.835844814877238491e+02
2.843853567412572829e+02
2.837563631438791276e+02
2.846281828517913937e+02
2.843853567412572829e+02
2.843415179112203077e+02
2.848780761430390385e+02
2.861699465773475595e+02
2.816724890482364572e+02
2.801038482422709421e+02
2.821150056189337079e+02
2.840847649736418816e+02
2.852260824602668094e+02
2.843853567412572829e+02
2.838204320952331727e+02
2.834412565632259771e+02
2.831114930764947530e+02
2.841733908019779165e+02
2.838395322752243715e+02
2.855997200339689925e+02
2.864335009792990263e+02
2.861699465773475595e+02
2.843714026900449880e+02
2.831535266813546627e+02
2.816135710093627722e+02
2.833955251749302420e+02
2.833777266570300526e+02
2.831114930764947530e+02
2.841733908019779165e+02
2.883032183810016136e+02
2.807977539055158331e+02
2.821164582388942108e+02
2.838395322752243715e+02
2.832278099965649858e+02
2.843853567412572829e+02
2.832722892625623103e+02
2.849457553808254033e+02
2.840152727313210903e+02
2.840109134443923722e+02
2.869941095088099701e+02
2.873072955045704475e+02
2.915323301655109844e+02
2.864876804925594342e+02
2.851204486357599990e+02
2.858951410174506691e+02
2.870440493380215230e+02
2.840109134443923722e+02
2.840109134443923722e+02
2.825388170344551781e+02
2.836582128072030855e+02
2.874564001837106844e+02
2.852260824602668094e+02
2.853360554041410637e+02
2.902282120315056204e+02
2.878377993941580257e+02
2.869062793911504627e+02
2.870193040797270214e+02
2.872432808228721228e+02
2.851204486357599990e+02
2.844251173441118681e+02
2.869194505628358911e+02
2.866207428346806978e+02
2.852260824602668094e+02
2.854670825377325514e+02
2.830073939228539643e+02
2.836559948813210212e+02
2.858250137291033752e+02
2.853920693316930510e+02
2.873538273108636645e+02
2.861661102071760183e+02
2.846610113942372777e+02
2.875119889480887423e+02
2.884695218070849592e+02
2.872054082037930129e+02
2.876663070479813769e+02
2.876145566800137772e+02
2.889495060836700873e+02
2.902044669898397729e+02
2.899876931322605742e+02
2.893042986249596993e+02
2.893042986249596993e+02
2.897874453683571687e+02
2.846281828517913937e+02
2.871891252355728739e+02
2.876311865619492778e+02
2.869316326518076039e+02
2.878832183543693191e+02
2.876878108823701155e+02
2.886710846557803620e+02
2.868453989294833377e+02
2.885302272026881951e+02
2.878832183543693191e+02
2.876878108823701155e+02
2.891249504544349520e+02
2.873580046445411540e+02
2.861661102071760183e+02
2.862721127080395149e+02
2.874952790367766511e+02
2.884251421044306767e+02
2.872209583489610623e+02
2.875270738828036770e+02
2.902824813114041831e+02
2.864335009792990263e+02
2.871242991590161182e+02
2.893800507304047755e+02
2.919632825151708175e+02
2.913815904586413126e+02
2.873943810634565352e+02
2.888427404428754244e+02
2.873943810634565352e+02
2.875119889480887423e+02
2.876302834330039104e+02
2.903217045723116030e+02
2.883568341460002102e+02
2.913027733906388903e+02
2.842682519388927176e+02
2.889964202036680945e+02
2.909997906405780554e+02
2.886979327581407233e+02
2.913199124448101429e+02
2.919403391062009518e+02
2.872866423424595723e+02
2.887226046948024418e+02
2.909997906405780554e+02
2.881847079976420787e+02
2.898691991430806638e+02
2.899068986260901966e+02
2.893845641943038345e+02
2.910302416078479268e+02
2.902044669898397729e+02
2.907566054645993177e+02
2.918426907664943428e+02
2.900218002541350302e+02
2.888180613214179857e+02
2.885521954144747383e+02
2.885302272026881951e+02
2.896521874482638736e+02
2.892438718508891498e+02
2.895946857674854300e+02
2.904968248172548329e+02
2.919403391062009518e+02
2.902515027145987005e+02
2.907450763708369550e+02
2.913027733906388903e+02
2.894177040807679191e+02
2.893845641943038345e+02
2.893042986249596993e+02
2.905910025742693392e+02
2.893042986249596993e+02
2.878494280259801030e+02
2.878706291286324586e+02
2.888585441627722048e+02
2.895749266018901835e+02
2.868889907565996396e+02
2.907009148281962325e+02
2.909234557254233664e+02
2.909638812817998428e+02
2.896521874482638736e+02
2.909997906405780554e+02
2.869062793911504627e+02
2.887124701681235024e+02
2.871513579069311959e+02
2.879481150702734453e+02
2.872489228779615473e+02
2.868106510393945427e+02
2.873943810634565352e+02
2.878377993941580257e+02
2.888990584097863916e+02
2.907009148281962325e+02
2.903326600693678756e+02
2.899876931322605742e+02
2.893647193597796559e+02
2.898380312725579984e+02
2.883705323478574769e+02
2.902282120315056204e+02
2.887124701681235024e+02
2.887124701681235024e+02
2.885302272026881951e+02
2.889351103398732903e+02
2.890286378336621738e+02
2.869114278002181777e+02
2.890159375037165432e+02
2.872209583489610623e+02
2.876145566800137772e+02
2.880356190243539913e+02
2.901484498723336287e+02
2.913199124448101429e+02
2.904248613650952393e+02
2.918426907664943428e+02
2.907117347455614436e+02
2.871258156373421571e+02
2.900395738662859912e+02
2.887124701681235024e+02
2.901625728151905150e+02
2.904472611743934181e+02
2.905538804651083638e+02
2.902824813114041831e+02
2.887124701681235024e+02
2.867148706762299639e+02
2.878494280259801030e+02
2.882219214707193942e+02
2.877704478256349034e+02
2.899876931322605742e+02
2.895749266018901835e+02
2.903326600693678756e+02
2.893845641943038345e+02
2.884251421044306767e+02
2.879382550650157100e+02
2.880200671558973795e+02
2.878897042137995186e+02
2.884251421044306767e+02
2.883032183810016136e+02
2.890159375037165432e+02
2.865604455276677527e+02
2.878706291286324586e+02
2.873072955045704475e+02
2.902282120315056204e+02
2.888990584097863916e+02
2.879028401679636318e+02
2.920340303442159211e+02
2.914727830296165507e+02
2.887082131517834114e+02
2.883032183810016136e+02
2.876925289646660531e+02
2.869167495487347992e+02
2.875261378212326804e+02
2.871284031936467045e+02
2.879382550650157100e+02
2.876663070479813769e+02
2.878494280259801030e+02
2.874278838227625101e+02
2.875186191753379035e+02
2.868487315296691804e+02
2.848797869672373508e+02
2.870193040797270214e+02
2.894824134839785188e+02
2.888180613214179857e+02
2.902044669898397729e+02
2.879028401679636318e+02
2.896521874482638736e+02
2.878641198461554040e+02
2.893034692079310162e+02
2.889964202036680945e+02
2.905910025742693392e+02
2.884183599183085107e+02
2.877078819900303870e+02
2.870738627580625462e+02
2.875436641701697909e+02
2.885492752783306400e+02
2.875261378212326804e+02
2.877078819900303870e+02
2.881847079976420787e+02
2.878772938045543128e+02
2.858224484406984516e+02
2.876663070479813769e+02
2.873580046445411540e+02
2.884054283580743459e+02
2.873745596045954471e+02
2.881008824904538415e+02
2.876154743924263926e+02
2.882645828732851214e+02
2.864335009792990263e+02
2.875119889480887423e+02
2.862375927273232605e+02
2.869189979130379129e+02
2.854561846939432712e+02
2.868889907565996396e+02
2.869725579688733887e+02
2.838079254566943064e+02
2.847923170196735896e+02
2.867027599009156802e+02
2.849151501920470082e+02
2.858959853667433890e+02
2.838079254566943064e+02
2.856476235293221748e+02
2.857167022738403830e+02
2.872866423424595723e+02
2.861189285344191262e+02
2.850528091462175553e+02
2.850528091462175553e+02
2.838079254566943064e+02
2.857290452258831692e+02
2.857967899987726241e+02
2.867877785341661934e+02
2.859685656247032739e+02
2.867148706762299639e+02
2.865805696196995882e+02
2.871891252355728739e+02
2.865022504306760425e+02
2.855909805789989946e+02
2.869726444319209691e+02
2.865470598466895922e+02
2.875261378212326804e+02
2.857290452258831692e+02
2.875436641701697909e+02
2.867027599009156802e+02
2.865470598466895922e+02
2.867027599009156802e+02
2.858723106566833394e+02
2.874872578255649387e+02
2.871891252355728739e+02
2.875261378212326804e+02
2.856476235293221748e+02
2.863398028346118735e+02
2.872499321977011846e+02
2.863905753751213865e+02
2.870647654276648382e+02
2.858959853667433890e+02
2.865470598466895922e+02
2.860683526870666924e+02
2.863994022545051621e+02
2.856623646430087433e+02
2.870300441476234141e+02
2.842918696936672518e+02
2.866962907573213784e+02
2.846610113942372777e+02
2.850713796338205839e+02
2.851114545876958459e+02
2.865189964825638071e+02
2.851933193552816306e+02
2.852297491685858972e+02
2.872209583489610623e+02
2.871242991590161182e+02
2.863166080737374273e+02
2.832690137120276859e+02
2.858723106566833394e+02
2.863801696411194371e+02
2.837975925972752975e+02
2.836667531194296430e+02
2.830578210332173512e+02
2.840741085028652151e+02
2.827472150270266411e+02
2.844251173441118681e+02
2.846954412211175622e+02
2.844251173441118681e+02
2.871140721082791742e+02
2.858723106566833394e+02
2.858959853667433890e+02
2.847895794469770863e+02
2.816724890482364572e+02
2.829582699626804470e+02
2.813533282749307318e+02
2.833321708137428345e+02
2.838395322752243715e+02
2.835844814877238491e+02
2.852260824602668094e+02
2.846281828517913937e+02
2.858723106566833394e+02
2.823211416841022015e+02
2.838273398662938121e+02
2.863801696411194371e+02
2.846610113942372777e+02
2.855605066350130983e+02
2.849457553808254033e+02
2.842918696936672518e+02
2.834101357605092630e+02
2.866962907573213784e+02
2.842381423057960319e+02
2.857284875824933579e+02
2.843853567412572829e+02
2.883539103559288606e+02
2.859699715182455861e+02
2.825388170344551781e+02
2.801526540144796513e+02
2.873199126278988160e+02
2.815026861080702929e+02
2.843853567412572829e+02
2.858748904822321037e+02
2.876717758851068538e+02
2.872292166859227223e+02
2.860251070166139016e+02
2.847923170196735896e+02
2.861172060886173085e+02
2.871242991590161182e+02
2.831114930764947530e+02
2.818013571344529282e+02
2.830200429927891150e+02
2.826728202208765310e+02
2.852229617693929526e+02
2.871891252355728739e+02
2.834105086302191694e+02
2.830661883133663537e+02
2.832327857608667614e+02
2.838204320952331727e+02
2.834008124041397423e+02
2.841862102175034579e+02
2.839081350251499316e+02
2.836402827286253228e+02
2.834817657719878525e+02
2.833321708137428345e+02
2.838204320952331727e+02
2.834817657719878525e+02
2.840609537015702699e+02
2.834008124041397423e+02
2.837507907177917446e+02
2.826746916552885409e+02
2.834819637003234334e+02
2.834603064489378426e+02
2.842905274790041403e+02
2.844541195592949521e+02
2.837066834122031196e+02
2.836010840254353411e+02
2.835444811834555026e+02
2.835562208320745867e+02
2.844529704175745906e+02
2.835140061691874962e+02
2.834149954834419987e+02
2.853242497619352207e+02
2.835444811834555026e+02
2.834082148420378076e+02
2.835401264502611411e+02
2.833713363554397233e+02
2.852330310032823490e+02
2.851006943758411580e+02
2.834101357605092630e+02
2.834763258204481531e+02
2.859477032115805741e+02
2.840322228085358347e+02
2.847548859331377002e+02
2.844960230241462114e+02
2.850482745286917634e+02
2.852229617693929526e+02
2.851777379540077959e+02
2.865470598466895922e+02
2.863071727740507413e+02
2.863064925009217632e+02
2.875856734267492243e+02
2.845453318681965698e+02
2.877571765022828458e+02
2.860227537309979766e+02
2.878494280259801030e+02
2.867027599009156802e+02
2.875991810427065047e+02
2.867092273364096400e+02
2.872499321977011846e+02
2.875270738828036770e+02
2.872432808228721228e+02
2.873122156061641022e+02
2.873072955045704475e+02
2.872313992073115401e+02
2.883032183810016136e+02
2.867027599009156802e+02
2.841733908019779165e+02
2.834618318275365709e+02
2.869726444319209691e+02
2.839222912031859778e+02
2.847895794469770863e+02
2.868391744237929970e+02
2.854561846939432712e+02
2.846377882033355036e+02
2.854651658837120749e+02
2.851204486357599990e+02
2.850528091462175553e+02
2.868391744237929970e+02
2.871419582756786895e+02
2.862104964258325595e+02
2.873943810634565352e+02
2.847923170196735896e+02
2.829431404509070376e+02
2.836667531194296430e+02
2.829851248638296397e+02
2.827733324501578522e+02
2.833441843763471297e+02
2.839843843059555297e+02
2.838982202321348609e+02
2.842847031656638705e+02
2.844960230241462114e+02
2.849151501920470082e+02
2.854923190280637186e+02
2.847076131298379664e+02
2.871242991590161182e+02
2.871300978615242343e+02
2.870501623996764806e+02
2.874882006286806018e+02
2.873943810634565352e+02
2.832614362337266130e+02
2.843680047063431857e+02
2.849457553808254033e+02
2.885291203816502161e+02
2.860307503370663085e+02
2.853000057630799802e+02
2.873734429020015000e+02
2.871258156373421571e+02
2.859685656247032739e+02
2.863797600643005126e+02
2.863801696411194371e+02
2.849968943864134303e+02
2.849202965077498106e+02
2.846610113942372777e+02
2.849202965077498106e+02
2.829431404509070376e+02
2.847895794469770863e+02
2.853360554041410637e+02
2.870193040797270214e+02
2.873580046445411540e+02
2.878494280259801030e+02
2.872499321977011846e+02
2.858914531645756938e+02
2.860227537309979766e+02
2.872223066483197158e+02
2.869167495487347992e+02
2.857401439809430030e+02
2.861661102071760183e+02
2.853104613914227912e+02
2.854670825377325514e+02
2.873540193515914893e+02
2.867832143065583068e+02
2.871300978615242343e+02
2.879028401679636318e+02
2.854823151030337840e+02
2.863902913357082411e+02
2.861661102071760183e+02
2.848180862328451326e+02
2.860917481813649488e+02
2.867277182663673329e+02
2.863801696411194371e+02
2.863994022545051621e+02
2.844251173441118681e+02
2.849088663582366507e+02
2.854923190280637186e+02
2.852260824602668094e+02
2.861661102071760183e+02
2.863801696411194371e+02
2.873072955045704475e+02
2.893845641943038345e+02
2.885302272026881951e+02
2.876311865619492778e+02
2.877236474549814602e+02
2.868889907565996396e+02
2.867956644726570516e+02
2.905910025742693392e+02
2.854561846939432712e+02
2.844884475935040768e+02
2.840833266754170268e+02
2.835230331620113589e+02
2.849010521783944228e+02
2.866530670480636331e+02
2.873290138965169263e+02
2.877571765022828458e+02
2.880991113152322214e+02
2.885479824961285544e+02
2.887124701681235024e+02
2.861699465773475595e+02
2.862104964258325595e+02
2.859789064617487497e+02
2.869781465150500139e+02
2.869941095088099701e+02
2.875994312253941985e+02
2.854670825377325514e+02
2.874248527030376863e+02
2.887082131517834114e+02
2.876853886190452272e+02
2.878377993941580257e+02
2.894112797500281999e+02
2.902515027145987005e+02
2.880422605779224909e+02
2.904248613650952393e+02
2.911277195825679769e+02
2.899068986260901966e+02
2.883032183810016136e+02
2.878521291989068231e+02
2.882474096779857291e+02
2.917659270395315048e+02
2.911671164882021685e+02
2.871300978615242343e+02
2.892438718508891498e+02
2.873052212554940752e+02
2.863418046857469790e+02
2.869726380568723698e+02
2.869638686424939920e+02
2.851599548526416470e+02
2.852786493932290455e+02
2.870193040797270214e+02
2.866638254660419989e+02
2.879382550650157100e+02
2.870193040797270214e+02
2.893034692079310162e+02
2.893034692079310162e+02
2.885302272026881951e+02
2.917235469422736855e+02
2.873538273108636645e+02
2.899876931322605742e+02
2.888585441627722048e+02
2.871242991590161182e+02
2.879382550650157100e+02
2.899068986260901966e+02
2.904248613650952393e+02
2.887930549981553554e+02
2.866422420358516661e+02
2.860917481813649488e+02
2.873052212554940752e+02
2.889248288561888671e+02
2.866422420358516661e+02
2.853179851393994113e+02
2.857995064067798694e+02
2.873471853521293156e+02
2.879683449549959846e+02
2.887096673689717363e+02
2.918751860943384031e+02
2.883568341460002102e+02
2.913199124448101429e+02
2.871105142742063663e+02
2.857401439809430030e+02
2.873580046445411540e+02
2.870193040797270214e+02
2.871284031936467045e+02
2.899068986260901966e+02
2.878377993941580257e+02
2.896521874482638736e+02
2.885248419945332330e+02
2.873052212554940752e+02
2.892551900599900705e+02
2.881307363975887483e+02
2.891249504544349520e+02
2.895360602978868201e+02
2.897874453683571687e+02
2.899068986260901966e+02
2.914197485620886710e+02
2.904968248172548329e+02
2.915602464282283677e+02
2.908397125435767521e+02
2.868739792310453254e+02
2.870231209904543448e+02
2.867492461327088336e+02
2.868589335066558874e+02
2.873072955045704475e+02
2.868889907565996396e+02
2.859491611607902541e+02
2.865484610905159570e+02
2.870211876411971730e+02
2.859911596091175738e+02
2.861166490071040585e+02
2.867637771997785308e+02
2.870172217879508594e+02
2.872209583489610623e+02
2.870193040797270214e+02
2.862375927273232605e+02
2.865501647883848477e+02
2.880614592125274385e+02
2.878706291286324586e+02
2.884251421044306767e+02
2.912884945494512863e+02
2.889495060836700873e+02
2.886979327581407233e+02
2.889285062923502778e+02
2.889285062923502778e+02
2.887124701681235024e+02
2.908733656244328927e+02
2.887930549981553554e+02
2.920340303442159211e+02
2.916706561859027715e+02
2.916615739691540057e+02
2.912132588537561446e+02
2.885521954144747383e+02
2.898735894169923313e+02
2.894824134839785188e+02
2.896521874482638736e+02
2.896704615274372827e+02
2.892762630585284001e+02
2.890885351503742982e+02
2.911387543329838650e+02
2.918426907664943428e+02
2.894135483741681014e+02
2.864339763359224094e+02
2.853000057630799802e+02
2.861629478142307335e+02
2.873072955045704475e+02
2.875994312253941985e+02
2.889495060836700873e+02
2.887226046948024418e+02
2.902824813114041831e+02
2.892438718508891498e+02
2.893034692079310162e+02
2.889285062923502778e+02
2.872866423424595723e+02
2.876569687874448391e+02
2.907117347455614436e+02
2.895948891132592280e+02
2.909997906405780554e+02
2.878706291286324586e+02
2.903326600693678756e+02
2.884183599183085107e+02
2.836195128781596964e+02
2.886979327581407233e+02
2.899876931322605742e+02
2.869189979130379129e+02
2.872209583489610623e+02
2.876853886190452272e+02
2.875261378212326804e+02
2.869167495487347992e+02
2.873122156061641022e+02
2.870567973991078929e+02
2.875119889480887423e+02
2.869708825363455276e+02
2.879028401679636318e+02
2.883568341460002102e+02
2.886850786627255729e+02
2.881688092886096229e+02
2.881792211356469693e+02
2.880614592125274385e+02
2.876154743924263926e+02
2.873585501005480296e+02
2.887082131517834114e+02
2.878494280259801030e+02
2.883032183810016136e+02
2.881738712130842259e+02
2.899068986260901966e+02
2.892017636019723454e+02
2.913199124448101429e+02
2.895948891132592280e+02
2.883928097647182085e+02
2.887082131517834114e+02
2.874564001837106844e+02
2.878706291286324586e+02
2.875261378212326804e+02
2.908397125435767521e+02
2.907009148281962325e+02
2.905538804651083638e+02
2.893042986249596993e+02
2.908397125435767521e+02
2.881847079976420787e+02
2.898691991430806638e+02
2.894177040807679191e+02
2.883212398339875335e+02
2.878897042137995186e+02
2.876145566800137772e+02
2.893800507304047755e+02
2.884251421044306767e+02
2.908397125435767521e+02
2.903326600693678756e+02
2.896521874482638736e+02
2.896521874482638736e+02
2.877920953795194805e+02
2.878641198461554040e+02
2.903217045723116030e+02
2.912132588537561446e+02
2.914952742332872049e+02
2.920340303442159211e+02
2.898672571720991868e+02
2.900597555824876395e+02
2.913815904586413126e+02
2.882146841184289201e+02
2.877236474549814602e+02
2.869726444319209691e+02
2.874872578255649387e+02
2.875258779804337337e+02
2.877704478256349034e+02
2.892438718508891498e+02
2.871513579069311959e+02
2.892438718508891498e+02
2.890873911306593982e+02
2.889285062923502778e+02
2.878521291989068231e+02
2.877637680702820830e+02
2.875261378212326804e+02
2.883539103559288606e+02
2.893393441001945234e+02
2.899876931322605742e+02
2.901625728151905150e+02
2.878706291286324586e+02
2.875270738828036770e+02
2.883032183810016136e+02
2.901484498723336287e+02
2.883539103559288606e+02
2.864335009792990263e+02
2.873072955045704475e+02
2.875110637486969836e+02
2.871242991590161182e+02
2.884695218070849592e+02
2.884251421044306767e+02
2.875323803729837664e+02
2.874872578255649387e+02
2.875370907127814917e+02
2.876853886190452272e+02
2.880614592125274385e+02
2.876422472951784357e+02
2.879078291006533163e+02
2.884251421044306767e+02
2.875436641701697909e+02
2.875270738828036770e+02
2.870369970542567444e+02
2.882219214707193942e+02
2.882702099615701172e+02
2.879078291006533163e+02
2.876663070479813769e+02
2.875119889480887423e+02
2.893804275463642739e+02
2.878706291286324586e+02
2.869167495487347992e+02
2.877920953795194805e+02
2.867877785341661934e+02
2.865470598466895922e+02
2.874872578255649387e+02
2.866638254660419989e+02
2.875110637486969836e+02
2.877571765022828458e+02
2.863994022545051621e+02
2.869400429691386307e+02
2.862378448136697102e+02
2.875323803729837664e+02
2.878402768244324079e+02
2.873540193515914893e+02
2.873072955045704475e+02
2.875119889480887423e+02
2.873538273108636645e+02
2.867522053284066601e+02
2.889285062923502778e+02
2.847895794469770863e+02
2.832278099965649858e+02
2.832960400046123937e+02
2.820365563239421363e+02
2.813905577728677372e+02
2.827642864164268417e+02
2.846281828517913937e+02
2.847918570729425483e+02
2.845259898462733759e+02
2.873188962097399326e+02
2.871342247963768841e+02
2.878772938045543128e+02
2.870567973991078929e+02
2.867815084653151985e+02
2.874278838227625101e+02
2.854976145589016028e+02
2.855934238950970325e+02
2.848312214084813263e+02
2.842905274790041403e+02
2.844251173441118681e+02
2.825889488328110133e+02
2.867027599009156802e+02
2.845275425113658798e+02
2.849457553808254033e+02
2.834603064489378426e+02
2.829851248638296397e+02
2.844541195592949521e+02
2.842847031656638705e+02
2.845275425113658798e+02
2.834149954834419987e+02
2.834273453352935803e+02
2.834136299366275011e+02
2.840787378959703346e+02
2.835844814877238491e+02
2.845728539555290695e+02
2.860550901441883980e+02
2.826971247740734725e+02
2.844251173441118681e+02
2.851330602247989532e+02
2.839454345484492706e+02
2.840152727313210903e+02
2.832614362337266130e+02
2.836611831824787373e+02
2.851777379540077959e+02
2.815903122249249009e+02
2.816724890482364572e+02
2.821661259281314642e+02
2.852260824602668094e+02
2.864335009792990263e+02
2.861661102071760183e+02
2.875036672079083360e+02
2.839843843059555297e+02
2.846281828517913937e+02
2.852260824602668094e+02
2.863071727740507413e+02
2.847802616007229517e+02
2.846954412211175622e+02
2.837849590771355111e+02
2.845598544556011689e+02
2.837849590771355111e+02
2.857297192921142255e+02
2.873987302683036091e+02
2.870647654276648382e+02
2.854478855757710676e+02
2.851204486357599990e+02
2.847548859331377002e+02
2.845318397912164414e+02
2.875119889480887423e+02
2.877704478256349034e+02
2.869167495487347992e+02
