2.881549682617187500e+02
2.877670898437500000e+02
2.880184326171875000e+02
2.882372131347656250e+02
2.876549072265625000e+02
2.874230346679687500e+02
2.880740661621093750e+02
2.879944458007812500e+02
2.878529052734375000e+02
2.878789978027343750e+02
2.879385986328125000e+02
2.879646301269531250e+02
2.880242004394531250e+02
2.878286437988281250e+02
2.877480163574218750e+02
2.881096496582031250e+02
2.879143676757812500e+02
2.881930847167968750e+02
2.878789978027343750e+02
2.878510131835937500e+02
2.877427368164062500e+02
2.879925231933593750e+02
2.877670898437500000e+02
2.878510131835937500e+02
2.878808898925781250e+02
2.878529052734375000e+02
2.879385986328125000e+02
2.879348144531250000e+02
2.880462646484375000e+02
2.879665527343750000e+02
2.876847839355468750e+02
2.878827514648437500e+02
2.877725830078125000e+02
2.880740661621093750e+02
2.879627075195312500e+02
2.871769714355468750e+02
2.880203857421875000e+02
2.881058349609375000e+02
2.880462646484375000e+02
2.880482482910156250e+02
2.881316528320312500e+02
2.879106750488281250e+02
2.881058349609375000e+02
2.876619873046875000e+02
2.875758361816406250e+02
2.876321411132812500e+02
2.863224487304687500e+02
2.881633605957031250e+02
2.880740661621093750e+02
2.875163879394531250e+02
2.879367370605468750e+02
2.880780029296875000e+02
2.879963378906250000e+02
2.881653137207031250e+02
2.881058349609375000e+02
2.879665527343750000e+02
2.869779357910156250e+02
2.869157409667968750e+02
2.880818481445312500e+02
2.879684448242187500e+02
2.871585388183593750e+02
2.877987670898437500e+02
2.879404907226562500e+02
2.882152709960937500e+02
2.881633605957031250e+02
2.881077880859375000e+02
2.882005004882812500e+02
2.881802062988281250e+02
2.884567871093750000e+02
2.882558288574218750e+02
2.879963378906250000e+02
2.878510131835937500e+02
2.877743530273437500e+02
2.882843322753906250e+02
2.881614074707031250e+02
2.881018676757812500e+02
2.883095092773437500e+02
2.878230895996093750e+02
2.877951049804687500e+02
2.877390441894531250e+02
2.879865722656250000e+02
2.878789978027343750e+02
2.878510131835937500e+02
2.866130065917968750e+02
2.877670898437500000e+02
2.875740966796875000e+02
2.879646301269531250e+02
2.880780029296875000e+02
2.878230895996093750e+02
2.879684448242187500e+02
2.880539855957031250e+02
2.879385986328125000e+02
2.881077880859375000e+02
2.879385986328125000e+02
2.881633605957031250e+02
2.881355590820312500e+02
2.881077880859375000e+02
2.878789978027343750e+02
2.879106750488281250e+02
2.883564147949218750e+02
2.880184326171875000e+02
2.877146911621093750e+02
2.880184326171875000e+02
2.880184326171875000e+02
2.880184326171875000e+02
2.879143676757812500e+02
2.882054748535156250e+02
2.877987670898437500e+02
2.877390441894531250e+02
2.880223388671875000e+02
2.880818481445312500e+02
2.879684448242187500e+02
2.877390441894531250e+02
2.877182006835937500e+02
2.876585083007812500e+02
2.879088439941406250e+02
2.879385986328125000e+02
2.878286437988281250e+02
2.879684448242187500e+02
2.876585083007812500e+02
2.878846130371093750e+02
2.878041687011718750e+02
2.878321838378906250e+02
2.876900939941406250e+02
2.878304138183593750e+02
2.879684448242187500e+02
2.877707824707031250e+02
2.881355590820312500e+02
2.878547973632812500e+02
2.877128601074218750e+02
2.876492614746093750e+02
2.877427368164062500e+02
2.877390441894531250e+02
2.878846130371093750e+02
2.879068908691406250e+02
2.878230895996093750e+02
2.878789978027343750e+02
2.877390441894531250e+02
2.875986938476562500e+02
2.877670898437500000e+02
2.878510131835937500e+02
2.875986938476562500e+02
2.878789978027343750e+02
2.876549072265625000e+02
2.879125671386718750e+02
2.877951049804687500e+02
2.876549072265625000e+02
2.877390441894531250e+02
2.880184326171875000e+02
2.879385986328125000e+02
2.877109985351562500e+02
2.881336059570312500e+02
2.878230895996093750e+02
2.877951049804687500e+02
2.879702453613281250e+02
2.876268005371093750e+02
2.879348144531250000e+02
2.881930847167968750e+02
2.880462646484375000e+02
2.879905700683593750e+02
2.879348144531250000e+02
2.878846130371093750e+02
2.880184326171875000e+02
2.877109985351562500e+02
2.879348144531250000e+02
2.881374816894531250e+02
2.877969970703125000e+02
2.880184326171875000e+02
2.877670898437500000e+02
2.877390441894531250e+02
2.876549072265625000e+02
2.876549072265625000e+02
2.877670898437500000e+02
2.877987670898437500e+02
2.879068908691406250e+02
2.878789978027343750e+02
2.877445068359375000e+02
2.878230895996093750e+02
2.879963378906250000e+02
2.879348144531250000e+02
2.879367370605468750e+02
2.878006286621093750e+02
2.879627075195312500e+02
2.877390441894531250e+02
2.878789978027343750e+02
2.879348144531250000e+02
2.878789978027343750e+02
2.879348144531250000e+02
2.878566284179687500e+02
2.881549682617187500e+02
2.878230895996093750e+02
2.878230895996093750e+02
2.877951049804687500e+02
