2.873339538574218750e+02
2.872060546875000000e+02
2.872887573242187500e+02
2.874044189453125000e+02
2.871686706542968750e+02
2.870929870605468750e+02
2.873069152832031250e+02
2.873229370117187500e+02
2.872554016113281250e+02
2.872430114746093750e+02
2.873046264648437500e+02
2.872921447753906250e+02
2.873537292480468750e+02
2.872892150878906250e+02
2.873041992187500000e+02
2.874027404785156250e+02
2.873385925292968750e+02
2.874298706054687500e+02
2.872430114746093750e+02
2.872337951660156250e+02
2.872398071289062500e+02
2.873013000488281250e+02
2.872060546875000000e+02
2.872337951660156250e+02
2.872646179199218750e+02
2.872554016113281250e+02
2.873046264648437500e+02
2.872613525390625000e+02
2.872978820800781250e+02
2.873137817382812500e+02
2.871995544433593750e+02
2.872861938476562500e+02
2.872706298828125000e+02
2.873069152832031250e+02
2.872705078125000000e+02
2.865948486328125000e+02
2.873104248046875000e+02
2.873593444824218750e+02
2.872978820800781250e+02
2.873195190429687500e+02
2.873467407226562500e+02
2.872954406738281250e+02
2.873593444824218750e+02
2.872546081542968750e+02
2.872048034667968750e+02
2.872236938476562500e+02
2.856900634765625000e+02
2.873991699218750000e+02
2.873069152832031250e+02
2.871643676757812500e+02
2.872830505371093750e+02
2.873503112792968750e+02
2.873445739746093750e+02
2.874208374023437500e+02
2.873593444824218750e+02
2.873137817382812500e+02
2.871162414550781250e+02
2.870752258300781250e+02
2.873936157226562500e+02
2.873354187011718750e+02
2.871334838867187500e+02
2.872584228515625000e+02
2.873262329101562500e+02
2.874171447753906250e+02
2.873991699218750000e+02
2.873810729980468750e+02
2.875164184570312500e+02
2.873429870605468750e+02
2.874403381347656250e+02
2.873698120117187500e+02
2.873445739746093750e+02
2.872337951660156250e+02
2.872921142578125000e+02
2.874004821777343750e+02
2.873774414062500000e+02
2.873159484863281250e+02
2.874093933105468750e+02
2.872245788574218750e+02
2.872153015136718750e+02
2.871967163085937500e+02
2.872362670898437500e+02
2.872430114746093750e+02
2.872337951660156250e+02
2.862053527832031250e+02
2.872060546875000000e+02
2.871833801269531250e+02
2.872921447753906250e+02
2.873503112792968750e+02
2.872245788574218750e+02
2.873354187011718750e+02
2.873844909667968750e+02
2.873046264648437500e+02
2.873810729980468750e+02
2.873046264648437500e+02
2.873991699218750000e+02
2.873901367187500000e+02
2.873810729980468750e+02
2.872430114746093750e+02
2.872954406738281250e+02
2.874052429199218750e+02
2.872887573242187500e+02
2.872304382324218750e+02
2.872887573242187500e+02
2.872887573242187500e+02
2.872887573242187500e+02
2.873385925292968750e+02
2.873519287109375000e+02
2.872584228515625000e+02
2.871967163085937500e+02
2.873320922851562500e+02
2.873936157226562500e+02
2.873354187011718750e+02
2.871967163085937500e+02
2.872734069824218750e+02
2.872117004394531250e+02
2.872738342285156250e+02
2.873046264648437500e+02
2.872892150878906250e+02
2.873354187011718750e+02
2.872117004394531250e+02
2.873078002929687500e+02
2.873229370117187500e+02
2.873322753906250000e+02
2.872639770507812500e+02
2.873107604980468750e+02
2.873354187011718750e+02
2.872491455078125000e+02
2.873901367187500000e+02
2.872769470214843750e+02
2.872089233398437500e+02
2.871040344238281250e+02
2.872398071289062500e+02
2.871967163085937500e+02
2.873078002929687500e+02
2.872521667480468750e+02
2.872245788574218750e+02
2.872430114746093750e+02
2.871967163085937500e+02
2.871499023437500000e+02
2.872060546875000000e+02
2.872337951660156250e+02
2.871499023437500000e+02
2.872430114746093750e+02
2.871686706542968750e+02
2.873170166015625000e+02
2.872153015136718750e+02
2.871686706542968750e+02
2.871967163085937500e+02
2.872887573242187500e+02
2.873046264648437500e+02
2.871874084472656250e+02
2.873684387207031250e+02
2.872245788574218750e+02
2.872153015136718750e+02
2.873570251464843750e+02
2.871593017578125000e+02
2.872613525390625000e+02
2.874298706054687500e+02
2.872978820800781250e+02
2.872796325683593750e+02
2.872613525390625000e+02
2.873078002929687500e+02
2.872887573242187500e+02
2.871874084472656250e+02
2.872613525390625000e+02
2.874117736816406250e+02
2.872368774414062500e+02
2.872887573242187500e+02
2.872060546875000000e+02
2.871967163085937500e+02
2.871686706542968750e+02
2.871686706542968750e+02
2.872060546875000000e+02
2.872584228515625000e+02
2.872521667480468750e+02
2.872430114746093750e+02
2.872612609863281250e+02
2.872245788574218750e+02
2.873445739746093750e+02
2.872613525390625000e+02
2.872830505371093750e+02
2.872799682617187500e+02
2.872705078125000000e+02
2.871967163085937500e+02
2.872430114746093750e+02
2.872613525390625000e+02
2.872430114746093750e+02
2.872613525390625000e+02
2.872985229492187500e+02
2.873339538574218750e+02
2.872245788574218750e+02
2.872245788574218750e+02
2.872153015136718750e+02
