2.885076374370651706e+02
2.882960284041718637e+02
2.884385101016999897e+02
2.884952388787318682e+02
2.860385760024569777e+02
2.863455740500069737e+02
2.885520202049224849e+02
2.884737184796546785e+02
2.892209815712340628e+02
2.894673290975308646e+02
2.894673290975308646e+02
2.884737184796546785e+02
2.884737184796546785e+02
2.864529219691507365e+02
2.862143916355003626e+02
2.884269581805239682e+02
2.890376654863733847e+02
2.885520202049224849e+02
2.894673290975308646e+02
2.892430490395161087e+02
2.860057958432176406e+02
2.883879686797703812e+02
2.882960284041718637e+02
2.892430490395161087e+02
2.892430490395161087e+02
2.892209815712340628e+02
2.894673290975308646e+02
2.884737184796546785e+02
2.884816994656926568e+02
2.889063185697856397e+02
2.860385760024569777e+02
2.892209815712340628e+02
2.860057958432176406e+02
2.885520202049224849e+02
2.883879686797703812e+02
2.890376654863733847e+02
2.884269581805239682e+02
2.884816994656926568e+02
2.884816994656926568e+02
2.884385101016999897e+02
2.885049342078170298e+02
2.892430490395161087e+02
2.884816994656926568e+02
2.862099532408403775e+02
2.861046781572837290e+02
2.862099532408403775e+02
2.886502114259127438e+02
2.885520202049224849e+02
2.885520202049224849e+02
2.861485619866455181e+02
2.889063185697856397e+02
2.884385101016999897e+02
2.889063185697856397e+02
2.884816994656926568e+02
2.884816994656926568e+02
2.889063185697856397e+02
2.845623074966277386e+02
2.846686041155886642e+02
2.883879686797703812e+02
2.894673290975308646e+02
2.855014153380139987e+02
2.864529219691507365e+02
2.892430490395161087e+02
2.887679424980472049e+02
2.885520202049224849e+02
2.884385101016999897e+02
2.883879686797703812e+02
2.884952388787318682e+02
2.887613373853360486e+02
2.883688230906155923e+02
2.889063185697856397e+02
2.892430490395161087e+02
2.860385760024569777e+02
2.883688230906155923e+02
2.885049342078170298e+02
2.885049342078170298e+02
2.883131135719856388e+02
2.892209815712340628e+02
2.890376654863733847e+02
2.864529219691507365e+02
2.884816994656926568e+02
2.894673290975308646e+02
2.892430490395161087e+02
2.861463308776231997e+02
2.882960284041718637e+02
2.861439430773991148e+02
2.884737184796546785e+02
2.884385101016999897e+02
2.892209815712340628e+02
2.894673290975308646e+02
2.884737184796546785e+02
2.894673290975308646e+02
2.884385101016999897e+02
2.894673290975308646e+02
2.885520202049224849e+02
2.884816994656926568e+02
2.884385101016999897e+02
2.894673290975308646e+02
2.892430490395161087e+02
2.885863186904399527e+02
2.884385101016999897e+02
2.860385760024569777e+02
2.884385101016999897e+02
2.884385101016999897e+02
2.884385101016999897e+02
2.890376654863733847e+02
2.884612894911392118e+02
2.864529219691507365e+02
2.864529219691507365e+02
2.883879686797703812e+02
2.883879686797703812e+02
2.894673290975308646e+02
2.864529219691507365e+02
2.862143916355003626e+02
2.862143916355003626e+02
2.894673290975308646e+02
2.894673290975308646e+02
2.864529219691507365e+02
2.894673290975308646e+02
2.862143916355003626e+02
2.890376654863733847e+02
2.860385760024569777e+02
2.860057958432176406e+02
2.861463308776231997e+02
2.859081406163446104e+02
2.894673290975308646e+02
2.859081406163446104e+02
2.884816994656926568e+02
2.890376654863733847e+02
2.860057958432176406e+02
2.864529219691507365e+02
2.860057958432176406e+02
2.864529219691507365e+02
2.890376654863733847e+02
2.889063185697856397e+02
2.892209815712340628e+02
2.894673290975308646e+02
2.864529219691507365e+02
2.862143916355003626e+02
2.882960284041718637e+02
2.892430490395161087e+02
2.862143916355003626e+02
2.894673290975308646e+02
2.860385760024569777e+02
2.892209815712340628e+02
2.890376654863733847e+02
2.860385760024569777e+02
2.864529219691507365e+02
2.884385101016999897e+02
2.894673290975308646e+02
2.859081406163446104e+02
2.885520202049224849e+02
2.892209815712340628e+02
2.890376654863733847e+02
2.892430490395161087e+02
2.859077052700387753e+02
2.884737184796546785e+02
2.885520202049224849e+02
2.884816994656926568e+02
2.884269581805239682e+02
2.884737184796546785e+02
2.890376654863733847e+02
2.884385101016999897e+02
2.859081406163446104e+02
2.884737184796546785e+02
2.884385101016999897e+02
2.882960284041718637e+02
2.884385101016999897e+02
2.882960284041718637e+02
2.864529219691507365e+02
2.860385760024569777e+02
2.860385760024569777e+02
2.882960284041718637e+02
2.864529219691507365e+02
2.889063185697856397e+02
2.894673290975308646e+02
2.860385760024569777e+02
2.892209815712340628e+02
2.889063185697856397e+02
2.884737184796546785e+02
2.889063185697856397e+02
2.859081406163446104e+02
2.883879686797703812e+02
2.864529219691507365e+02
2.894673290975308646e+02
2.884737184796546785e+02
2.894673290975308646e+02
2.884737184796546785e+02
2.882960284041718637e+02
2.885076374370651706e+02
2.892209815712340628e+02
2.892209815712340628e+02
2.890376654863733847e+02
