2.868155212402343750e+02
2.853898315429687500e+02
2.863075866699218750e+02
2.868399963378906250e+02
2.849805603027343750e+02
2.841593627929687500e+02
2.865109252929687500e+02
2.859250183105468750e+02
2.855555419921875000e+02
2.857982482910156250e+02
2.857210998535156250e+02
2.859635620117187500e+02
2.858865356445312500e+02
2.851718139648437500e+02
2.845825805664062500e+02
2.860518188476562500e+02
2.853377990722656250e+02
2.863570251464843750e+02
2.857982482910156250e+02
2.856962585449218750e+02
2.850057067871093750e+02
2.860654602050781250e+02
2.853898315429687500e+02
2.856962585449218750e+02
2.856576538085937500e+02
2.855555419921875000e+02
2.857210998535156250e+02
2.860021362304687500e+02
2.864092712402343750e+02
2.858230895996093750e+02
2.849418945312500000e+02
2.855169677734375000e+02
2.849671020507812500e+02
2.865109252929687500e+02
2.861040039062500000e+02
2.862726440429687500e+02
2.861672668457031250e+02
2.863322448730468750e+02
2.864092712402343750e+02
2.862690124511718750e+02
2.865740051269531250e+02
2.856190795898437500e+02
2.863322448730468750e+02
2.844158630371093750e+02
2.842489624023437500e+02
2.844544677734375000e+02
2.878793945312500000e+02
2.863954467773437500e+02
2.865109252929687500e+02
2.841848144531250000e+02
2.858616943359375000e+02
2.862305297851562500e+02
2.857846374511718750e+02
2.862553710937500000e+02
2.863322448730468750e+02
2.858230895996093750e+02
2.814691162109375000e+02
2.814035644531250000e+02
2.859500122070312500e+02
2.856826171875000000e+02
2.823778991699218750e+02
2.852103576660156250e+02
2.855805969238281250e+02
2.865986022949218750e+02
2.863954467773437500e+02
2.861920471191406250e+02
2.857966003417968750e+02
2.869169616699218750e+02
2.880291137695312500e+02
2.872209167480468750e+02
2.857846374511718750e+02
2.856962585449218750e+02
2.848261718750000000e+02
2.871824645996093750e+02
2.865355224609375000e+02
2.866125183105468750e+02
2.872837219238281250e+02
2.855941467285156250e+02
2.854920043945312500e+02
2.852875976562500000e+02
2.864864807128906250e+02
2.857982482910156250e+02
2.856962585449218750e+02
2.858519287109375000e+02
2.853898315429687500e+02
2.843903808593750000e+02
2.859635620117187500e+02
2.862305297851562500e+02
2.855941467285156250e+02
2.856826171875000000e+02
2.858480834960937500e+02
2.857210998535156250e+02
2.861920471191406250e+02
2.857210998535156250e+02
2.863954467773437500e+02
2.862937622070312500e+02
2.861920471191406250e+02
2.857982482910156250e+02
2.856190795898437500e+02
2.876254272460937500e+02
2.863075866699218750e+02
2.849032897949218750e+02
2.863075866699218750e+02
2.863075866699218750e+02
2.863075866699218750e+02
2.853377990722656250e+02
2.870183715820312500e+02
2.852103576660156250e+02
2.852875976562500000e+02
2.860269165039062500e+02
2.859500122070312500e+02
2.856826171875000000e+02
2.852875976562500000e+02
2.846210632324218750e+02
2.846982421875000000e+02
2.857596740722656250e+02
2.857210998535156250e+02
2.851718139648437500e+02
2.856826171875000000e+02
2.846982421875000000e+02
2.853763122558593750e+02
2.847876586914062500e+02
2.848900756835937500e+02
2.845184936523437500e+02
2.850309448242187500e+02
2.856826171875000000e+02
2.851080627441406250e+02
2.862937622070312500e+02
2.854148254394531250e+02
2.850443115234375000e+02
2.854037475585937500e+02
2.850057067871093750e+02
2.852875976562500000e+02
2.853763122558593750e+02
2.859002380371093750e+02
2.855941467285156250e+02
2.857982482910156250e+02
2.852875976562500000e+02
2.847755737304687500e+02
2.853898315429687500e+02
2.856962585449218750e+02
2.847755737304687500e+02
2.857982482910156250e+02
2.849805603027343750e+02
2.854784851074218750e+02
2.854920043945312500e+02
2.849805603027343750e+02
2.852875976562500000e+02
2.863075866699218750e+02
2.857210998535156250e+02
2.851853027343750000e+02
2.864338989257812500e+02
2.855941467285156250e+02
2.854920043945312500e+02
2.855420837402343750e+02
2.848781127929687500e+02
2.860021362304687500e+02
2.863570251464843750e+02
2.864092712402343750e+02
2.862057800292968750e+02
2.860021362304687500e+02
2.853763122558593750e+02
2.863075866699218750e+02
2.851853027343750000e+02
2.860021362304687500e+02
2.861536254882812500e+02
2.853511962890625000e+02
2.863075866699218750e+02
2.853898315429687500e+02
2.852875976562500000e+02
2.849805603027343750e+02
2.849805603027343750e+02
2.853898315429687500e+02
2.852103576660156250e+02
2.859002380371093750e+02
2.857982482910156250e+02
2.848646850585937500e+02
2.855941467285156250e+02
2.857846374511718750e+02
2.860021362304687500e+02
2.858616943359375000e+02
2.850694885253906250e+02
2.861040039062500000e+02
2.852875976562500000e+02
2.857982482910156250e+02
2.860021362304687500e+02
2.857982482910156250e+02
2.860021362304687500e+02
2.852740783691406250e+02
2.868155212402343750e+02
2.855941467285156250e+02
2.855941467285156250e+02
2.854920349121093750e+02
