284.6496
281.2224
284.9578
284.6861
287.457
286.9709
285.1889
286.0909
286.9898
287.0633
283.1366
282.9594
283.1814
286.4243
285.7152
284.2952
286.5905
285.4295
285.8541
286.7856
286.1379
282.4122
285.7553
285.7357
286.2901
284.8495
285.1814
288.6483
289.633
289.3037
288.9764
288.8562
289.3029
288.447
288.2233
286.8688
286.4637
287.118
284.7406
285.4223
286.8682
286.7547
286.8985
286.8622
285.0358
284.4317
284.4858
284.4663
283.8887
285.0986
284.4038
281.3332
280.5749
283.5848
282.2242
284.4085
281.7634
280.2073
284.0661
282.5101
281.7674
284.0055
285.1468
285.2077
284.2114
284.304
283.0447
281.0763
282.924
283.4842
283.8084
281.6951
283.3882
284.5986
285.4044
284.3972
285.5128
284.9951
285.9011
283.3162
284.8849
287.354
286.557
287.2781
281.7172
280.5103
282.0487
283.41
283.8713
284.4673
284.352
286.0507
285.1697
282.6617
281.9769
282.7136
284.8471
285.0374
284.8927
287.3565
286.9924
286.3746
287.679
284.7108
284.1326
286.2983
287.246
288.046
283.861
283.5781
283.7948
285.5135
286.2634
284.8098
287.0286
285.5769
287.0534
289.624
286.9766
284.5447
283.7957
286.8409
286.691
287.3412
286.9998
287.0224
287.4355
286.3969
285.508
284.5085
284.9214
286.6244
283.9447
285.3362
286.1844
286.9184
282.1331
285.6207
286.0539
286.6007
285.5761
285.3046
283.4948
284.437
284.6067
283.9296
283.2579
283.9956
285.9388
285.1454
283.235
283.8753
283.1657
282.5027
283.211
283.579
284.8125
283.8679
283.42
281.8787
282.5163
281.5156
283.3153
284.9272
283.2486
285.7164
286.7006
287.2272
284.6202
283.9468
284.8241
285.9428
285.4482
284.2906
282.665
284.9331
283.0883
286.0906
283.6972
285.5955
278.25
289.3118
285.1292
285.4096
287.1273
283.7748
281.4851
284.1131
284.189
285.6169
288.3829
285.1673
286.4479
284.1932
283.925
285.5198
284.9366
284.0033
284.914
285.1118
284.2582
285.5569
284.1724
284.8925
284.0163
283.7181
285.1378
286.5076
286.4285
286.6349
287.9116
285.8577
285.1018
283.4725
285.8579
288.9587
287.2601
287.3497
286.575
284.7975
285.6971
284.6885
285.4548
286.8133
288.2376
286.6328
284.6756
285.3443
285.7092
283.5995
284.6153
282.4699
283.3524
284.5988
283.5988
283.664
282.7614
284.0871
286.9341
287.9842
286.4653
287.663
286.8364
285.8434
285.9484
283.7422
285.1469
282.7975
282.3419
285.1418
283.8059
281.6603
285.248
284.505
283.3186
284.1417
284.3522
285.512
285.1359
285.1797
287.6803
287.3792
285.677
283.6735
284.4811
285.4645
282.2064
283.0142
285.0269
285.1307
284.4602
283.5513
287.1366
285.203
285.9438
285.5447
287.3134
284.7835
279.6033
283.3245
282.4321
283.879
283.4212
283.8262
283.4152
284.2643
282.7581
284.8531
284.8015
283.2029
282.9545
284.4306
285.9753
285.0333
285.6987
285.4713
284.5073
282.8843
284.0491
285.2283
284.6053
286.806
285.8359
287.1229
287.4012
287.6721
288.0907
287.9927
283.9522
285.0581
284.1347
287.43
288.0046
284.8654
285.3181
284.4768
284.0755
282.9848
284.3977
286.3333
287.3276
286.7652
284.1263
284.8345
284.753
286.5705
287.3573
284.9788
286.8418
284.2074
282.0989
281.7626
286.171
284.9516
287.6836
285.537
287.9216
286.9645
283.2331
279.8018
281.4639
283.4073
283.7991
285.5669
286.5513
286.8624
286.4585
287.8662
285.6765
288.4741
284.7046
287.4066
284.9339
285.0269
285.1609
287.2993
287.8196
288.8742
285.5647
285.1107
286.3253
289.2033
285.2627
287.2025
286.8229
289.8601
283.994
287.1557
285.9293
288.3567
283.879
288.5829
285.0558
288.0014
286.7391
288.2393
287.2491
286.2658
286.7031
285.3936
281.5663
284.6828
284.3466
286.0748
285.8207
289.0986
287.6347
288.3482
286.5518
284.8167
284.0864
286.1342
286.0358
289.1972
286.9825
286.4004
286.2055
289.0262
285.8574
288.4803
283.9458
287.4026
285.819
288.0889
286.038
288.9759
288.3522
287.463
286.7532
289.8039
284.6195
288.7335
287.9063
286.7682
287.55
288.1548
289.322
286.2153
288.0847
285.5898
291.3046
285.777
288.0497
286.3729
288.8985
286.0788
289.7357
288.11
288.4732
285.6263
286.9639
283.2032
288.981
287.4706
288.5907
289.2664
288.4706
291.0431
288.5448
288.8951
287.6743
289.4343
285.9082
287.0803
287.0496
289.9705
287.8806
289.4263
287.2791
290.3615
286.3179
286.9091
284.1934
288.8577
287.0604
289.824
290.2516
289.3808
287.5452
292.5414
287.9704
289.6591
288.37
289.9225
288.4567
289.9069
290.6718
289.6104
285.2733
288.5451
282.1371
285.9223
281.8466
286.6365
287.6148
289.121
285.8376
289.1193
285.4492
287.6081
286.4779
286.0226
289.2217
287.6091
286.6374
287.6055
286.0808
287.8919
286.333
288.1465
286.7322
288.6072
282.7859
285.8018
285.973
287.5303
287.5329
284.8137
287.4423
287.8391
285.1235
287.5898
287.4313
288.8736
282.8106
287.9975
287.6847
287.3943
289.3861
282.3309
283.0329
285.2097
289.8635
289.3876
290.5258
289.3322
289.8109
287.0241
283.782
284.3803
286.4347
284.768
286.6294
284.5266
281.4293
284.8547
287.8716
284.0227
283.9829
285.5451
288.4047
280.843
285.0116
285.2801
282.9628
282.3354
284.6355
283.4121
283.9928
284.1465
286.9383
286.9587
289.4218
288.3822
289.0056
285.9099
289.3643
286.7315
288.3774
287.1638
287.0898
288.2726
285.2039
285.8936
283.2481
284.9904
284.8705
283.4435
284.156
285.3987
283.919
284.1532
285.4791
286.485
284.4004
288.0146
287.6305
287.9983
287.8369
284.4453
284.574
285.4603
285.3004
284.6714
284.7044
285.5017
287.4528
283.2579
284.1329
286.9379
287.8791
288.8584
286.6615
283.1069
285.3339
288.1638
284.032
287.4775
288.1858
284.3788
285.2308
282.2943
282.9599
284.7956
282.6687
284.7476
282.1671
285.5067
285.6112
286.6552
285.1073
281.7782
283.6369
283.2807
284.1055
283.8839
285.282
287.3377
288.8661
287.7057
288.8753
285.8495
286.4663
286.5008
284.0336
284.4001
286.6348
286.0789
283.7114
284.6227
284.6793
284.0425
284.296
286.4537
285.3582
284.5383
287.4212
283.0312
285.6148
285.4752
285.8366
283.4666
284.5949
284.6852
283.5752
283.0488
280.4678
284.4597
284.9049
282.8883
281.4999
282.1986
286.699
285.3474
285.646
284.3349
282.9141
281.3349
283.9645
284.685
286.4629
287.5313
285.4069
285.2784
283.1535
283.4779
282.6488
283.3001
288.467
285.8834
283.6441
282.2794
283.863
284.7569
284.8127
284.5085
283.732
282.2785
284.395
282.9149
281.8622
281.6943
283.6142
282.0644
284.125
285.5334
284.9485
284.4134
285.2528
284.438
283.8268
284.6328
284.6285
284.5077
283.724
285.0694
287.2762
286.0899
284.5663
283.0399
283.1219
283.6343
285.0047
285.9211
285.6603
284.5017
286.5171
286.9832
286.6431
286.6216
286.6263
283.2054
284.7565
284.857
284.0739
283.7609
284.3502
286.6871
288.0821
286.3037
287.1206
285.1407
285.1661
284.596
283.949
283.4564
285.169
285.6036
284.9087
284.4907
285.2609
286.0887
285.9819
286.3405
282.1822
285.2805
280.6949
286.8184
286.8289
288.787
288.2214
287.975
287.3614
287.5878
288.0865
287.0175
286.1231
282.2461
285.0494
285.3858
286.1804
287.8987
286.989
287.4242
286.6378
286.3424
286.9527
286.4879
287.8159
282.9782
283.8384
285.8239
284.7655
286.2492
285.644
283.6354
284.7131
282.4809
284.0134
284.2024
284.126
286.2799
286.0117
286.7762
286.4605
284.214
283.8572
285.7947
284.9609
286.0706
285.7713
283.4654
285.8823
286.6025
287.8718
287.2498
287.5489
287.5506
286.7907
287.5239
289.0704
286.2566
286.4499
287.1586
287.4581
286.6837
282.6462
284.6024
285.5309
286.1133
283.7091
287.2783
287.0641
284.6154
285.6748
285.49
288.4211
288.573
286.263
285.1498
286.7161
287.6655
288.373
288.5379
288.9713
288.5329
287.1036
289.347
287.0246
283.2792
284.2868
285.6201
286.146
285.8911
285.9161
287.0713
285.2758
286.7992
287.1226
287.2679
286.68
284.4786
285.143
286.1517
285.9479
284.3857
288.4182
287.9652
286.9951
286.8227
285.8008
287.2686
286.8629
288.5997
287.1744
288.2563
287.989
288.1509
284.9016
285.9585
286.0359
287.2804
284.1566
281.521
285.6163
287.7333
287.8244
286.1243
286.1178
282.8272
283.0697
285.1505
286.2287
285.8468
286.5162
279.2031
287.914
285.0678
285.9092
287.6883
284.3828
284.3483
285.9787
285.1937
283.6933
284.111
285.37
284.5305
283.5927
284.4103
286.3305
282.0737
282.8582
285.3683
284.1895
284.1018
282.8838
288.0292
288.6234
287.4722
287.9419
289.1601
287.5551
286.6412
288.6925
288.0957
288.4457
288.4043
285.535
285.9075
287.0921
286.7202
285.3421
286.4316
288.1213
287.433
287.8892
283.9733
283.8379
284.3066
284.6026
283.715
283.0746
284.7965
285.4846
284.3981
284.5184
284.5375
286.3498
285.363
285.6322
283.9387
282.1628
283.5964
283.4399
282.5358
283.6572
283.709
284.9638
283.6377
283.2491
282.834
284.5075
284.6911
285.1075
285.8449
284.7376
284.899
281.8271
284.4648
285.0903
286.2039
284.8267
285.1909
283.4788
283.9343
283.3517
284.352
284.2249
284.3386
283.6641
283.5055
282.8884
282.557
284.4271
285.6059
286.1063
282.8449
283.636
283.8763
283.1924
282.9608
284.5377
285.6808
283.4094
283.6548
283.0232
281.8864
283.3859
283.803
284.9977
284.2772
284.3728
284.1192
282.5996
284.6034
284.2482
284.2456
283.4217
283.5348
282.322
281.8461
281.4628
284.4753
283.2903
283.1775
283.0569
283.6867
283.8538
284.4489
282.7855
282.0618
283.1574
283.8992
283.4194
283.3239
283.4738
282.8322
281.8643
282.68
283.2342
283.7306
284.0361
281.6931
283.2104
283.9399
284.265
283.204
284.1087
284.5698
282.6823
284.2059
286.076
286.1378
286.1387
285.9976
287.3995
283.5106
285.2661
285.1238
284.1534
285.5178
283.8271
283.915
284.4568
284.0304
284.7165
286.4261
285.5128
287.1882
284.1496
285.2226
285.9249
285.7299
286.181
285.7787
285.0092
284.0469
285.2564
286.04
286.938
284.83
283.4638
284.0959
285.2144
285.9652
285.9399
287.3366
285.9846
286.6791
286.4804
284.9755
283.9551
280.5424
282.804
284.9858
284.9442
285.1302
283.2598
285.4021
283.9979
283.8904
285.2194
283.9128
281.8785
282.7598
284.3425
284.9115
285.6618
285.9413
286.1688
286.9492
286.8853
285.4396
284.8512
286.4358
284.0327
285.0579
283.7747
286.3198
288.7335
287.2392
286.1694
288.3549
286.1861
283.8568
284.2843
285.9488
285.9514
286.6869
285.9834
286.043
285.5075
284.9592
285.5321
284.7312
285.168
283.3586
279.4075
280.9619
282.8783
282.5005
282.3184
285.3982
286.1444
287.7148
286.5056
286.3008
287.5182
287.9752
287.8383
287.6055
286.6873
287.654
287.397
285.4998
287.1486
285.2147
287.3305
285.2581
285.6534
283.0008
283.6525
284.7596
282.6401
285.8786
285.332
286.7069
287.1897
286.8775
287.1234
286.948
285.6419
285.3266
284.2002
285.0994
285.5045
286.7786
286.2515
287.7462
286.6773
285.6803
284.9036
287.2907
285.562
286.1313
285.4508
283.3278
282.4073
286.1072
288.1484
288.0858
289.3197
287.5793
286.8033
285.4011
286.4999
285.86
286.1914
286.1056
287.9298
288.3351
281.6562
283.3584
285.4977
286.5853
285.4103
288.6888
287.009
287.5398
287.8539
289.7607
284.537
283.4467
284.9545
287.053
288.5697
287.705
287.864
288.1078
288.5796
286.4266
286.1027
285.6594
283.6671
285.9496
283.2023
284.8148
286.3433
286.9228
288.9257
289.8593
288.9386
289.5392
287.1771
285.0809
288.8602
288.1745
286.56
286.7803
284.7075
285.8237
285.3982
287.0047
281.7262
282.5531
284.2909
287.3092
284.7535
284.1984
286.3538
284.2641
282.5382
283.7292
283.2542
283.8618
283.6639
285.1427
287.5459
287.5072
285.2455
286.4158
284.9043
282.7219
282.8861
285.0036
285.4608
283.2014
283.8767
283.3317
286.2043
287.5321
284.8004
285.2903
285.7083
282.0845
285.7836
282.6951
284.3291
285.4537
287.0241
288.7914
285.4804
283.045
283.5829
283.1638
285.76
286.476
285.1575
283.9537
283.8239
283.8781
282.5128
283.1125
283.8493
283.5135
285.7863
286.4069
285.8257
284.6614
283.4576
283.4856
285.416
285.7215
286.8282
284.3693
282.4803
283.9494
285.4054
281.8571
283.4283
282.311
286.9029
287.4272
286.6544
282.3951
281.8471
283.6048
283.2845
284.4949
283.1783
282.1798
281.5695
284.641
284.3209
285.3312
285.975
284.7702
284.9077
284.6924
283.8675
284.108
284.4389
283.8749
284.9305
283.3584
282.7831
281.69
282.9635
283.2101
283.899
284.364
283.5184
282.4024
283.9315
284.4442
284.6548
283.3777
282.818
283.3272
283.6884
284.1859
282.9969
285.0464
284.8391
284.4046
283.0281
282.8949
285.0517
284.3424
283.6115
282.3277
284.0223
284.7012
285.3888
285.9114
284.7361
285.279
285.9692
287.8919
285.5721
285.0348
285.6077
287.6756
288.1264
285.8782
282.8418
284.5995
284.2261
285.7585
288.0043
287.0522
286.6
285.055
285.077
284.5394
285.6908
283.7394
283.5672
284.0725
284.1792
285.7573
282.9985
285.9615
286.1374
286.5491
287.9438
284.3572
285.0702
286.6357
288.627
287.5642
286.9492
289.0675
288.3515
287.464
289.1643
288.1295
285.3608
283.6959
284.3536
288.3134
286.6874
287.7939
288.1678
287.4312
285.0539
287.0395
285.4251
287.1148
285.4803
286.371
285.5917
285.0024
285.5919
287.0339
285.2484
285.8572
286.6507
288.4093
286.1621
285.9263
286.0637
284.1933
284.282
285.9188
285.8757
285.1795
284.2743
284.5328
284.1814
285.7592
284.3474
286.721
286.3938
289.1808
289.177
289.9385
289.4331
288.7738
288.013
288.3956
288.3418
289.2124
288.0242
285.5569
283.7713
286.2786
284.7237
284.9586
282.307
286.0392
287.1286
285.4958
283.7041
284.7903
287.1137
287.7791
288.3103
289.6574
289.337
288.3997
287.4974
287.931
287.6556
288.0059
286.8026
289.4528
288.8321
288.2158
283.4095
286.5631
286.7999
286.8955
282.9677
281.2988
282.5927
284.2099
285.8094
288.4812
289.1257
286.0585
287.3866
288.3651
288.2815
289.2977
288.8318
287.1867
283.4078
283.9153
284.7262
286.9014
287.9598
287.6201
287.2055
288.3575
284.9259
286.0578
287.6288
288.3633
282.5845
280.4426
281.8541
281.7368
285.5821
288.6889
288.1713
288.4032
287.1891
286.857
288.5512
287.7243
288.6226
288.9056
287.9327
285.8388
286.7517
286.3049
286.8042
284.9181
285.6555
286.4685
286.7418
287.9225
288.8565
287.863
287.9218
288.1457
285.4503
288.3095
289.3542
289.2307
289.0224
287.8647
284.1339
285.1466
285.4418
285.7043
286.51
282.7749
286.8511
287.9334
284.5157
285.9963
286.4699
285.1272
283.6277
284.2188
288.3375
287.2577
281.2779
282.4724
282.9947
282.6369
280.8004
280.9518
283.7015
282.6458
282.4853
283.5323
281.3806
280.7109
283.0873
284.7068
285.5288
282.9145
289.3904
283.0434
280.8383
282.5051
282.4938
285.2937
284.1775
283.6745
288.9872
287.2749
283.3716
283.6764
281.8465
282.3362
283.3983
285.7493
286.4266
286.3269
284.075
284.0355
286.2616
287.1448
289.8047
289.4789
288.61
288.5039
284.7572
286.8591
284.2815
283.7289
285.7541
282.9322
284.4888
283.9401
283.3169
283.687
283.5074
283.2163
281.9981
284.0298
283.8041
283.9336
283.0428
284.4308
287.7654
285.518
287.5088
284.6668
285.1872
284.8146
282.2342
284.3708
284.9735
284.304
283.1819
286.102
285.7034
284.0786
283.6325
285.5817
286.3804
284.085
283.9974
282.9609
283.2085
283.0544
284.4464
285.8251
283.242
284.4585
286.3876
286.299
285.5695
284.5166
283.4467
284.1715
286.1612
285.5227
283.8474
284.2717
289.7199
288.8385
289.7994
288.1781
289.9067
287.9944
289.3656
287.7141
288.2617
288.4867
283.6228
280.8536
283.6882
283.2927
286.5685
286.7277
284.0623
285.9836
287.453
283.4681
284.7634
284.4588
281.8221
280.5875
285.4535
287.2939
287.3987
287.2098
288.8788
288.059
288.3344
287.6673
287.7654
289.6459
288.2222
287.2156
280.6354
280.8758
282.0798
282.7928
285.5961
286.5642
283.9123
284.1676
285.2233
286.3134
284.9276
287.3192
285.5146
286.8516
286.4383
284.7761
282.7867
285.0071
282.4481
287.0498
287.8622
288.3778
289.3019
288.7328
286.984
284.5365
285.76
287.2697
287.5118
287.3165
286.4666
287.6713
288.903
289.6636
287.7213
285.9171
286.5872
286.6653
287.1393
288.7605
288.3676
287.696
287.8137
284.912
287.5864
288.6142
284.0969
281.8859
281.9154
285.2026
286.4184
286.6938
286.4879
282.8586
282.1583
284.638
285.7037
286.407
289.9109
289.1336
288.6588
287.9364
283.2249
286.1311
288.5154
289.6796
285.8676
283.8627
284.8037
286.1844
287.051
284.4668
283.5064
285.4351
281.7201
284.065
284.9362
286.1648
287.8607
287.3931
285.7167
289.9308
284.727
283.5413
285.8318
283.3691
284.8204
284.6058
286.7183
285.8342
282.8802
286.3155
285.9489
286.6256
286.4975
286.514
285.8303
288.694
287.4677
285.8215
288.1599
284.8998
287.7647
286.3241
287.9044
288.0973
284.0509
286.4081
285.5781
287.4406
288.7556
290.3789
287.504
287.9073
288.381
289.887
287.7586
285.7347
281.6691
281.9601
283.4516
287.2262
286.8861
286.595
287.2497
286.8546
286.4029
286.9099
285.7836
287.4786
288.1167
285.9294
287.657
287.0332
289.2246
288.7477
288.4818
287.6596
286.2722
286.782
285.8956
290.682
285.3848
289.6075
288.6496
288.5056
281.5078
284.5714
285.4865
287.8216
285.088
288.368
286.9039
288.5691
282.0253
285.6422
286.7629
282.394
287.4815
287.802
277.7424
280.088
281.4748
283.9788
284.4011
286.5167
283.1731
283.5562
286.976
286.8601
286.5631
285.956
285.2881
284.6679
284.4041
286.4019
278.4325
277.9609
286.1346
283.0569
281.801
282.0098
283.9347
279.5209
285.416
279.9213
280.431
283.8729
280.029
281.0006
287.7387
286.4786
283.8178
282.1259
283.5721
284.7591
289.7162
286.0163
288.3817
286.8577
285.7706
284.7354
285.9837
284.3773
285.2306
284.9526
283.2961
284.1425
283.2463
283.2233
283.933
282.061
282.7547
283.547
288.7643
287.7563
288.6002
285.1642
284.405
284.1338
284.387
282.6649
284.075
284.1353
284.1987
283.1838
283.3364
283.6773
283.2613
285.3091
284.8916
287.3734
284.9759
285.5215
286.3778
286.3566
286.9233
287.8534
286.8157
285.8372
286.1604
285.5876
286.2325
287.3892
285.4283
285.3726
286.5678
284.7248
284.7132
284.2719
284.8495
284.5841
282.7687
283.4694
284.4802
282.0548
283.2565
284.4768
285.4412
285.0068
283.64
282.7954
281.645
286.3091
285.079
288.1653
285.3697
284.3071
284.6999
282.8643
284.5917
284.2325
283.071
282.9767
285.5447
286.6739
285.1605
284.2163
284.4025
284.96
283.219
284.0819
284.6636
284.5739
283.2386
282.0662
283.2802
284.537
285.9191
283.8709
288.4799
285.3227
284.6741
283.9886
285.2803
282.7354
288.315
285.2607
285.4284
284.7061
283.0634
283.496
284.2525
281.8206
284.3637
282.8448
285.0423
286.8831
285.3772
285.3848
283.7045
287.8917
288.2854
288.1039
284.2834
287.0931
284.7695
283.8615
285.3148
286.4585
288.7687
290.0423
284.357
284.5135
284.9654
283.9197
285.1584
280.4246
285.4301
288.9268
290.4048
286.3227
283.6227
287.5509
288.5707
284.2648
285.8727
288.1192
289.5323
286.9798
287.3013
286.6844
286.1104
287.0005
285.81
288.8886
285.0583
284.4647
286.0378
286.6199
283.7499
283.1473
287.1945
285.0021
287.0832
286.035
285.375
284.844
282.2744
284.146
284.3379
284.5777
284.3254
284.8811
283.627
288.305
286.4323
285.5703
285.6924
287.144
285.7029
285.2707
284.7047
284.805
284.4362
283.5263
284.2928
284.4552
283.4075
283.7482
285.7091
285.5011
287.4315
284.9776
286.0099
284.3574
286.4955
283.694
284.3847
282.7507
284.9045
283.3612
285.119
285.517
285.2286
285.0785
284.6853
285.7233
285.8181
285.5674
289.0233
284.4374
284.9381
286.9779
286.0815
284.4892
284.1493
282.7298
285.9077
283.7151
285.0996
283.257
284.6482
285.6087
285.8887
284.7012
284.59
284.8105
285.3316
284.1373
285.1013
286.7894
284.8302
285.8105
284.3535
284.0963
283.9121
284.702
284.0989
285.1265
283.6132
284.4856
284.2328
283.2582
282.9779
282.9729
283.0661
283.4093
284.6111
286.4373
284.7022
283.4939
282.2887
283.6852
284.4139
287.4854
287.246
285.9899
284.0216
282.184
283.5985
285.4855
284.5233
285.632
288.9781
287.2361
284.9567
288.0391
285.2431
280.721
282.3762
283.972
286.8527
284.4721
288.0981
288.2449
288.7484
286.549
287.0713
286.7174
286.6796
281.4426
284.9337
280.795
286.9901
286.4138
286.5125
289.7859
288.3954
287.6992
288.1761
286.0245
285.9023
287.1526
287.5651
288.5725
286.9473
287.5197
287.194
287.9065
288.4546
284.9536
289.1403
288.1008
286.9371
288.9064
288.4507
289.5669
289.0519
286.6395
284.6515
284.9753
284.9781
282.5768
288.8367
283.8995
287.2351
289.192
289.2513
288.6759
286.2137
283.5568
280.0842
281.8843
284.9486
285.5287
282.8059
283.9145
282.7908
284.278
285.1544
281.1979
284.4227
285.3843
284.5201
284.4426
284.2211
287.1894
290.0923
283.7288
282.8198
283.4324
283.4861
285.5667
287.9225
286.0527
285.5597
288.2362
287.8103
286.595
284.8844
294.0614
281.4399
283.4181
282.1608
284.8261
287.1234
284.9404
286.3221
282.3682
284.8301
283.2835
285.5505
285.5073
287.6552
286.5262
286.1741
285.3954
285.7935
286.4251
285.654
286.3698
284.533
284.6818
284.16
282.1648
285.3313
284.3254
284.9763
280.6803
282.3165
282.3114
283.4794
282.4532
283.152
283.2747
282.1092
286.1718
284.0385
285.1335
282.6017
283.1941
288.6374
284.1844
285.3547
282.9476
283.5432
286.754
280.5103
283.4594
283.9544
281.8228
282.865
283.663
285.292
283.8756
283.9943
285.6414
283.6128
280.7702
284.7868
283.1894
282.6735
282.3734
283
281.8922
282.638
283.1564
284.656
283.62
283.2924
282.9945
284.2819
282.5831
284.7555
284.9453
284.55
284.8936
285.7803
287.4425
286.9276
285.1208
285.955
286.0712
284.2765
285.7766
284.999
283.6528
284.637
284.3831
283.9239
284.9362
285.7594
288.2029
285.8149
284.4905
286.1972
284.6428
283.0882
285.0805
285.2717
284.3838
284.7285
284.7403
286.5923
284.8245
285.6283
285.9661
283.3819
285.0188
285.6586
284.3507
285.5007
283.6837
285.3405
285.4637
286.2506
285.5992
287.5869
284.4152
284.1191
285.753
284.9057
285.1864
285.504
286.916
286.2689
286.2321
285.8987
286.4021
285.4204
285.6571
285.5336
284.4474
286.4159
286.6653
286.9108
289.2915
289.503
287.3499
287.6187
287.633
286.8875
284.1636
283.9441
284.5636
285.384
285.113
287.9798
286.6868
287.3718
287.7745
287.7394
289.1822
288.6936
287.6079
288.9986
287.6215
289.3646
287.825
283.7039
286.7102
288.4619
288.2535
287.3066
287.865
286.7178
287.5088
284.6263
287.8067
289.4579
289.4009
289.0685
289.0609
288.8071
290.6251
287.9394
287.5432
287.5338
288.8222
287.3604
286.7375
286.9947
286.3452
285.3749
285.6515
282.758
285.5043
287.6479
288.7998
283.6963
285.6232
283.1252
282.9337
288.4517
287.6171
288.3573
286.5592
285.2619
286.5397
286.5315
285.4449
286.9324
287.7144
281.3178
284.0529
282.0851
283.6889
289.5854
290.2956
287.484
285.9443
287.3912
286.4146
287.8956
286.5745
289.6613
289.4067
287.0168
285.5591
284.7552
284.0417
283.6538
288.0993
288.9011
286.2902
286.3636
288.0416
291.1774
287.3383
288.6295
287.4306
286.1447
284.9588
286.6123
284.8059
283.206
284.6057
286.7562
287.0099
286.934
287.4412
288.6104
279.724
287.1705
288.3011
283.4082
285.6923
287.2615
289.1303
287.9635
289.6144
286.5934
278.135
285.2211
287.2484
281.6205
282.9783
285.6346
285.5589
282.7295
285.4895
286.5246
286.9547
287.6245
287.7345
282.3158
286.811
286.7669
286.6862
287.2671
287.6782
285.3554
286.2131
282.3142
288.7665
286.7495
285.8343
282.4867
285.713
287.5476
285.3969
285.3148
286.7736
286.6295
285.739
284.5177
285.9597
285.0428
281.4676
281.9244
286.1389
283.4105
288.2764
288.504
286.4935
287.5208
287.1479
286.489
288.4462
285.6847
287.4708
289.5929
288.5093
283.1689
284.2783
284.6641
286.0728
284.5595
283.9277
284.7608
284.5416
285.8303
286.5113
283.7622
284.3859
285.1929
286.2512
285.2775
284.8372
284.7126
283.5655
283.7595
284.976
284.2623
284.4146
284.0748
284.6295
283.6005
284.503
283.922
283.0374
284.3309
286.2838
285.3017
283.9508
282.8128
283.2404
281.5408
284.2764
285.21
287.5165
283.8641
285.3869
286.3639
287.0171
288.0197
286.0545
286.3317
287.5417
285.0655
285.3954
285.1499
283.3519
284.6082
284.2462
283.5412
284.5681
281.5503
287.6429
286.8552
285.2515
285.9948
285.849
287.4245
285.5106
285.3806
288.3333
285.0829
283.8118
287.5981
288.4478
289.4673
287.2545
287.0173
288.1979
286.8507
286.4245
281.9994
285.0351
282.1431
281.6482
282.9882
282.6267
284.0399
284.1372
286.1098
284.9202
286.2858
284.3189
282.6208
282.8975
285.5067
282.7484
285.4133
283.9861
285.5562
287.6223
283.5774
279.1206
282.0215
285.3046
285.2614
288.4828
287.529
289.1075
287.8998
285.4207
284.9074
288.6819
287.5118
285.1623
281.5841
282.5763
283.7289
286.3372
288.1517
286.016
287.7912
289.6033
289.4242
284.9146
283.274
287.5504
288.3784
286.3432
284.9066
286.5261
287.1578
285.2833
285.6102
286.993
286.6798
283.2633
281.8577
285.2209
286.5984
285.6066
285.5501
286.0057
284.9092
283.8168
284.3314
287.8732
288.9774
290.2629
288.1256
285.5455
285.3369
284.783
282.2719
285.7798
286.8176
288.2032
288.5229
288.693
285.9796
288.2678
286.5424
286.6068
287.3352
285.0935
283.6598
288.6024
288.8748
284.3109
285.8801
282.0884
286.1075
284.3457
283.1168
285.6253
288.0152
284.7576
282.062
284.0182
283.5974
284.8324
285.0008
282.9167
283.3071
284.1629
285.0811
283.8729
280.8481
283.2814
282.8448
281.323
279.4593
282.9811
282.6457
281.3822
282.7711
281.2917
286.5098
280.9263
283.9523
286.2465
284.5153
285.0625
283.2262
282.3136
283.5384
284.1298
283.6201
283.1132
283.3867
284.1914
282.0352
283.4174
283.4366
284.2863
283.5838
282.2105
283.9564
283.2184
282.9659
284.3683
282.6716
284.6975
284.6983
284.3176
282.0974
281.9314
283.0843
282.5322
283.7068
282.9254
282.1913
287.1761
285.9311
286.5374
283.4586
283.9856
283.7015
281.6309
281.9242
283.4124
281.7624
284.1551
283.808
284.7608
284.6648
286.4826
281.5851
282.5534
282.7712
282.1596
283.114
283.5348
285.8043
284.7625
284.569
283.3271
282.3668
283.0714
282.8106
284.6879
282.3798
282.5717
283.4655
283.236
282.5018
282.8425
283.1948
283.0121
284.3542
284.8109
285.0282
284.407
285.2776
284.2802
284.8462
283.4268
284.7761
286.2354
286.0162
283.2443
284.4096
283.317
283.5045
283.4175
284.3699
284.6006
283.7871
285.5161
284.4188
286.8994
284.5618
284.561
286.1946
285.6023
285.6711
282.4882
281.7122
283.7873
284.468
285.1915
284.6638
286.2979
283.9083
285.327
285.5952
281.9182
284.5005
284.4667
285.9517
286.9736
285.1765
287.2521
287.7881
283.6744
283.33
285.7772
285.5388
284.8927
284.0684
286.1959
286.4945
282.5804
285.2714
284.5396
281.8449
280.8239
280.8654
282.0259
285.5209
281.0433
283.6862
284.4969
283.7006
284.83
286.3971
282.365
284.8445
286.5609
287.0321
284.5741
285.8601
285.3302
283.4157
286.4002
287.5031
285.0963
287.5829
285.3954
287.6814
284.959
288.1028
284.4052
286.3509
285.1072
287.2331
282.6573
285.608
282.9312
284.6403
283.1278
283.2856
282.545
284.7775
286.0092
284.4941
284.0636
284.5597
284.6994
283.1635
281.8781
282.5209
282.679
283.6265
282.3579
285.4019
284.9764
287.8659
286.1072
285.6588
287.2399
286.2693
286.5352
287.2493
286.8242
290.0793
286.5074
287.9352
288.0867
288.1223
286.3529
287.8529
288.3951
286.5095
288.4118
288.9227
288.3266
289.214
289.3967
289.8262
288.4886
287.824
287.6609
285.7904
287.8919
288.9798
287.9746
285.6631
288.2237
288.326
289.3896
288.0846
281.3495
281.7117
280.1076
283.7311
286.7572
290.0425
286.6214
289.4056
289.7278
290.2393
290.6754
290.1528
286.5153
284.2809
285.1536
285.9752
288.0846
285.3529
282.2667
282.747
284.7389
285.1785
282.2386
283.9161
283.3275
283.8751
285.7811
287.2996
288.6862
282.516
284.2974
287.8051
285.7093
288.7817
287.416
287.0988
287.2953
288.8442
284.2007
283.0883
283.9924
283.0025
282.5034
285.2902
284.5808
282.5785
282.2784
285.0594
282.0858
280.3098
282.7198
281.9577
280.6205
281.6662
281.2388
287.7449
283.2106
281.2427
281.6519
281.9101
282.56
281.1727
284.6919
282.5803
281.7292
282.6701
282.5585
284.008
283.4924
282.5379
283.9027
280.4905
282.4548
283.6064
282.4443
281.2135
281.7093
284.2379
280.8613
282.0524
282.4897
281.7709
282.3824
281.6886
282.0956
283.1656
282.9023
282.3787
284.081
284.2194
282.7924
281.1677
281.3014
282.944
289.6925
286.1158
288.1756
289.4343
285.1999
284.1081
285.0859
284.5912
284.1121
285.8116
282.6282
284.7736
285.8007
285.147
284.682
286.4404
285.5518
285.3264
286.0101
282.103
282.3646
283.9209
285.5519
280.7252
284.169
286.4828
288.526
289.3964
285.7243
286.5581
284.762
283.1685
283.2209
283.0686
284.2758
284.1233
284.5734
285.3243
284.7794
285.0419
285.3008
284.4509
285.5298
283.0025
282.5736
282.9604
286.9056
282.5496
283.0936
282.748
283.808
283.8484
281.8689
282.3812
282.9422
283.0933
283.124
283.7667
285.0297
283.0916
281.6908
282.3578
283.5526
282.7173
282.8121
284.4955
285.1528
282.4377
282.8672
282.127
281.9233
283.4623
284.5727
282.603
283.7803
283.0289
283.8818
281.4982
281.8731
284.1216
283.2174
283.6049
283.033
282.3015
281.9437
282.2783
282.1279
284.2276
283.7413
282.1899
281.9718
282.2585
281.5117
283.1635
283.7251
285.2322
284.8193
284.6266
286.1561
285.6966
284.0255
282.6243
282.7785
282.4964
283.1329
282.5016
283.6061
280.5905
282.8638
282.0099
282.5579
281.6245
283.3939
281.5359
280.6845
283.0659
283.5944
282.0433
283.9034
282.7925
281.6675
288.0093
281.9167
284.8707
285.7427
282.4257
281.3287
285.0013
286.0821
282.4135
281.4385
284.2094
285.2373
283.7703
282.5447
282.8221
283.1897
282.9475
285.9152
285.6971
285.4219
284.0972
282.6483
283.8889
280.7305
282.3529
285.3608
284.4324
288.1331
285.9209
284.0281
282.3337
283.5809
283.1508
285.1289
283.6527
285.51
282.0314
282.4178
283.6903
284.9622
287.0461
284.8417
281.5217
285.4544
285.5268
284.3698
285.3521
284.2532
284.2722
284.2234
283.1497
282.5777
280.2949
282.5058
283.6694
285.3881
287.8809
285.7043
288.5498
287.7027
287.5087
288.2167
286.2469
286.2429
285.8646
285.6878
288.0964
284.741
283.5323
284.3326
283.3268
286.671
284.7132
282.9541
281.3635
280.117
285.3113
281.8508
285.311
286.1992
287.6996
284.0677
285.3686
283.7091
282.0414
284.6229
282.3293
281.0221
281.5937
280.6707
283.1822
288.2274
287.1147
285.5387
283.3287
283.2271
283.1112
286.3895
284.6963
283.1266
281.2903
282.4772
284.958
286.9626
284.6733
285.7897
283.4464
279.8535
282.4755
284.5879
282.8455
285.4677
287.5408
288.6203
286.7452
283.2209
278.5721
284.9901
283.9797
284.6909
283.6826
282.5483
282.9794
283.8183
282.8419
284.788
283.5829
278.3638
280.4902
283.0301
284.7394
286.9655
288.1499
288.1261
286.9355
283.7668
284.5931
286.3806
287.1565
283.1732
286.0904
281.9697
281.6324
283.3648
283.7284
281.4638
282.3185
283.618
283.3033
283.7581
284.8558
284.4773
279.9756
279.7653
284.385
283.206
282.5138
282.4892
282.4139
284.9075
285.553
281.6003
283.2878
283.0288
283.563
282.8819
283.8092
283.2215
283.5391
283.3061
283.7236
282.9266
282.3449
282.7386
281.2668
283.3946
282.5061
282.516
282.4043
284.8212
283.1476
283.3235
283.3729
279.8934
284.6124
283.8524
283.7136
284.2766
282.1658
280.6244
284.4792
284.1701
284.1721
284.2829
284.2788
284.1532
282.1476
282.4036
283.4057
281.8994
282.1036
282.4774
283.8983
281.1484
280.5682
281.507
280.2804
282.3333
283.6696
284.5218
282.962
285.533
285.4654
282.5871
281.9409
284.6563
283.0904
282.6281
282.483
280.4753
282.0385
280.8524
283.1385
285.9895
288.474
286.928
286.6298
287.3798
285.0944
285.8501
283.4042
285.1203
284.8377
280.7003
282.4511
283.0009
282.4807
284.3829
286.5034
285.1039
281.3411
283.9613
285.5316
285.163
286.9783
284.5836
285.0612
283.6681
281.934
282.44
284.0949
283.0705
283.2702
284.2901
287.3647
282.4323
281.1025
283.505
286.8848
285.7974
285.9362
285.7719
286.5433
285.1388
283.8968
285.32
284.9822
285.4392
283.829
285.7392
283.8521
287.1226
288.133
285.8156
288.939
288.0972
288.1094
287.7375
286.1044
285.454
281.4022
282.7381
281.9238
282.9243
286.7992
287.3391
281.669
282.7104
286.7227
281.1771
287.6359
286.1542
282.4438
280.9908
280.5678
279.0662
282.199
281.5093
281.9208
282.9744
280.5631
281.8235
280.4355
282.5508
282.3636
282.2511
282.9627
