2.880021972656250000e+02
2.866777648925781250e+02
2.868010253906250000e+02
2.861044311523437500e+02
2.864732055664062500e+02
2.884292297363281250e+02
2.865344848632812500e+02
2.862069702148437500e+02
2.871272583007812500e+02
2.861455383300781250e+02
2.861658325195312500e+02
2.869635009765625000e+02
2.872901916503906250e+02
2.861863403320312500e+02
2.871272583007812500e+02
2.862273559570312500e+02
2.869642028808593750e+02
2.866571044921875000e+02
2.885694885253906250e+02
2.881036987304687500e+02
2.876973876953125000e+02
2.880220031738281250e+02
2.876366271972656250e+02
2.881036987304687500e+02
2.881036987304687500e+02
2.886511535644531250e+02
2.859403381347656250e+02
2.883085632324218750e+02
2.875956726074218750e+02
2.865755004882812500e+02
2.874543762207031250e+02
2.871272583007812500e+02
2.871683044433593750e+02
2.874938659667968750e+02
2.866576232910156250e+02
2.866165771484375000e+02
2.873524475097656250e+02
2.879219360351562500e+02
2.872901916503906250e+02
2.872916564941406250e+02
2.866576232910156250e+02
2.870862731933593750e+02
2.868620605468750000e+02
2.862683410644531250e+02
2.869841918945312500e+02
2.867399597167968750e+02
2.875151062011718750e+02
2.867187805175781250e+02
2.863505554199218750e+02
2.868411560058593750e+02
2.870453491210937500e+02
2.877990722656250000e+02
2.876775817871093750e+02
2.881036987304687500e+02
2.866576232910156250e+02
2.866576232910156250e+02
2.873311767578125000e+02
2.872094116210937500e+02
2.869231567382812500e+02
2.872504882812500000e+02
2.871473083496093750e+02
2.869031982421875000e+02
2.866576232910156250e+02
2.883279113769531250e+02
2.881250305175781250e+02
2.878613891601562500e+02
2.876169128417968750e+02
2.866576232910156250e+02
2.872504882812500000e+02
2.877186584472656250e+02
2.876366271972656250e+02
2.872094116210937500e+02
2.872504882812500000e+02
2.873936157226562500e+02
2.873311767578125000e+02
2.881445617675781250e+02
2.870862731933593750e+02
2.866367797851562500e+02
2.862683410644531250e+02
2.860222473144531250e+02
2.859196472167968750e+02
2.874938659667968750e+02
2.873311767578125000e+02
2.866987609863281250e+02
2.862683410644531250e+02
2.868821411132812500e+02
2.861867675781250000e+02
2.870862731933593750e+02
2.886920166015625000e+02
2.855498046875000000e+02
2.847252197265625000e+02
2.858580627441406250e+02
2.877383422851562500e+02
2.874938659667968750e+02
2.865755004882812500e+02
2.886511535644531250e+02
2.863298034667968750e+02
2.849114990234375000e+02
2.878597717285156250e+02
2.872901916503906250e+02
2.869635009765625000e+02
2.877173156738281250e+02
2.864935302734375000e+02
2.880220031738281250e+02
2.854266052246093750e+02
2.875548095703125000e+02
2.888125305175781250e+02
2.873920898437500000e+02
2.846018371582031250e+02
2.843539733886718750e+02
2.869226684570312500e+02
2.871674804687500000e+02
2.853446655273437500e+02
2.858993530273437500e+02
2.875956726074218750e+02
2.884078063964843750e+02
2.844361877441406250e+02
2.872901916503906250e+02
2.864116821289062500e+02
2.866571044921875000e+02
2.881036987304687500e+02
2.877383422851562500e+02
2.873102416992187500e+02
2.874938659667968750e+02
2.884682617187500000e+02
2.849325866699218750e+02
2.879204711914062500e+02
2.875956726074218750e+02
2.888533935546875000e+02
2.814585571289062500e+02
2.810383605957031250e+02
2.847672729492187500e+02
2.881855163574218750e+02
2.817095031738281250e+02
2.850766906738281250e+02
2.849526062011718750e+02
2.891371459960937500e+02
2.889351806640625000e+02
2.895404357910156250e+02
2.876156311035156250e+02
2.886496276855468750e+02
2.889136047363281250e+02
2.884078063964843750e+02
2.866777648925781250e+02
2.869231567382812500e+02
2.905039672851562500e+02
2.865344848632812500e+02
2.872286071777343750e+02
2.879404602050781250e+02
2.872694091796875000e+02
2.884895935058593750e+02
2.865344848632812500e+02
2.874132995605468750e+02
2.864529113769531250e+02
2.883907775878906250e+02
2.872702941894531250e+02
2.874740600585937500e+02
2.884895935058593750e+02
2.871073608398437500e+02
2.885112915039062500e+02
2.872094116210937500e+02
2.883907775878906250e+02
2.874132995605468750e+02
2.897041931152343750e+02
2.857964782714843750e+02
2.859815368652343750e+02
2.866165771484375000e+02
2.868210144042968750e+02
2.874121093750000000e+02
2.879415283203125000e+02
2.875548095703125000e+02
2.866777648925781250e+02
2.871064147949218750e+02
2.868002014160156250e+02
2.867390136718750000e+02
2.865755004882812500e+02
2.854266052246093750e+02
2.869841918945312500e+02
2.868620605468750000e+02
2.863298034667968750e+02
2.857759704589843750e+02
2.865958251953125000e+02
2.863298034667968750e+02
2.869231567382812500e+02
2.880628356933593750e+02
2.873311767578125000e+02
2.860222473144531250e+02
2.868821411132812500e+02
2.868620605468750000e+02
2.872492675781250000e+02
2.869231567382812500e+02
2.870044250488281250e+02
2.881855163574218750e+02
2.874938659667968750e+02
2.874132995605468750e+02
2.875348815917968750e+02
2.870252685546875000e+02
2.867187805175781250e+02
2.868620605468750000e+02
2.861248168945312500e+02
2.855498046875000000e+02
2.869432678222656250e+02
2.862478637695312500e+02
2.882854309082031250e+02
2.873713073730468750e+02
2.870252685546875000e+02
2.877792968750000000e+02
2.870453491210937500e+02
2.876973876953125000e+02
2.877173156738281250e+02
2.880220031738281250e+02
2.873311767578125000e+02
2.875548095703125000e+02
2.880430603027343750e+02
2.877581481933593750e+02
2.860222473144531250e+02
2.883473815917968750e+02
2.863911743164062500e+02
2.860633239746093750e+02
2.859812622070312500e+02
2.870044250488281250e+02
2.878399658203125000e+02
2.868411560058593750e+02
2.872702941894531250e+02
2.877581481933593750e+02
2.860428466796875000e+02
2.859196472167968750e+02
2.874132995605468750e+02
2.852409973144531250e+02
2.863093261718750000e+02
2.865755004882812500e+02
2.860838317871093750e+02
2.860222473144531250e+02
2.859812622070312500e+02
2.863501892089843750e+02
2.860635681152343750e+02
2.857349853515625000e+02
2.860633239746093750e+02
2.865755004882812500e+02
2.884078063964843750e+02
2.855912475585937500e+02
2.871272583007812500e+02
2.857142944335937500e+02
2.859812622070312500e+02
2.866571044921875000e+02
2.862683410644531250e+02
2.860838317871093750e+02
2.872083740234375000e+02
2.893580322265625000e+02
2.866165771484375000e+02
2.886920166015625000e+02
2.860633239746093750e+02
2.866165771484375000e+02
2.870862731933593750e+02
2.865958251953125000e+02
2.866165771484375000e+02
2.861248168945312500e+02
2.873721923828125000e+02
2.880220031738281250e+02
2.868002014160156250e+02
2.860633239746093750e+02
2.861863403320312500e+02
2.868210144042968750e+02
2.859402770996093750e+02
2.870453491210937500e+02
2.856115112304687500e+02
2.858580627441406250e+02
2.866576232910156250e+02
2.865755004882812500e+02
2.857964782714843750e+02
2.871272583007812500e+02
2.862273559570312500e+02
2.875348815917968750e+02
2.867390136718750000e+02
2.871878356933593750e+02
2.880220031738281250e+02
2.857966918945312500e+02
2.868210144042968750e+02
2.872901916503906250e+02
2.858993530273437500e+02
2.882460327148437500e+02
2.866776428222656250e+02
2.867799682617187500e+02
2.859812622070312500e+02
2.868210144042968750e+02
2.862273559570312500e+02
2.865344848632812500e+02
2.862887573242187500e+02
2.868210144042968750e+02
2.861455383300781250e+02
2.860222473144531250e+02
2.869635009765625000e+02
2.872901916503906250e+02
2.876156311035156250e+02
2.867390136718750000e+02
2.873113708496093750e+02
2.861455383300781250e+02
2.879812011718750000e+02
2.878809509277343750e+02
2.865140380859375000e+02
2.860222473144531250e+02
2.881445617675781250e+02
2.867390136718750000e+02
2.873721923828125000e+02
2.858580627441406250e+02
2.864118652343750000e+02
2.861863403320312500e+02
2.888533935546875000e+02
2.865344848632812500e+02
2.868002014160156250e+02
2.864935302734375000e+02
2.867799682617187500e+02
2.860838317871093750e+02
2.871473083496093750e+02
2.866571044921875000e+02
2.881445617675781250e+02
2.873311767578125000e+02
2.869635009765625000e+02
2.872083740234375000e+02
2.869432678222656250e+02
2.873102416992187500e+02
2.881855163574218750e+02
2.864935302734375000e+02
2.864116821289062500e+02
2.874730529785156250e+02
2.881036987304687500e+02
2.880430603027343750e+02
2.870453491210937500e+02
2.887329406738281250e+02
2.874330139160156250e+02
2.864526062011718750e+02
2.872901916503906250e+02
2.875548095703125000e+02
2.872694091796875000e+02
2.884486999511718750e+02
2.875956726074218750e+02
2.873920898437500000e+02
2.875139160156250000e+02
2.872492675781250000e+02
2.877781372070312500e+02
2.876565246582031250e+02
2.869226684570312500e+02
2.878189392089843750e+02
2.878399658203125000e+02
2.875139160156250000e+02
2.876366271972656250e+02
2.873511657714843750e+02
2.861455383300781250e+02
2.865755004882812500e+02
2.855503234863281250e+02
2.871473083496093750e+02
2.870453186035156250e+02
2.867390136718750000e+02
2.879404602050781250e+02
2.877581481933593750e+02
2.859402770996093750e+02
2.849114990234375000e+02
2.843950500488281250e+02
2.859812622070312500e+02
2.854468688964843750e+02
2.857142944335937500e+02
2.874330139160156250e+02
2.854884643554687500e+02
2.852416992187500000e+02
2.854266052246093750e+02
2.832757263183593750e+02
2.868002014160156250e+02
2.849114990234375000e+02
2.855086669921875000e+02
2.855503234863281250e+02
2.862069091796875000e+02
2.843539733886718750e+02
2.867184143066406250e+02
2.878597717285156250e+02
2.878796997070312500e+02
2.859812622070312500e+02
2.891563415527343750e+02
2.866367797851562500e+02
2.860222473144531250e+02
2.857759704589843750e+02
2.868411560058593750e+02
2.865344848632812500e+02
2.861248168945312500e+02
2.866367797851562500e+02
2.859402770996093750e+02
2.874730529785156250e+02
2.849325866699218750e+02
2.880220031738281250e+02
2.860019531250000000e+02
2.862478637695312500e+02
2.858993530273437500e+02
2.869226684570312500e+02
2.875139160156250000e+02
2.863300170898437500e+02
2.884472961425781250e+02
2.875139160156250000e+02
2.874938659667968750e+02
2.868411560058593750e+02
2.805760192871093750e+02
2.797724609375000000e+02
2.800896911621093750e+02
2.825684814453125000e+02
2.807866821289062500e+02
2.826317749023437500e+02
2.821918029785156250e+02
2.868818664550781250e+02
2.820685119628906250e+02
2.861868591308593750e+02
2.828402709960937500e+02
2.852416992187500000e+02
2.851797485351562500e+02
2.842094421386718750e+02
2.866980285644531250e+02
2.846429138183593750e+02
2.877581481933593750e+02
2.853856201171875000e+02
2.877581481933593750e+02
2.875548095703125000e+02
2.861453857421875000e+02
2.855912475585937500e+02
2.874730529785156250e+02
2.847672729492187500e+02
2.889933471679687500e+02
2.882656555175781250e+02
2.890747985839843750e+02
2.875548095703125000e+02
2.864935302734375000e+02
2.857966918945312500e+02
2.872083740234375000e+02
2.870453491210937500e+02
2.871473083496093750e+02
2.875548095703125000e+02
2.879613647460937500e+02
2.873713073730468750e+02
2.897798156738281250e+02
2.858376464843750000e+02
2.875139160156250000e+02
2.868002014160156250e+02
2.853856201171875000e+02
2.872083740234375000e+02
2.855294189453125000e+02
2.853037414550781250e+02
2.873915100097656250e+02
2.868818664550781250e+02
2.842719116210937500e+02
2.844163208007812500e+02
2.884472961425781250e+02
2.858584289550781250e+02
2.876357421875000000e+02
2.868410949707031250e+02
2.886496276855468750e+02
2.869635009765625000e+02
2.854266052246093750e+02
2.887310485839843750e+02
2.882854309082031250e+02
2.890340270996093750e+02
2.875339965820312500e+02
2.880628356933593750e+02
2.883262023925781250e+02
2.879404602050781250e+02
2.852628784179687500e+02
2.885287170410156250e+02
2.883064575195312500e+02
2.890145568847656250e+02
2.866777648925781250e+02
2.888125305175781250e+02
2.858584289550781250e+02
2.877990722656250000e+02
2.874730529785156250e+02
2.860633239746093750e+02
2.867799682617187500e+02
2.858584289550781250e+02
2.880628356933593750e+02
2.875139160156250000e+02
2.875548095703125000e+02
2.887523193359375000e+02
2.882248535156250000e+02
2.865755004882812500e+02
2.879006347656250000e+02
2.871473083496093750e+02
2.870453491210937500e+02
2.870044250488281250e+02
2.845411376953125000e+02
2.827550048828125000e+02
2.847050781250000000e+02
2.875548095703125000e+02
2.859196472167968750e+02
2.885498962402343750e+02
2.859402770996093750e+02
2.874530334472656250e+02
2.868002014160156250e+02
2.876366271972656250e+02
2.885908203125000000e+02
2.876775817871093750e+02
2.873102416992187500e+02
2.885498962402343750e+02
2.866980285644531250e+02
2.865549011230468750e+02
2.888125305175781250e+02
2.870858764648437500e+02
2.881840820312500000e+02
2.877781372070312500e+02
2.886102905273437500e+02
2.886102905273437500e+02
2.890554199218750000e+02
2.883473815917968750e+02
2.870453491210937500e+02
2.858170166015625000e+02
2.873511657714843750e+02
2.856320800781250000e+02
2.856322326660156250e+02
2.866980285644531250e+02
2.865755004882812500e+02
2.872083740234375000e+02
2.879006347656250000e+02
2.872094116210937500e+02
2.870862731933593750e+02
2.862069702148437500e+02
2.874740600585937500e+02
2.862683410644531250e+02
2.881250305175781250e+02
2.876366271972656250e+02
2.887739257812500000e+02
2.856320800781250000e+02
2.851998596191406250e+02
2.883882751464843750e+02
2.870453491210937500e+02
2.886299133300781250e+02
2.860633239746093750e+02
2.872492675781250000e+02
2.881855163574218750e+02
2.864732055664062500e+02
2.873102416992187500e+02
2.862683410644531250e+02
2.864935302734375000e+02
2.870453491210937500e+02
2.877792968750000000e+02
2.863911743164062500e+02
2.884078063964843750e+02
2.885090637207031250e+02
2.877781372070312500e+02
2.875348815917968750e+02
2.864526062011718750e+02
2.885908203125000000e+02
2.874330139160156250e+02
2.880220031738281250e+02
2.868821411132812500e+02
2.878399658203125000e+02
2.867799682617187500e+02
2.884895935058593750e+02
2.871683044433593750e+02
2.881445617675781250e+02
2.868411560058593750e+02
2.874938659667968750e+02
2.874955139160156250e+02
2.866987609863281250e+02
2.869031982421875000e+02
2.871272583007812500e+02
2.858992004394531250e+02
2.855909118652343750e+02
2.881855163574218750e+02
2.858170166015625000e+02
2.865755004882812500e+02
2.876775817871093750e+02
2.865344848632812500e+02
2.864118652343750000e+02
2.872916564941406250e+02
2.878399658203125000e+02
2.872094116210937500e+02
2.878809509277343750e+02
2.869642028808593750e+02
2.868821411132812500e+02
2.866576232910156250e+02
2.871272583007812500e+02
2.875956726074218750e+02
2.868210144042968750e+02
2.859196472167968750e+02
2.876366271972656250e+02
2.869231567382812500e+02
2.870453491210937500e+02
2.870862731933593750e+02
2.863911743164062500e+02
2.870252685546875000e+02
2.864529113769531250e+02
2.860222473144531250e+02
2.871272583007812500e+02
2.871484680175781250e+02
2.868620605468750000e+02
2.884702453613281250e+02
2.875956726074218750e+02
2.900840759277343750e+02
2.865346374511718750e+02
2.878597717285156250e+02
2.875956726074218750e+02
2.879415283203125000e+02
2.871064147949218750e+02
2.870662841796875000e+02
2.861248168945312500e+02
2.865755004882812500e+02
2.880840454101562500e+02
2.871473083496093750e+02
2.878399658203125000e+02
2.866367797851562500e+02
2.874132995605468750e+02
2.886102905273437500e+02
2.871064147949218750e+02
2.871882629394531250e+02
2.869432678222656250e+02
2.869432678222656250e+02
2.876169128417968750e+02
2.856732177734375000e+02
2.858376464843750000e+02
2.869432678222656250e+02
2.863911743164062500e+02
2.866165771484375000e+02
2.862887573242187500e+02
2.871882629394531250e+02
2.864935302734375000e+02
2.870453491210937500e+02
2.865344848632812500e+02
2.876973876953125000e+02
2.872292480468750000e+02
2.865755004882812500e+02
2.875151062011718750e+02
2.875548095703125000e+02
2.875956726074218750e+02
2.876565246582031250e+02
2.876775817871093750e+02
2.865142211914062500e+02
2.863298034667968750e+02
2.879415283203125000e+02
2.867593383789062500e+02
2.885908203125000000e+02
2.879006347656250000e+02
2.879219360351562500e+02
2.873311767578125000e+02
2.859812622070312500e+02
2.878399658203125000e+02
2.862887573242187500e+02
2.866571044921875000e+02
2.870252685546875000e+02
2.870044250488281250e+02
2.864526062011718750e+02
2.873920898437500000e+02
2.860222473144531250e+02
2.878399658203125000e+02
2.855704650878906250e+02
2.877990722656250000e+02
2.863093261718750000e+02
2.872901916503906250e+02
2.875548095703125000e+02
2.873102416992187500e+02
2.875956726074218750e+02
2.868205871582031250e+02
2.877581481933593750e+02
2.881445617675781250e+02
2.865755004882812500e+02
2.868002014160156250e+02
2.876366271972656250e+02
2.876765136718750000e+02
2.873511657714843750e+02
2.876775817871093750e+02
2.880628356933593750e+02
2.876775817871093750e+02
2.888125305175781250e+02
2.877597351074218750e+02
2.868821411132812500e+02
2.865344848632812500e+02
2.866165771484375000e+02
2.881036987304687500e+02
2.880430603027343750e+02
2.882460327148437500e+02
2.864321594238281250e+02
2.874132995605468750e+02
2.872492675781250000e+02
2.873721923828125000e+02
2.860222473144531250e+02
2.875758361816406250e+02
2.876775817871093750e+02
2.863707885742187500e+02
2.871272583007812500e+02
2.873304748535156250e+02
2.880628356933593750e+02
2.866980285644531250e+02
2.884486999511718750e+02
2.875956726074218750e+02
2.876357421875000000e+02
2.875548095703125000e+02
2.866980285644531250e+02
2.875548095703125000e+02
2.863911743164062500e+02
2.867390136718750000e+02
2.871683044433593750e+02
2.872492675781250000e+02
2.869642028808593750e+02
2.870044250488281250e+02
2.867390136718750000e+02
2.876775817871093750e+02
2.864732055664062500e+02
2.884486999511718750e+02
2.871272583007812500e+02
2.875956726074218750e+02
2.865344848632812500e+02
2.861453857421875000e+02
2.876973876953125000e+02
2.863911743164062500e+02
2.881036987304687500e+02
2.879415283203125000e+02
2.883473815917968750e+02
2.882460327148437500e+02
2.870862731933593750e+02
2.881855163574218750e+02
2.865344848632812500e+02
2.881855163574218750e+02
2.888533935546875000e+02
2.883882751464843750e+02
2.865344848632812500e+02
2.888125305175781250e+02
2.877383422851562500e+02
2.865344848632812500e+02
2.882051086425781250e+02
2.878597717285156250e+02
2.873511657714843750e+02
2.878399658203125000e+02
2.871064147949218750e+02
2.865344848632812500e+02
2.874322509765625000e+02
2.877173156738281250e+02
2.866980285644531250e+02
2.859402770996093750e+02
2.865958251953125000e+02
2.864526062011718750e+02
2.879404602050781250e+02
2.880628356933593750e+02
2.864116821289062500e+02
2.885694885253906250e+02
2.864526062011718750e+02
2.886102905273437500e+02
2.870044250488281250e+02
2.875956726074218750e+02
2.870044250488281250e+02
2.885694885253906250e+02
2.882248535156250000e+02
2.881445617675781250e+02
2.877173156738281250e+02
2.883473815917968750e+02
2.883473815917968750e+02
2.868411560058593750e+02
2.865755004882812500e+02
2.877990722656250000e+02
2.864935302734375000e+02
2.861453857421875000e+02
2.840845336914062500e+02
2.864526062011718750e+02
2.849114990234375000e+02
2.874121093750000000e+02
2.880628356933593750e+02
2.882051086425781250e+02
2.881445617675781250e+02
2.864321594238281250e+02
2.879006347656250000e+02
2.879613647460937500e+02
2.877781372070312500e+02
2.856940307617187500e+02
2.880220031738281250e+02
2.877173156738281250e+02
2.875548095703125000e+02
2.880628356933593750e+02
2.870044250488281250e+02
2.885694885253906250e+02
2.865549011230468750e+02
2.889738464355468750e+02
2.875139160156250000e+02
2.861863403320312500e+02
2.868411560058593750e+02
2.877173156738281250e+02
2.854266052246093750e+02
2.885287170410156250e+02
2.871266479492187500e+02
2.849325866699218750e+02
2.872083740234375000e+02
2.837950134277343750e+02
2.829854125976562500e+02
2.843129272460937500e+02
2.876765136718750000e+02
2.840434265136718750e+02
2.888320617675781250e+02
2.840023498535156250e+02
2.875339965820312500e+02
2.837539672851562500e+02
2.878997192382812500e+02
2.819414367675781250e+02
2.829443969726562500e+02
2.845002441406250000e+02
2.875339965820312500e+02
2.874730529785156250e+02
2.854884643554687500e+02
2.885891723632812500e+02
2.872694091796875000e+02
2.883867187500000000e+02
2.879404602050781250e+02
2.870044250488281250e+02
2.842504882812500000e+02
2.865549011230468750e+02
2.848294677734375000e+02
2.864526062011718750e+02
2.864116821289062500e+02
2.863708496093750000e+02
2.829634704589843750e+02
2.858993530273437500e+02
2.846853027343750000e+02
2.871674804687500000e+02
2.844163208007812500e+02
2.877781372070312500e+02
2.872286071777343750e+02
2.869635009765625000e+02
2.885287170410156250e+02
2.864116821289062500e+02
2.880827026367187500e+02
2.864731445312500000e+02
2.877781372070312500e+02
2.853446655273437500e+02
2.862478637695312500e+02
2.870453491210937500e+02
2.881036987304687500e+02
2.875339965820312500e+02
2.885694885253906250e+02
2.865549011230468750e+02
2.877581481933593750e+02
2.864526062011718750e+02
2.865140380859375000e+02
2.890340270996093750e+02
2.893966674804687500e+02
2.864731445312500000e+02
2.892358093261718750e+02
2.871674804687500000e+02
2.880628356933593750e+02
2.871674804687500000e+02
2.863911743164062500e+02
2.862478637695312500e+02
2.869226684570312500e+02
2.858584289550781250e+02
2.866571044921875000e+02
2.885694885253906250e+02
2.880628356933593750e+02
2.865958251953125000e+02
2.881855163574218750e+02
2.887329406738281250e+02
2.858786315917968750e+02
2.862273559570312500e+02
