2.866906979817292154e+02
2.848852625094526729e+02
2.845919167719545726e+02
2.849090624591950700e+02
2.848016852002927521e+02
2.872521214457156020e+02
2.850123505455490545e+02
2.849147133785973551e+02
2.852637398454438653e+02
2.849416771286214498e+02
2.848344384227385717e+02
2.859408168916756381e+02
2.859816472065981543e+02
2.849586963882227337e+02
2.852637398454438653e+02
2.848167976746943850e+02
2.848593959407775174e+02
2.856385880232986665e+02
2.866080085973540008e+02
2.865823562914981721e+02
2.862907598140267851e+02
2.865946434264899381e+02
2.863891237825965277e+02
2.865823562914981721e+02
2.865823562914981721e+02
2.870287412788971437e+02
2.846236708838178515e+02
2.871059593286623226e+02
2.863065549096876339e+02
2.849552800358606532e+02
2.848770273962469446e+02
2.852637398454438653e+02
2.853979717813811021e+02
2.859039829963986676e+02
2.849173098949436280e+02
2.849804329055949665e+02
2.841820276012206818e+02
2.870848428679953486e+02
2.859816472065981543e+02
2.836266133386239403e+02
2.849173098949436280e+02
2.852184130704351332e+02
2.849261394286076552e+02
2.848460779459032892e+02
2.849440736777947905e+02
2.832691128681449300e+02
2.854456691784292843e+02
2.849123537444147587e+02
2.848970081319654923e+02
2.849214205984965815e+02
2.851742118678828319e+02
2.867616114045331983e+02
2.865445924417950891e+02
2.865823562914981721e+02
2.849173098949436280e+02
2.849173098949436280e+02
2.859665152155036481e+02
2.852606077556034734e+02
2.849130732310305802e+02
2.839118713675362642e+02
2.853108393149453832e+02
2.846764351557312125e+02
2.849173098949436280e+02
2.871274718686565279e+02
2.871203087447049711e+02
2.854323374403273874e+02
2.855435712449757943e+02
2.849173098949436280e+02
2.839118713675362642e+02
2.859760544892797043e+02
2.863891237825965277e+02
2.852606077556034734e+02
2.839118713675362642e+02
2.839300530415882804e+02
2.859665152155036481e+02
2.867919217814907711e+02
2.852184130704351332e+02
2.849375812548491922e+02
2.848460779459032892e+02
2.847989950779321475e+02
2.845450095318985291e+02
2.859039829963986676e+02
2.859665152155036481e+02
2.846579270001403188e+02
2.848460779459032892e+02
2.848782222430822344e+02
2.847898790322379341e+02
2.852184130704351332e+02
2.868381828627989876e+02
2.840486700305039562e+02
2.846286723167532386e+02
2.844874580780137876e+02
2.863870398111416193e+02
2.859039829963986676e+02
2.849552800358606532e+02
2.870287412788971437e+02
2.847665793196027835e+02
2.857499434206035289e+02
2.857462090721098775e+02
2.859816472065981543e+02
2.859408168916756381e+02
2.868236530413277592e+02
2.852559650314047985e+02
2.865946434264899381e+02
2.850786930061837552e+02
2.855184563145308516e+02
2.876697078495171240e+02
2.859208570565374998e+02
2.857610269250218380e+02
2.855288362017668646e+02
2.859320234535711620e+02
2.858752117930457075e+02
2.857307857517849357e+02
2.850818740892802339e+02
2.863065549096876339e+02
2.865889941405615673e+02
2.852718526522921252e+02
2.859816472065981543e+02
2.858945794966119252e+02
2.856385880232986665e+02
2.865823562914981721e+02
2.863870398111416193e+02
2.856599104284779855e+02
2.859039829963986676e+02
2.865583916000067575e+02
2.857802429796028605e+02
2.866063650195326318e+02
2.863065549096876339e+02
2.874908163692472272e+02
2.828935966839948719e+02
2.828273562796404121e+02
2.856275360187846672e+02
2.866575585814931628e+02
2.830865599526861729e+02
2.856567260027711654e+02
2.847862140954157439e+02
2.876500251763606570e+02
2.877052534063781764e+02
2.873995397485973058e+02
2.857131073990686900e+02
2.876265913672081638e+02
2.880139383025809821e+02
2.865889941405615673e+02
2.848852625094526729e+02
2.849130732310305802e+02
2.879299170999103694e+02
2.850123505455490545e+02
2.861969117963485019e+02
2.867588393266098592e+02
2.858521460617263301e+02
2.866197342261236827e+02
2.850123505455490545e+02
2.856917390094459392e+02
2.847815114709234763e+02
2.871059593286623226e+02
2.855635202044196035e+02
2.858224034756503329e+02
2.866197342261236827e+02
2.847467468523394700e+02
2.872430513457156849e+02
2.852606077556034734e+02
2.871059593286623226e+02
2.856917390094459392e+02
2.873965967327640669e+02
2.845128137216869959e+02
2.845680140963902431e+02
2.849804329055949665e+02
2.849859782486485642e+02
2.856942168727778721e+02
2.868454241732499668e+02
2.855184563145308516e+02
2.848852625094526729e+02
2.853869353821471577e+02
2.851338633864453982e+02
2.849632692171454664e+02
2.849552800358606532e+02
2.850786930061837552e+02
2.849440736777947905e+02
2.849261394286076552e+02
2.847665793196027835e+02
2.847686266400681916e+02
2.851854901408225942e+02
2.847665793196027835e+02
2.849130732310305802e+02
2.857672130351573401e+02
2.859665152155036481e+02
2.847989950779321475e+02
2.848782222430822344e+02
2.849261394286076552e+02
2.857247956865107312e+02
2.849130732310305802e+02
2.852633396828630339e+02
2.866575585814931628e+02
2.859039829963986676e+02
2.856917390094459392e+02
2.857864118700780409e+02
2.849726930741687170e+02
2.849123537444147587e+02
2.849261394286076552e+02
2.848060089847858194e+02
2.840486700305039562e+02
2.849543468712977869e+02
2.852630565497983071e+02
2.868620336554120058e+02
2.858683429985561588e+02
2.849726930741687170e+02
2.865222534724147181e+02
2.851742118678828319e+02
2.862907598140267851e+02
2.868236530413277592e+02
2.865946434264899381e+02
2.859665152155036481e+02
2.855184563145308516e+02
2.868359301013002209e+02
2.858026494300251557e+02
2.847989950779321475e+02
2.867559668258935517e+02
2.849612997295711807e+02
2.848285732351096158e+02
2.849625019413549580e+02
2.852633396828630339e+02
2.869049407256871973e+02
2.849214205984965815e+02
2.855635202044196035e+02
2.858026494300251557e+02
2.850057339296861869e+02
2.845450095318985291e+02
2.856917390094459392e+02
2.842352911073677433e+02
2.859059578044067393e+02
2.849552800358606532e+02
2.849537358417631481e+02
2.847989950779321475e+02
2.849625019413549580e+02
2.855568990981006436e+02
2.862857903967089328e+02
2.850700500770180952e+02
2.848285732351096158e+02
2.849552800358606532e+02
2.865889941405615673e+02
2.853305780161548455e+02
2.852637398454438653e+02
2.843935782854069316e+02
2.849625019413549580e+02
2.856385880232986665e+02
2.848460779459032892e+02
2.849537358417631481e+02
2.858245626901039600e+02
2.872527085290964806e+02
2.849804329055949665e+02
2.868381828627989876e+02
2.848285732351096158e+02
2.849804329055949665e+02
2.852184130704351332e+02
2.851854901408225942e+02
2.849804329055949665e+02
2.848060089847858194e+02
2.860820876468228562e+02
2.865946434264899381e+02
2.851338633864453982e+02
2.848285732351096158e+02
2.849586963882227337e+02
2.849859782486485642e+02
2.849680276170458910e+02
2.851742118678828319e+02
2.840480292256529538e+02
2.844874580780137876e+02
2.849173098949436280e+02
2.849552800358606532e+02
2.845128137216869959e+02
2.852637398454438653e+02
2.848167976746943850e+02
2.857864118700780409e+02
2.849632692171454664e+02
2.867395345728235725e+02
2.865946434264899381e+02
2.850679397868665319e+02
2.849859782486485642e+02
2.859816472065981543e+02
2.850818740892802339e+02
2.867163164310539969e+02
2.865021643569548360e+02
2.849305809969334859e+02
2.849625019413549580e+02
2.849859782486485642e+02
2.848167976746943850e+02
2.850123505455490545e+02
2.849149762853275547e+02
2.849859782486485642e+02
2.849416771286214498e+02
2.847989950779321475e+02
2.859408168916756381e+02
2.859816472065981543e+02
2.857131073990686900e+02
2.849632692171454664e+02
2.853739883875676355e+02
2.849416771286214498e+02
2.868009640705517427e+02
2.868675205143016456e+02
2.858758233549668262e+02
2.847989950779321475e+02
2.867919217814907711e+02
2.849632692171454664e+02
2.860820876468228562e+02
2.844874580780137876e+02
2.848204536528175481e+02
2.849586963882227337e+02
2.874908163692472272e+02
2.850123505455490545e+02
2.851338633864453982e+02
2.852559650314047985e+02
2.849305809969334859e+02
2.849537358417631481e+02
2.853108393149453832e+02
2.856385880232986665e+02
2.867919217814907711e+02
2.859665152155036481e+02
2.859408168916756381e+02
2.858245626901039600e+02
2.849543468712977869e+02
2.856599104284779855e+02
2.866575585814931628e+02
2.852559650314047985e+02
2.858945794966119252e+02
2.859604802396290211e+02
2.865823562914981721e+02
2.868359301013002209e+02
2.851742118678828319e+02
2.873004382445555507e+02
2.857595178202578268e+02
2.857402993607046824e+02
2.859816472065981543e+02
2.855184563145308516e+02
2.858521460617263301e+02
2.867614501837011289e+02
2.863065549096876339e+02
2.859208570565374998e+02
2.858503303319940869e+02
2.857247956865107312e+02
2.869447090732933248e+02
2.854136058007217116e+02
2.859320234535711620e+02
2.867329141758040691e+02
2.869049407256871973e+02
2.858503303319940869e+02
2.863891237825965277e+02
2.855343116307747664e+02
2.849416771286214498e+02
2.849552800358606532e+02
2.856509658294322094e+02
2.853108393149453832e+02
2.851742118678828319e+02
2.849632692171454664e+02
2.867588393266098592e+02
2.858026494300251557e+02
2.849680276170458910e+02
2.857499434206035289e+02
2.856635091733015770e+02
2.849625019413549580e+02
2.840461636826200902e+02
2.843935782854069316e+02
2.857595178202578268e+02
2.853632260090513455e+02
2.857326999977220794e+02
2.850786930061837552e+02
2.848463503065028704e+02
2.851338633864453982e+02
2.857499434206035289e+02
2.840557011131670038e+02
2.856509658294322094e+02
2.858668229527028757e+02
2.855288362017668646e+02
2.860346070418415820e+02
2.857462090721098775e+02
2.867239332527366855e+02
2.849625019413549580e+02
2.874408589792346902e+02
2.849375812548491922e+02
2.847989950779321475e+02
2.847686266400681916e+02
2.849214205984965815e+02
2.850123505455490545e+02
2.848060089847858194e+02
2.849375812548491922e+02
2.849680276170458910e+02
2.859604802396290211e+02
2.857802429796028605e+02
2.865946434264899381e+02
2.851740223327470289e+02
2.852630565497983071e+02
2.850818740892802339e+02
2.859320234535711620e+02
2.858503303319940869e+02
2.863884103904393896e+02
2.868760355977435665e+02
2.858503303319940869e+02
2.859039829963986676e+02
2.849214205984965815e+02
2.833766286592791630e+02
2.826201401360600585e+02
2.826098850065428110e+02
2.841413840856568527e+02
2.833601568769894925e+02
2.838906741725114102e+02
2.842407480618392697e+02
2.867025356780375205e+02
2.815607972065433842e+02
2.863728668703253106e+02
2.838517820753974092e+02
2.857326999977220794e+02
2.854740126182048243e+02
2.856872364594118494e+02
2.851620938394737550e+02
2.849549751707256178e+02
2.858026494300251557e+02
2.853680580997739185e+02
2.858026494300251557e+02
2.855184563145308516e+02
2.852687612764408414e+02
2.853305780161548455e+02
2.859604802396290211e+02
2.856275360187846672e+02
2.878720184810768501e+02
2.861561296782222144e+02
2.876235433854770349e+02
2.855184563145308516e+02
2.852559650314047985e+02
2.850679397868665319e+02
2.858245626901039600e+02
2.851742118678828319e+02
2.853108393149453832e+02
2.855184563145308516e+02
2.857672818959004530e+02
2.858683429985561588e+02
2.878227127035432318e+02
2.849057041816386686e+02
2.858503303319940869e+02
2.851338633864453982e+02
2.853680580997739185e+02
2.858245626901039600e+02
2.851116909974653595e+02
2.857543400862788303e+02
2.868107803198907391e+02
2.867025356780375205e+02
2.856794594690465487e+02
2.857469191184775923e+02
2.868760355977435665e+02
2.852669443220543712e+02
2.868743322068116868e+02
2.865593835756123440e+02
2.876265913672081638e+02
2.859408168916756381e+02
2.850786930061837552e+02
2.870120153604514712e+02
2.868620336554120058e+02
2.870747255707286172e+02
2.861743999355198866e+02
2.857672130351573401e+02
2.866450133044323820e+02
2.867588393266098592e+02
2.856291513711515790e+02
2.865525129090586915e+02
2.865489135700328234e+02
2.875966979742148055e+02
2.848852625094526729e+02
2.876697078495171240e+02
2.852669443220543712e+02
2.867616114045331983e+02
2.859604802396290211e+02
2.848285732351096158e+02
2.849305809969334859e+02
2.852669443220543712e+02
2.857672130351573401e+02
2.858503303319940869e+02
2.855184563145308516e+02
2.870689860625237202e+02
2.865382148044886321e+02
2.849552800358606532e+02
2.866686946680143251e+02
2.853108393149453832e+02
2.851742118678828319e+02
2.852633396828630339e+02
2.856087444760212293e+02
2.845158002059998807e+02
2.857265821872106244e+02
2.855184563145308516e+02
2.845450095318985291e+02
2.869567754813429588e+02
2.849680276170458910e+02
2.855262726521598893e+02
2.851338633864453982e+02
2.863891237825965277e+02
2.867753057250804432e+02
2.865445924417950891e+02
2.856599104284779855e+02
2.869567754813429588e+02
2.851620938394737550e+02
2.857321306457502033e+02
2.876697078495171240e+02
2.868074683535044755e+02
2.868021601981972708e+02
2.869447090732933248e+02
2.868556148442584117e+02
2.868556148442584117e+02
2.874384884016602655e+02
2.867559668258935517e+02
2.851742118678828319e+02
2.844584770249113035e+02
2.855343116307747664e+02
2.841826499346136643e+02
2.850930453930242265e+02
2.851620938394737550e+02
2.849552800358606532e+02
2.858245626901039600e+02
2.866686946680143251e+02
2.852606077556034734e+02
2.852184130704351332e+02
2.849147133785973551e+02
2.858224034756503329e+02
2.848460779459032892e+02
2.871203087447049711e+02
2.863891237825965277e+02
2.872933558556667322e+02
2.841826499346136643e+02
2.842444547984504197e+02
2.866731040781700699e+02
2.851742118678828319e+02
2.868516269324754830e+02
2.848285732351096158e+02
2.857247956865107312e+02
2.866575585814931628e+02
2.848016852002927521e+02
2.856599104284779855e+02
2.848460779459032892e+02
2.852559650314047985e+02
2.851742118678828319e+02
2.865222534724147181e+02
2.849612997295711807e+02
2.865889941405615673e+02
2.867789530479626592e+02
2.869447090732933248e+02
2.857864118700780409e+02
2.857402993607046824e+02
2.867753057250804432e+02
2.857595178202578268e+02
2.865946434264899381e+02
2.848782222430822344e+02
2.869049407256871973e+02
2.849305809969334859e+02
2.866197342261236827e+02
2.853979717813811021e+02
2.867919217814907711e+02
2.849214205984965815e+02
2.859039829963986676e+02
2.847046533063992229e+02
2.846579270001403188e+02
2.846764351557312125e+02
2.852637398454438653e+02
2.845913545518886281e+02
2.841009329090121582e+02
2.866575585814931628e+02
2.844584770249113035e+02
2.849552800358606532e+02
2.865445924417950891e+02
2.850123505455490545e+02
2.848204536528175481e+02
2.836266133386239403e+02
2.869049407256871973e+02
2.852606077556034734e+02
2.868675205143016456e+02
2.848593959407775174e+02
2.848782222430822344e+02
2.849173098949436280e+02
2.852637398454438653e+02
2.863065549096876339e+02
2.849859782486485642e+02
2.845450095318985291e+02
2.863891237825965277e+02
2.849130732310305802e+02
2.851742118678828319e+02
2.852184130704351332e+02
2.849612997295711807e+02
2.849726930741687170e+02
2.847815114709234763e+02
2.847989950779321475e+02
2.852637398454438653e+02
2.834589358757410196e+02
2.849261394286076552e+02
2.872430513457156849e+02
2.863065549096876339e+02
2.876673786757277753e+02
2.863724715378156134e+02
2.857462090721098775e+02
2.863065549096876339e+02
2.868454241732499668e+02
2.853869353821471577e+02
2.849238582421965589e+02
2.848060089847858194e+02
2.849552800358606532e+02
2.867144580059800774e+02
2.853108393149453832e+02
2.869049407256871973e+02
2.849375812548491922e+02
2.856917390094459392e+02
2.868556148442584117e+02
2.853869353821471577e+02
2.853596400423570003e+02
2.849543468712977869e+02
2.849543468712977869e+02
2.855435712449757943e+02
2.846762689884220663e+02
2.849057041816386686e+02
2.849543468712977869e+02
2.849612997295711807e+02
2.849804329055949665e+02
2.849149762853275547e+02
2.853596400423570003e+02
2.852559650314047985e+02
2.851742118678828319e+02
2.850123505455490545e+02
2.862907598140267851e+02
2.854144076588942198e+02
2.849552800358606532e+02
2.854456691784292843e+02
2.855184563145308516e+02
2.863065549096876339e+02
2.854136058007217116e+02
2.865445924417950891e+02
2.848246395057381619e+02
2.847665793196027835e+02
2.868454241732499668e+02
2.857275569902810730e+02
2.867753057250804432e+02
2.866686946680143251e+02
2.870848428679953486e+02
2.859665152155036481e+02
2.849625019413549580e+02
2.869049407256871973e+02
2.849149762853275547e+02
2.856385880232986665e+02
2.849726930741687170e+02
2.852633396828630339e+02
2.857402993607046824e+02
2.859208570565374998e+02
2.847989950779321475e+02
2.869049407256871973e+02
2.844310405044668641e+02
2.867616114045331983e+02
2.859059578044067393e+02
2.859816472065981543e+02
2.855184563145308516e+02
2.856599104284779855e+02
2.863065549096876339e+02
2.858820771229609932e+02
2.858026494300251557e+02
2.867919217814907711e+02
2.849552800358606532e+02
2.851338633864453982e+02
2.863891237825965277e+02
2.870659314652795047e+02
2.855343116307747664e+02
2.865445924417950891e+02
2.857672130351573401e+02
2.865445924417950891e+02
2.876697078495171240e+02
2.854193499020749414e+02
2.848782222430822344e+02
2.850123505455490545e+02
2.849804329055949665e+02
2.865823562914981721e+02
2.868359301013002209e+02
2.867163164310539969e+02
2.847768126673917095e+02
2.856917390094459392e+02
2.857247956865107312e+02
2.860820876468228562e+02
2.847989950779321475e+02
2.860070907490631953e+02
2.865445924417950891e+02
2.847914518525038261e+02
2.852637398454438653e+02
2.862703242861642252e+02
2.857672130351573401e+02
2.851620938394737550e+02
2.867614501837011289e+02
2.863065549096876339e+02
2.868743322068116868e+02
2.855184563145308516e+02
2.851620938394737550e+02
2.855184563145308516e+02
2.849612997295711807e+02
2.849632692171454664e+02
2.853979717813811021e+02
2.857247956865107312e+02
2.848593959407775174e+02
2.852633396828630339e+02
2.849632692171454664e+02
2.865445924417950891e+02
2.848016852002927521e+02
2.867614501837011289e+02
2.852637398454438653e+02
2.863065549096876339e+02
2.850123505455490545e+02
2.852687612764408414e+02
2.862907598140267851e+02
2.849612997295711807e+02
2.865823562914981721e+02
2.868454241732499668e+02
2.867559668258935517e+02
2.867163164310539969e+02
2.852184130704351332e+02
2.866575585814931628e+02
2.850123505455490545e+02
2.866575585814931628e+02
2.874908163692472272e+02
2.866731040781700699e+02
2.850123505455490545e+02
2.876697078495171240e+02
2.863870398111416193e+02
2.850123505455490545e+02
2.865394195461963136e+02
2.857462090721098775e+02
2.855343116307747664e+02
2.869049407256871973e+02
2.853869353821471577e+02
2.850123505455490545e+02
2.864624907745958353e+02
2.868236530413277592e+02
2.851620938394737550e+02
2.849680276170458910e+02
2.851854901408225942e+02
2.857402993607046824e+02
2.867588393266098592e+02
2.857672130351573401e+02
2.858945794966119252e+02
2.866080085973540008e+02
2.857402993607046824e+02
2.868556148442584117e+02
2.852633396828630339e+02
2.863065549096876339e+02
2.852633396828630339e+02
2.866080085973540008e+02
2.865382148044886321e+02
2.867919217814907711e+02
2.868236530413277592e+02
2.867559668258935517e+02
2.867559668258935517e+02
2.849214205984965815e+02
2.849552800358606532e+02
2.867616114045331983e+02
2.852559650314047985e+02
2.852687612764408414e+02
2.856643001672733817e+02
2.857402993607046824e+02
2.857499434206035289e+02
2.856942168727778721e+02
2.857672130351573401e+02
2.865394195461963136e+02
2.867919217814907711e+02
2.847768126673917095e+02
2.866686946680143251e+02
2.857672818959004530e+02
2.869447090732933248e+02
2.852994710696391394e+02
2.865946434264899381e+02
2.868236530413277592e+02
2.855184563145308516e+02
2.857672130351573401e+02
2.852633396828630339e+02
2.866080085973540008e+02
2.857321306457502033e+02
2.875600107464334201e+02
2.858503303319940869e+02
2.849586963882227337e+02
2.849214205984965815e+02
2.868236530413277592e+02
2.850786930061837552e+02
2.865525129090586915e+02
2.861393233680378785e+02
2.857802429796028605e+02
2.858245626901039600e+02
2.850529688838558968e+02
2.836415045922752256e+02
2.856835426877108262e+02
2.870659314652795047e+02
2.854902188600808017e+02
2.874258123885501277e+02
2.856218355811576544e+02
2.861743999355198866e+02
2.849843210415869521e+02
2.885621088406899730e+02
2.836025531203108585e+02
2.835353600552688249e+02
2.855165598120436812e+02
2.861743999355198866e+02
2.859604802396290211e+02
2.853632260090513455e+02
2.876956979843733961e+02
2.858521460617263301e+02
2.869294003844309486e+02
2.867588393266098592e+02
2.852633396828630339e+02
2.855377240685828610e+02
2.857321306457502033e+02
2.857754322893156882e+02
2.857402993607046824e+02
2.858945794966119252e+02
2.864905956743083379e+02
2.847122553695974148e+02
2.850818740892802339e+02
2.857704143059120270e+02
2.858752117930457075e+02
2.857469191184775923e+02
2.869447090732933248e+02
2.861969117963485019e+02
2.859408168916756381e+02
2.865525129090586915e+02
2.858945794966119252e+02
2.867841338359777978e+02
2.863908608818681500e+02
2.869447090732933248e+02
2.857307857517849357e+02
2.852630565497983071e+02
2.851742118678828319e+02
2.865823562914981721e+02
2.861743999355198866e+02
2.866080085973540008e+02
2.857321306457502033e+02
2.858026494300251557e+02
2.857402993607046824e+02
2.858758233549668262e+02
2.870747255707286172e+02
2.875005032919839323e+02
2.863908608818681500e+02
2.870332677409924145e+02
2.858752117930457075e+02
2.857672130351573401e+02
2.858752117930457075e+02
2.849612997295711807e+02
2.852630565497983071e+02
2.859320234535711620e+02
2.852669443220543712e+02
2.856385880232986665e+02
2.866080085973540008e+02
2.857672130351573401e+02
2.851854901408225942e+02
2.866575585814931628e+02
2.873004382445555507e+02
2.848056729984151616e+02
2.848167976746943850e+02
