2.859977111816406250e+02
2.856019897460937500e+02
2.855020751953125000e+02
2.853848571777343750e+02
2.855407714843750000e+02
2.859890136718750000e+02
2.856046447753906250e+02
2.854155273437500000e+02
2.856908569335937500e+02
2.853515319824218750e+02
2.854488830566406250e+02
2.858236694335937500e+02
2.857850341796875000e+02
2.855460510253906250e+02
2.856908569335937500e+02
2.855127868652343750e+02
2.855965270996093750e+02
2.857321472167968750e+02
2.862122802734375000e+02
2.860279846191406250e+02
2.859067077636718750e+02
2.860942382812500000e+02
2.858431091308593750e+02
2.860279846191406250e+02
2.860279846191406250e+02
2.861460571289062500e+02
2.852900390625000000e+02
2.858619079589843750e+02
2.858763122558593750e+02
2.855714111328125000e+02
2.856519775390625000e+02
2.856908569335937500e+02
2.856575927734375000e+02
2.858459167480468750e+02
2.855047912597656250e+02
2.855381164550781250e+02
2.856214904785156250e+02
2.858374023437500000e+02
2.857850341796875000e+02
2.855576171875000000e+02
2.855047912597656250e+02
2.857240905761718750e+02
2.855660095214843750e+02
2.854795227050781250e+02
2.856936035156250000e+02
2.854381103515625000e+02
2.857157592773437500e+02
2.855687255859375000e+02
2.854129028320312500e+02
2.856963195800781250e+02
2.857573242187500000e+02
2.859370422363281250e+02
2.858098754882812500e+02
2.860279846191406250e+02
2.855047912597656250e+02
2.855047912597656250e+02
2.857518310546875000e+02
2.856242980957031250e+02
2.856298217773437500e+02
2.855909729003906250e+02
2.857878112792968750e+02
2.855326538085937500e+02
2.855048217773437500e+02
2.859587402343750000e+02
2.858981018066406250e+02
2.857737426757812500e+02
2.857462158203125000e+02
2.855047912597656250e+02
2.855909729003906250e+02
2.857766113281250000e+02
2.858431091308593750e+02
2.856242980957031250e+02
2.855909729003906250e+02
2.855881347656250000e+02
2.857518310546875000e+02
2.859948425292968750e+02
2.857240905761718750e+02
2.856352233886718750e+02
2.854795227050781250e+02
2.854514770507812500e+02
2.854207763671875000e+02
2.858459167480468750e+02
2.857518310546875000e+02
2.854714660644531250e+02
2.854795227050781250e+02
2.856630859375000000e+02
2.853181457519531250e+02
2.857240905761718750e+02
2.861129150390625000e+02
2.852644653320312500e+02
2.850174255371093750e+02
2.853567810058593750e+02
2.858734741210937500e+02
2.858459167480468750e+02
2.855714111328125000e+02
2.861460571289062500e+02
2.855434570312500000e+02
2.852102661132812500e+02
2.860005187988281250e+02
2.857850341796875000e+02
2.858236694335937500e+02
2.860033264160156250e+02
2.856378784179687500e+02
2.860942382812500000e+02
2.853644104003906250e+02
2.859094543457031250e+02
2.862395019531250000e+02
2.858154907226562500e+02
2.851175537109375000e+02
2.850889892578125000e+02
2.858567810058593750e+02
2.858845214843750000e+02
2.854308471679687500e+02
2.855511779785156250e+02
2.858763122558593750e+02
2.861187744140625000e+02
2.850223083496093750e+02
2.857850341796875000e+02
2.857042236328125000e+02
2.857321472167968750e+02
2.860279846191406250e+02
2.858734741210937500e+02
2.858818664550781250e+02
2.858459167480468750e+02
2.861820678710937500e+02
2.853076782226562500e+02
2.860639648437500000e+02
2.858763122558593750e+02
2.862064208984375000e+02
2.843124084472656250e+02
2.841861877441406250e+02
2.852127075195312500e+02
2.859616394042968750e+02
2.843419189453125000e+02
2.853052368164062500e+02
2.851769409179687500e+02
2.862004394531250000e+02
2.861401367187500000e+02
2.863208007812500000e+02
2.859729614257812500e+02
2.863716125488281250e+02
2.862696533203125000e+02
2.861187744140625000e+02
2.856019897460937500e+02
2.856298217773437500e+02
2.866533203125000000e+02
2.856046447753906250e+02
2.859480895996093750e+02
2.861603698730468750e+02
2.859149780273437500e+02
2.860524902343750000e+02
2.856046447753906250e+02
2.856853027343750000e+02
2.854435424804687500e+02
2.857953186035156250e+02
2.856880798339843750e+02
2.857489929199218750e+02
2.860524902343750000e+02
2.855937805175781250e+02
2.859225158691406250e+02
2.856242980957031250e+02
2.857953186035156250e+02
2.856853027343750000e+02
2.861880798339843750e+02
2.852926635742187500e+02
2.852566528320312500e+02
2.855381164550781250e+02
2.855992736816406250e+02
2.859122619628906250e+02
2.859341735839843750e+02
2.859094543457031250e+02
2.856019897460937500e+02
2.858209533691406250e+02
2.857295227050781250e+02
2.856657714843750000e+02
2.855714111328125000e+02
2.853644104003906250e+02
2.856936035156250000e+02
2.855660095214843750e+02
2.855434570312500000e+02
2.854233398437500000e+02
2.856684265136718750e+02
2.855434570312500000e+02
2.856298217773437500e+02
2.860611267089843750e+02
2.857518310546875000e+02
2.854514770507812500e+02
2.856630859375000000e+02
2.855660095214843750e+02
2.858182678222656250e+02
2.856298217773437500e+02
2.857905273437500000e+02
2.859616394042968750e+02
2.858459167480468750e+02
2.856853027343750000e+02
2.858126831054687500e+02
2.856603698730468750e+02
2.855687255859375000e+02
2.855660095214843750e+02
2.854821472167968750e+02
2.852644653320312500e+02
2.857268066406250000e+02
2.856098937988281250e+02
2.862180175781250000e+02
2.859453735351562500e+02
2.856603698730468750e+02
2.858402709960937500e+02
2.857573242187500000e+02
2.859067077636718750e+02
2.860033264160156250e+02
2.860942382812500000e+02
2.857518310546875000e+02
2.859094543457031250e+02
2.859645080566406250e+02
2.859702148437500000e+02
2.854514770507812500e+02
2.860554199218750000e+02
2.856072998046875000e+02
2.854181823730468750e+02
2.854847412109375000e+02
2.857905273437500000e+02
2.859038696289062500e+02
2.856963195800781250e+02
2.856880798339843750e+02
2.859702148437500000e+02
2.855486450195312500e+02
2.854207763671875000e+02
2.856853027343750000e+02
2.851719665527343750e+02
2.856736755371093750e+02
2.855714111328125000e+02
2.855153808593750000e+02
2.854514770507812500e+02
2.854847412109375000e+02
2.856405029296875000e+02
2.856456298828125000e+02
2.854566040039062500e+02
2.854181823730468750e+02
2.855714111328125000e+02
2.861187744140625000e+02
2.854591064453125000e+02
2.856908569335937500e+02
2.853593139648437500e+02
2.854847412109375000e+02
2.857321472167968750e+02
2.854795227050781250e+02
2.855153808593750000e+02
2.858514099121093750e+02
2.863569335937500000e+02
2.855381164550781250e+02
2.861129150390625000e+02
2.854181823730468750e+02
2.855381164550781250e+02
2.857240905761718750e+02
2.856684570312500000e+02
2.855381164550781250e+02
2.854821472167968750e+02
2.857185668945312500e+02
2.860942382812500000e+02
2.857295227050781250e+02
2.854181823730468750e+02
2.855460510253906250e+02
2.855992736816406250e+02
2.855180053710937500e+02
2.857573242187500000e+02
2.853285522460937500e+02
2.853567810058593750e+02
2.855047912597656250e+02
2.855714111328125000e+02
2.852926635742187500e+02
2.856908569335937500e+02
2.855127868652343750e+02
2.858126831054687500e+02
2.856657714843750000e+02
2.859811096191406250e+02
2.860942382812500000e+02
2.855205078125000000e+02
2.855992736816406250e+02
2.857850341796875000e+02
2.855511779785156250e+02
2.860251464843750000e+02
2.858289184570312500e+02
2.856325378417968750e+02
2.854847412109375000e+02
2.855992736816406250e+02
2.855127868652343750e+02
2.856046447753906250e+02
2.855766906738281250e+02
2.855992736816406250e+02
2.853515319824218750e+02
2.854514770507812500e+02
2.858236694335937500e+02
2.857850341796875000e+02
2.859729614257812500e+02
2.856657714843750000e+02
2.856547851562500000e+02
2.853515319824218750e+02
2.861272888183593750e+02
2.858706359863281250e+02
2.857347717285156250e+02
2.854514770507812500e+02
2.859948425292968750e+02
2.856657714843750000e+02
2.857185668945312500e+02
2.853567810058593750e+02
2.854768676757812500e+02
2.855460510253906250e+02
2.862064208984375000e+02
2.856046447753906250e+02
2.857295227050781250e+02
2.856378784179687500e+02
2.856325378417968750e+02
2.855153808593750000e+02
2.857878112792968750e+02
2.857321472167968750e+02
2.859948425292968750e+02
2.857518310546875000e+02
2.858236694335937500e+02
2.858514099121093750e+02
2.857268066406250000e+02
2.858818664550781250e+02
2.859616394042968750e+02
2.856378784179687500e+02
2.857042236328125000e+02
2.859757385253906250e+02
2.860279846191406250e+02
2.859645080566406250e+02
2.857573242187500000e+02
2.860797729492187500e+02
2.857822570800781250e+02
2.856710815429687500e+02
2.857850341796875000e+02
2.859094543457031250e+02
2.859149780273437500e+02
2.860856323242187500e+02
2.858763122558593750e+02
2.858154907226562500e+02
2.859426269531250000e+02
2.858182678222656250e+02
2.860667419433593750e+02
2.859398498535156250e+02
2.858567810058593750e+02
2.860336608886718750e+02
2.859038696289062500e+02
2.859426269531250000e+02
2.858431091308593750e+02
2.858486633300781250e+02
2.853515319824218750e+02
2.855714111328125000e+02
2.854923095703125000e+02
2.857878112792968750e+02
2.857573242187500000e+02
2.856657714843750000e+02
2.861603698730468750e+02
2.859702148437500000e+02
2.855180053710937500e+02
2.852102661132812500e+02
2.850556640625000000e+02
2.854847412109375000e+02
2.852336425781250000e+02
2.853593139648437500e+02
2.857822570800781250e+02
2.854283752441406250e+02
2.854000854492187500e+02
2.853644104003906250e+02
2.848116760253906250e+02
2.857295227050781250e+02
2.852102661132812500e+02
2.852978210449218750e+02
2.854923095703125000e+02
2.856430969238281250e+02
2.850889892578125000e+02
2.857958374023437500e+02
2.860005187988281250e+02
2.860970153808593750e+02
2.854847412109375000e+02
2.862968139648437500e+02
2.856352233886718750e+02
2.854514770507812500e+02
2.854233398437500000e+02
2.856963195800781250e+02
2.856046447753906250e+02
2.854821472167968750e+02
2.856352233886718750e+02
2.855180053710937500e+02
2.859757385253906250e+02
2.853076782226562500e+02
2.860942382812500000e+02
2.855818481445312500e+02
2.856098937988281250e+02
2.855511779785156250e+02
2.858567810058593750e+02
2.859426269531250000e+02
2.857704772949218750e+02
2.863113708496093750e+02
2.859426269531250000e+02
2.858459167480468750e+02
2.856963195800781250e+02
2.840932312011718750e+02
2.838056945800781250e+02
2.839010925292968750e+02
2.846911010742187500e+02
2.841565246582031250e+02
2.847557067871093750e+02
2.845324401855468750e+02
2.858898925781250000e+02
2.846325988769531250e+02
2.857730407714843750e+02
2.848181457519531250e+02
2.854000854492187500e+02
2.853360900878906250e+02
2.850913085937500000e+02
2.856990051269531250e+02
2.850842285156250000e+02
2.859702148437500000e+02
2.853976440429687500e+02
2.859702148437500000e+02
2.859094543457031250e+02
2.855792541503906250e+02
2.854591064453125000e+02
2.859757385253906250e+02
2.852127075195312500e+02
2.864289245605468750e+02
2.861216430664062500e+02
2.863628845214843750e+02
2.859094543457031250e+02
2.856378784179687500e+02
2.855205078125000000e+02
2.858514099121093750e+02
2.857573242187500000e+02
2.857878112792968750e+02
2.859094543457031250e+02
2.860308532714843750e+02
2.859453735351562500e+02
2.865729980468750000e+02
2.854873046875000000e+02
2.859426269531250000e+02
2.857295227050781250e+02
2.853976440429687500e+02
2.858514099121093750e+02
2.853951416015625000e+02
2.854640502929687500e+02
2.860418701171875000e+02
2.858898925781250000e+02
2.851555786132812500e+02
2.851532287597656250e+02
2.863113708496093750e+02
2.855843811035156250e+02
2.860694885253906250e+02
2.859229431152343750e+02
2.863716125488281250e+02
2.858236694335937500e+02
2.853644104003906250e+02
2.863056335449218750e+02
2.862180175781250000e+02
2.863959350585937500e+02
2.860391845703125000e+02
2.860611267089843750e+02
2.861849365234375000e+02
2.861603698730468750e+02
2.854972229003906250e+02
2.862453308105468750e+02
2.860885314941406250e+02
2.862998046875000000e+02
2.856019897460937500e+02
2.862395019531250000e+02
2.855843811035156250e+02
2.859370422363281250e+02
2.859757385253906250e+02
2.854181823730468750e+02
2.856325378417968750e+02
2.855843811035156250e+02
2.860611267089843750e+02
2.859426269531250000e+02
2.859094543457031250e+02
2.861762695312500000e+02
2.861547241210937500e+02
2.855714111328125000e+02
2.859673767089843750e+02
2.857878112792968750e+02
2.857573242187500000e+02
2.857905273437500000e+02
2.852815246582031250e+02
2.846556091308593750e+02
2.851484985351562500e+02
2.859094543457031250e+02
2.854207763671875000e+02
2.861158447265625000e+02
2.855180053710937500e+02
2.858790588378906250e+02
2.857295227050781250e+02
2.858431091308593750e+02
2.860827026367187500e+02
2.858098754882812500e+02
2.858818664550781250e+02
2.861158447265625000e+02
2.856990051269531250e+02
2.857016296386718750e+02
2.862395019531250000e+02
2.859507446289062500e+02
2.861878051757812500e+02
2.860667419433593750e+02
2.861791992187500000e+02
2.861791992187500000e+02
2.862666931152343750e+02
2.860554199218750000e+02
2.857573242187500000e+02
2.853900756835937500e+02
2.858486633300781250e+02
2.851976928710937500e+02
2.854258728027343750e+02
2.856989746093750000e+02
2.855714111328125000e+02
2.858514099121093750e+02
2.859673767089843750e+02
2.856242980957031250e+02
2.857240905761718750e+02
2.854155273437500000e+02
2.857489929199218750e+02
2.854795227050781250e+02
2.858981018066406250e+02
2.858431091308593750e+02
2.860465393066406250e+02
2.851976928710937500e+02
2.852053527832031250e+02
2.860222167968750000e+02
2.857573242187500000e+02
2.862754821777343750e+02
2.854181823730468750e+02
2.858182678222656250e+02
2.859616394042968750e+02
2.855407714843750000e+02
2.858818664550781250e+02
2.854795227050781250e+02
2.856378784179687500e+02
2.857573242187500000e+02
2.858402709960937500e+02
2.856072998046875000e+02
2.861187744140625000e+02
2.861489868164062500e+02
2.860667419433593750e+02
2.858126831054687500e+02
2.856710815429687500e+02
2.860827026367187500e+02
2.857822570800781250e+02
2.860942382812500000e+02
2.856630859375000000e+02
2.859038696289062500e+02
2.856325378417968750e+02
2.860524902343750000e+02
2.856575927734375000e+02
2.859948425292968750e+02
2.856963195800781250e+02
2.858459167480468750e+02
2.856186523437500000e+02
2.854714660644531250e+02
2.855326538085937500e+02
2.856908569335937500e+02
2.853234252929687500e+02
2.852311096191406250e+02
2.859616394042968750e+02
2.853900756835937500e+02
2.855714111328125000e+02
2.858098754882812500e+02
2.856046447753906250e+02
2.854768676757812500e+02
2.855576171875000000e+02
2.859038696289062500e+02
2.856242980957031250e+02
2.858706359863281250e+02
2.855965270996093750e+02
2.856630859375000000e+02
2.855047912597656250e+02
2.856908569335937500e+02
2.858763122558593750e+02
2.855993041992187500e+02
2.854207763671875000e+02
2.858431091308593750e+02
2.856298217773437500e+02
2.857573242187500000e+02
2.857240905761718750e+02
2.856072998046875000e+02
2.856603698730468750e+02
2.854435424804687500e+02
2.854514770507812500e+02
2.856908569335937500e+02
2.855604248046875000e+02
2.855660095214843750e+02
2.859557800292968750e+02
2.858763122558593750e+02
2.864377136230468750e+02
2.858315429687500000e+02
2.860005187988281250e+02
2.858763122558593750e+02
2.859341735839843750e+02
2.858209533691406250e+02
2.856270751953125000e+02
2.854821472167968750e+02
2.855714111328125000e+02
2.859313354492187500e+02
2.857878112792968750e+02
2.859038696289062500e+02
2.856352233886718750e+02
2.856853027343750000e+02
2.861791992187500000e+02
2.858209533691406250e+02
2.857545776367187500e+02
2.857268066406250000e+02
2.857268066406250000e+02
2.857462158203125000e+02
2.853926391601562500e+02
2.854873046875000000e+02
2.857268066406250000e+02
2.856072998046875000e+02
2.855381164550781250e+02
2.855766906738281250e+02
2.857545776367187500e+02
2.856378784179687500e+02
2.857573242187500000e+02
2.856046447753906250e+02
2.859067077636718750e+02
2.857213439941406250e+02
2.855714111328125000e+02
2.857157592773437500e+02
2.859094543457031250e+02
2.858763122558593750e+02
2.859398498535156250e+02
2.858098754882812500e+02
2.855074768066406250e+02
2.855434570312500000e+02
2.859341735839843750e+02
2.857626953125000000e+02
2.860827026367187500e+02
2.859673767089843750e+02
2.858374023437500000e+02
2.857518310546875000e+02
2.854847412109375000e+02
2.859038696289062500e+02
2.855766906738281250e+02
2.857321777343750000e+02
2.856603698730468750e+02
2.857905273437500000e+02
2.856710815429687500e+02
2.858154907226562500e+02
2.854514770507812500e+02
2.859038696289062500e+02
2.853618774414062500e+02
2.859370422363281250e+02
2.856736755371093750e+02
2.857850341796875000e+02
2.859094543457031250e+02
2.858818664550781250e+02
2.858763122558593750e+02
2.858263244628906250e+02
2.859702148437500000e+02
2.859948425292968750e+02
2.855714111328125000e+02
2.857295227050781250e+02
2.858431091308593750e+02
2.860364074707031250e+02
2.858486633300781250e+02
2.858098754882812500e+02
2.860611267089843750e+02
2.858098754882812500e+02
2.862395019531250000e+02
2.857433166503906250e+02
2.856630859375000000e+02
2.856046447753906250e+02
2.855381164550781250e+02
2.860279846191406250e+02
2.859645080566406250e+02
2.860251464843750000e+02
2.855740661621093750e+02
2.856853027343750000e+02
2.858182678222656250e+02
2.857185668945312500e+02
2.854514770507812500e+02
2.857794494628906250e+02
2.858098754882812500e+02
2.855101623535156250e+02
2.856908569335937500e+02
2.859784545898437500e+02
2.860611267089843750e+02
2.856990051269531250e+02
2.860856323242187500e+02
2.858763122558593750e+02
2.860694885253906250e+02
2.859094543457031250e+02
2.856990051269531250e+02
2.859094543457031250e+02
2.856072998046875000e+02
2.856657714843750000e+02
2.856575927734375000e+02
2.858182678222656250e+02
2.855965270996093750e+02
2.857905273437500000e+02
2.856657714843750000e+02
2.858098754882812500e+02
2.855407714843750000e+02
2.860856323242187500e+02
2.856908569335937500e+02
2.858763122558593750e+02
2.856046447753906250e+02
2.855792541503906250e+02
2.859067077636718750e+02
2.856072998046875000e+02
2.860279846191406250e+02
2.859341735839843750e+02
2.860554199218750000e+02
2.860251464843750000e+02
2.857240905761718750e+02
2.859616394042968750e+02
2.856046447753906250e+02
2.859616394042968750e+02
2.862064208984375000e+02
2.860222167968750000e+02
2.856046447753906250e+02
2.862395019531250000e+02
2.858734741210937500e+02
2.856046447753906250e+02
2.860582580566406250e+02
2.860005187988281250e+02
2.858486633300781250e+02
2.859038696289062500e+02
2.858209533691406250e+02
2.856046447753906250e+02
2.860088195800781250e+02
2.860033264160156250e+02
2.856990051269531250e+02
2.855180053710937500e+02
2.856684265136718750e+02
2.856710815429687500e+02
2.861603698730468750e+02
2.860611267089843750e+02
2.857042236328125000e+02
2.862122802734375000e+02
2.856710815429687500e+02
2.861791992187500000e+02
2.857905273437500000e+02
2.858763122558593750e+02
2.857905273437500000e+02
2.862122802734375000e+02
2.861547241210937500e+02
2.859948425292968750e+02
2.860033264160156250e+02
2.860554199218750000e+02
2.860554199218750000e+02
2.856963195800781250e+02
2.855714111328125000e+02
2.859370422363281250e+02
2.856378784179687500e+02
2.855792541503906250e+02
2.849626464843750000e+02
2.856710815429687500e+02
2.852102661132812500e+02
2.859122619628906250e+02
2.860611267089843750e+02
2.860582580566406250e+02
2.859948425292968750e+02
2.855740661621093750e+02
2.859673767089843750e+02
2.860308532714843750e+02
2.860667419433593750e+02
2.854898376464843750e+02
2.860942382812500000e+02
2.860033264160156250e+02
2.859094543457031250e+02
2.860610961914062500e+02
2.857905273437500000e+02
2.862122802734375000e+02
2.857016296386718750e+02
2.863328247070312500e+02
2.859426269531250000e+02
2.855460510253906250e+02
2.856963195800781250e+02
2.860033264160156250e+02
2.853644104003906250e+02
2.862453308105468750e+02
2.859176635742187500e+02
2.853076782226562500e+02
2.858514099121093750e+02
2.849672546386718750e+02
2.848160400390625000e+02
2.851222839355468750e+02
2.860364074707031250e+02
2.849960021972656250e+02
2.863357543945312500e+02
2.850293273925781250e+02
2.860391845703125000e+02
2.850005493164062500e+02
2.861933593750000000e+02
2.845031127929687500e+02
2.848493347167968750e+02
2.853147583007812500e+02
2.860391845703125000e+02
2.859757385253906250e+02
2.854283752441406250e+02
2.863085327148437500e+02
2.859149780273437500e+02
2.862481994628906250e+02
2.861603698730468750e+02
2.857905273437500000e+02
2.850580139160156250e+02
2.857016296386718750e+02
2.852768249511718750e+02
2.856710815429687500e+02
2.857042236328125000e+02
2.857373657226562500e+02
2.847181091308593750e+02
2.855511779785156250e+02
2.852792053222656250e+02
2.858845214843750000e+02
2.851532287597656250e+02
2.860667419433593750e+02
2.859480895996093750e+02
2.858236694335937500e+02
2.862453308105468750e+02
2.857042236328125000e+02
2.861575927734375000e+02
2.857679138183593750e+02
2.860667419433593750e+02
2.854308471679687500e+02
2.856098937988281250e+02
2.857573242187500000e+02
2.860279846191406250e+02
2.860391845703125000e+02
2.862122802734375000e+02
2.857016296386718750e+02
2.859702148437500000e+02
2.856710815429687500e+02
2.857347717285156250e+02
2.863959350585937500e+02
2.865490112304687500e+02
2.857679138183593750e+02
2.864560241699218750e+02
2.858845214843750000e+02
2.860611267089843750e+02
2.858845214843750000e+02
2.856072998046875000e+02
2.856098937988281250e+02
2.858567810058593750e+02
2.855843811035156250e+02
2.857321472167968750e+02
2.862122802734375000e+02
2.860611267089843750e+02
2.856684265136718750e+02
2.859616394042968750e+02
2.860797729492187500e+02
2.854540710449218750e+02
2.855127868652343750e+02
