2.862067459579265005e+02
2.847682317943845760e+02
2.842929423948354497e+02
2.844071388236599773e+02
2.846228354642757381e+02
2.874483896189393022e+02
2.847245718818359705e+02
2.844746313037588834e+02
2.853153483692586292e+02
2.844158228963838155e+02
2.843603588368377473e+02
2.855109548823393766e+02
2.852409185545683385e+02
2.847299415156795135e+02
2.853153483692586292e+02
2.844971874130584979e+02
2.850309634159852976e+02
2.853234301832035840e+02
2.868130635920264240e+02
2.863630996060197731e+02
2.857443317359704338e+02
2.861172388043358978e+02
2.861264634256837667e+02
2.863630996060197731e+02
2.863630996060197731e+02
2.874524893400887322e+02
2.844122951032406377e+02
2.857962628458329277e+02
2.856023685796424161e+02
2.846976882595128018e+02
2.847831535392962792e+02
2.853153483692586292e+02
2.853738864090028073e+02
2.854703928350846809e+02
2.846618156112425027e+02
2.847741425845539993e+02
2.845476858597886576e+02
2.866461370116271610e+02
2.852409185545683385e+02
2.837910356131343406e+02
2.846618156112425027e+02
2.850566121230641556e+02
2.848877232269960018e+02
2.844545526690873203e+02
2.849781207058657060e+02
2.835412039951996803e+02
2.856947351874352989e+02
2.848624214083726542e+02
2.844665400132575428e+02
2.848771107492955252e+02
2.849668995067792707e+02
2.858942166614991152e+02
2.864332560369721250e+02
2.863630996060197731e+02
2.846618156112425027e+02
2.846618156112425027e+02
2.856123334948698016e+02
2.849862814030166760e+02
2.850663569796832348e+02
2.843247035935091844e+02
2.850181468526817525e+02
2.844288051091396596e+02
2.846618156112425027e+02
2.873364958425186160e+02
2.870372268851207878e+02
2.857516621371951828e+02
2.859423449273463689e+02
2.846618156112425027e+02
2.843247035935091844e+02
2.861868293314948346e+02
2.861264634256837667e+02
2.849862814030166760e+02
2.843247035935091844e+02
2.839845981877861050e+02
2.856123334948698016e+02
2.869676633470630804e+02
2.850566121230641556e+02
2.847817204225243586e+02
2.844545526690873203e+02
2.843035315411414672e+02
2.842005867330854585e+02
2.854703928350846809e+02
2.856123334948698016e+02
2.841851886645193304e+02
2.844545526690873203e+02
2.849057232773962482e+02
2.840582871153928863e+02
2.850566121230641556e+02
2.877475562677209950e+02
2.837620801560084942e+02
2.836823737754171475e+02
2.840516339904766028e+02
2.863057551464088988e+02
2.854703928350846809e+02
2.846976882595128018e+02
2.874524893400887322e+02
2.845826254903406038e+02
2.853011304695869512e+02
2.857127542946107042e+02
2.852409185545683385e+02
2.855109548823393766e+02
2.856967728100908062e+02
2.849214490370845851e+02
2.861172388043358978e+02
2.849728697845330316e+02
2.853320925834473201e+02
2.872105984387252988e+02
2.853497388922645541e+02
2.855318049754865797e+02
2.859499760413160629e+02
2.860256024817021512e+02
2.856502326460744143e+02
2.858325537421192166e+02
2.853533396754104388e+02
2.856023685796424161e+02
2.867953601217320738e+02
2.849301343817947441e+02
2.852409185545683385e+02
2.855942752130555391e+02
2.853234301832035840e+02
2.863630996060197731e+02
2.863057551464088988e+02
2.853159196783581706e+02
2.854703928350846809e+02
2.866637796730809100e+02
2.859919839509147437e+02
2.859669218393203209e+02
2.856023685796424161e+02
2.875167461519479275e+02
2.830411603444733828e+02
2.827206728322460663e+02
2.858594943844802287e+02
2.873620658263754422e+02
2.834023257003707954e+02
2.856726542755142191e+02
2.844925133660597112e+02
2.876502438349204454e+02
2.876696304564136994e+02
2.875741145390826432e+02
2.855807325707621089e+02
2.875802158722183322e+02
2.872823508695461214e+02
2.867953601217320738e+02
2.847682317943845760e+02
2.850663569796832348e+02
2.877838691342134894e+02
2.847245718818359705e+02
2.863094552931140697e+02
2.870110404440612797e+02
2.857283844383345013e+02
2.876663355254956400e+02
2.847245718818359705e+02
2.854493549512311574e+02
2.845140499002514503e+02
2.848903741241068701e+02
2.855695484616409203e+02
2.859935469647533068e+02
2.876663355254956400e+02
2.847782374809286239e+02
2.860975111506562598e+02
2.849862814030166760e+02
2.848903741241068701e+02
2.854493549512311574e+02
2.857777999478251445e+02
2.842195238621450244e+02
2.841660838800938791e+02
2.847741425845539993e+02
2.849593057936092464e+02
2.853907254551892834e+02
2.866551128463684108e+02
2.853320925834473201e+02
2.847682317943845760e+02
2.851988928432853641e+02
2.850661679529533217e+02
2.848317129645513432e+02
2.846976882595128018e+02
2.849728697845330316e+02
2.849781207058657060e+02
2.848877232269960018e+02
2.845826254903406038e+02
2.844608465281930876e+02
2.849744055858274692e+02
2.845826254903406038e+02
2.850663569796832348e+02
2.860205953127970133e+02
2.856123334948698016e+02
2.843035315411414672e+02
2.849057232773962482e+02
2.848877232269960018e+02
2.850779622952625800e+02
2.850663569796832348e+02
2.851517871287958883e+02
2.873620658263754422e+02
2.854703928350846809e+02
2.854493549512311574e+02
2.859490043726272006e+02
2.851847990035250291e+02
2.848624214083726542e+02
2.848877232269960018e+02
2.844034158570809154e+02
2.837620801560084942e+02
2.849210336086882762e+02
2.850886193306021710e+02
2.869179798085211814e+02
2.858140448258508854e+02
2.851847990035250291e+02
2.866473500446560934e+02
2.849668995067792707e+02
2.857443317359704338e+02
2.856967728100908062e+02
2.861172388043358978e+02
2.856123334948698016e+02
2.853320925834473201e+02
2.868177168240478068e+02
2.855728702605725289e+02
2.843035315411414672e+02
2.872187480906977157e+02
2.848627072228163115e+02
2.842604559656433594e+02
2.845885288322460838e+02
2.851517871287958883e+02
2.864832304768266908e+02
2.848771107492955252e+02
2.855695484616409203e+02
2.855728702605725289e+02
2.849929667892948260e+02
2.842005867330854585e+02
2.854493549512311574e+02
2.835835734275713094e+02
2.855235293322918437e+02
2.846976882595128018e+02
2.846590813897677208e+02
2.843035315411414672e+02
2.845885288322460838e+02
2.851443331132583694e+02
2.858746313040215341e+02
2.849209922534244015e+02
2.842604559656433594e+02
2.846976882595128018e+02
2.867953601217320738e+02
2.853822332455539481e+02
2.853153483692586292e+02
2.840005864511950335e+02
2.845885288322460838e+02
2.853234301832035840e+02
2.844545526690873203e+02
2.846590813897677208e+02
2.852527147409128929e+02
2.874993642095942619e+02
2.847741425845539993e+02
2.877475562677209950e+02
2.842604559656433594e+02
2.847741425845539993e+02
2.850566121230641556e+02
2.849744055858274692e+02
2.847741425845539993e+02
2.844034158570809154e+02
2.857773758470361258e+02
2.861172388043358978e+02
2.850661679529533217e+02
2.842604559656433594e+02
2.847299415156795135e+02
2.849593057936092464e+02
2.849573486833012339e+02
2.849668995067792707e+02
2.839117102767673373e+02
2.840516339904766028e+02
2.846618156112425027e+02
2.846976882595128018e+02
2.842195238621450244e+02
2.853153483692586292e+02
2.844971874130584979e+02
2.859490043726272006e+02
2.848317129645513432e+02
2.870217781350651194e+02
2.861172388043358978e+02
2.853470700140619556e+02
2.849593057936092464e+02
2.852409185545683385e+02
2.853533396754104388e+02
2.871020764202748410e+02
2.864567879245815902e+02
2.848366965196924525e+02
2.845885288322460838e+02
2.849593057936092464e+02
2.844971874130584979e+02
2.847245718818359705e+02
2.847984775484256375e+02
2.849593057936092464e+02
2.844158228963838155e+02
2.843035315411414672e+02
2.855109548823393766e+02
2.852409185545683385e+02
2.855807325707621089e+02
2.848317129645513432e+02
2.852115186657339905e+02
2.844158228963838155e+02
2.865060635496739678e+02
2.868513351439285657e+02
2.856723549142471938e+02
2.843035315411414672e+02
2.869676633470630804e+02
2.848317129645513432e+02
2.857773758470361258e+02
2.840516339904766028e+02
2.846166129628970225e+02
2.847299415156795135e+02
2.875167461519479275e+02
2.847245718818359705e+02
2.850661679529533217e+02
2.849214490370845851e+02
2.848366965196924525e+02
2.846590813897677208e+02
2.850181468526817525e+02
2.853234301832035840e+02
2.869676633470630804e+02
2.856123334948698016e+02
2.855109548823393766e+02
2.852527147409128929e+02
2.849210336086882762e+02
2.853159196783581706e+02
2.873620658263754422e+02
2.849214490370845851e+02
2.855942752130555391e+02
2.859082180094745809e+02
2.863630996060197731e+02
2.868177168240478068e+02
2.849668995067792707e+02
2.876400932556227303e+02
2.857766933273981635e+02
2.852028231083029368e+02
2.852409185545683385e+02
2.853320925834473201e+02
2.857283844383345013e+02
2.873162613161363197e+02
2.856023685796424161e+02
2.853497388922645541e+02
2.854787196284884203e+02
2.850779622952625800e+02
2.862444565746161516e+02
2.854454825145714381e+02
2.860256024817021512e+02
2.858260270575695472e+02
2.864832304768266908e+02
2.854787196284884203e+02
2.861264634256837667e+02
2.851490355730539363e+02
2.844158228963838155e+02
2.846976882595128018e+02
2.857734570756629751e+02
2.850181468526817525e+02
2.849668995067792707e+02
2.848317129645513432e+02
2.870110404440612797e+02
2.855728702605725289e+02
2.849573486833012339e+02
2.853011304695869512e+02
2.856505494992579202e+02
2.845885288322460838e+02
2.836859980740803167e+02
2.840005864511950335e+02
2.857766933273981635e+02
2.854219243597151490e+02
2.858730874086323865e+02
2.849728697845330316e+02
2.851581229274390239e+02
2.850661679529533217e+02
2.853011304695869512e+02
2.838355724872555470e+02
2.857734570756629751e+02
2.854621347251383554e+02
2.859499760413160629e+02
2.858433921212850350e+02
2.857127542946107042e+02
2.863724668635024955e+02
2.845885288322460838e+02
2.875200819570450790e+02
2.847817204225243586e+02
2.843035315411414672e+02
2.844608465281930876e+02
2.848771107492955252e+02
2.847245718818359705e+02
2.844034158570809154e+02
2.847817204225243586e+02
2.849573486833012339e+02
2.859082180094745809e+02
2.859919839509147437e+02
2.861172388043358978e+02
2.853753518450816955e+02
2.850886193306021710e+02
2.853533396754104388e+02
2.860256024817021512e+02
2.854787196284884203e+02
2.865417650204402094e+02
2.874548259720971259e+02
2.854787196284884203e+02
2.854703928350846809e+02
2.848771107492955252e+02
2.829348561134081592e+02
2.831917110707939287e+02
2.829280503520439538e+02
2.839291563345225313e+02
2.828961379741424480e+02
2.832393741708220318e+02
2.839436501799939947e+02
2.866917979339820590e+02
2.820341708700485128e+02
2.863528170763983098e+02
2.834900824410120208e+02
2.858730874086323865e+02
2.856027370903844371e+02
2.858852521106572340e+02
2.850221718086170313e+02
2.847410984769522315e+02
2.855728702605725289e+02
2.854738532100249699e+02
2.855728702605725289e+02
2.853320925834473201e+02
2.850374645675951797e+02
2.853822332455539481e+02
2.859082180094745809e+02
2.858594943844802287e+02
2.876598213669410598e+02
2.863459597858801544e+02
2.874102600359651660e+02
2.853320925834473201e+02
2.849214490370845851e+02
2.853470700140619556e+02
2.852527147409128929e+02
2.849668995067792707e+02
2.850181468526817525e+02
2.853320925834473201e+02
2.858629167410451259e+02
2.858140448258508854e+02
2.879730877079263109e+02
2.849327456248894350e+02
2.854787196284884203e+02
2.850661679529533217e+02
2.854738532100249699e+02
2.852527147409128929e+02
2.849407424590507389e+02
2.859839986118420825e+02
2.872116980501027115e+02
2.866917979339820590e+02
2.858394532017633196e+02
2.859875049094295605e+02
2.874548259720971259e+02
2.857842324391310740e+02
2.867063251311062686e+02
2.872544652270118490e+02
2.875802158722183322e+02
2.855109548823393766e+02
2.849728697845330316e+02
2.871919701743881888e+02
2.869179798085211814e+02
2.875374850572312084e+02
2.866051518685999895e+02
2.860205953127970133e+02
2.865963465332660007e+02
2.870110404440612797e+02
2.857926836540017916e+02
2.869089591633951386e+02
2.866601561424593001e+02
2.873434969561403705e+02
2.847682317943845760e+02
2.872105984387252988e+02
2.857842324391310740e+02
2.858942166614991152e+02
2.859082180094745809e+02
2.842604559656433594e+02
2.848366965196924525e+02
2.857842324391310740e+02
2.860205953127970133e+02
2.854787196284884203e+02
2.853320925834473201e+02
2.874927277504228869e+02
2.864350126193889423e+02
2.846976882595128018e+02
2.860493718096245743e+02
2.850181468526817525e+02
2.849668995067792707e+02
2.851517871287958883e+02
2.857861876721627254e+02
2.847508267052056681e+02
2.854594064449239568e+02
2.853320925834473201e+02
2.842005867330854585e+02
2.873940637705574659e+02
2.849573486833012339e+02
2.852333599904663970e+02
2.850661679529533217e+02
2.861264634256837667e+02
2.877183304670372195e+02
2.864332560369721250e+02
2.853159196783581706e+02
2.873940637705574659e+02
2.850221718086170313e+02
2.852627727790629706e+02
2.872105984387252988e+02
2.869168319144016550e+02
2.867812857523726393e+02
2.862444565746161516e+02
2.870294795428088150e+02
2.870294795428088150e+02
2.875271275602394780e+02
2.872187480906977157e+02
2.849668995067792707e+02
2.840982568671172430e+02
2.851490355730539363e+02
2.844688799262070233e+02
2.849234282857279936e+02
2.850221718086170313e+02
2.846976882595128018e+02
2.852527147409128929e+02
2.860493718096245743e+02
2.849862814030166760e+02
2.850566121230641556e+02
2.844746313037588834e+02
2.859935469647533068e+02
2.844545526690873203e+02
2.870372268851207878e+02
2.861264634256837667e+02
2.871348641959443171e+02
2.844688799262070233e+02
2.837149794261085276e+02
2.875899364861919594e+02
2.849668995067792707e+02
2.870551369692893786e+02
2.842604559656433594e+02
2.850779622952625800e+02
2.873620658263754422e+02
2.846228354642757381e+02
2.853159196783581706e+02
2.844545526690873203e+02
2.849214490370845851e+02
2.849668995067792707e+02
2.866473500446560934e+02
2.848627072228163115e+02
2.867953601217320738e+02
2.869188869620719515e+02
2.862444565746161516e+02
2.859490043726272006e+02
2.852028231083029368e+02
2.877183304670372195e+02
2.857766933273981635e+02
2.861172388043358978e+02
2.849057232773962482e+02
2.864832304768266908e+02
2.848366965196924525e+02
2.876663355254956400e+02
2.853738864090028073e+02
2.869676633470630804e+02
2.848771107492955252e+02
2.854703928350846809e+02
2.841892522145008115e+02
2.841851886645193304e+02
2.844288051091396596e+02
2.853153483692586292e+02
2.842788653912242012e+02
2.841170516071421730e+02
2.873620658263754422e+02
2.840982568671172430e+02
2.846976882595128018e+02
2.864332560369721250e+02
2.847245718818359705e+02
2.846166129628970225e+02
2.837910356131343406e+02
2.864832304768266908e+02
2.849862814030166760e+02
2.868513351439285657e+02
2.850309634159852976e+02
2.849057232773962482e+02
2.846618156112425027e+02
2.853153483692586292e+02
2.856023685796424161e+02
2.849593057936092464e+02
2.842005867330854585e+02
2.861264634256837667e+02
2.850663569796832348e+02
2.849668995067792707e+02
2.850566121230641556e+02
2.848627072228163115e+02
2.851847990035250291e+02
2.845140499002514503e+02
2.843035315411414672e+02
2.853153483692586292e+02
2.841188586071478994e+02
2.848877232269960018e+02
2.868470753575009553e+02
2.856023685796424161e+02
2.875186826867051764e+02
2.868202268183272281e+02
2.857127542946107042e+02
2.856023685796424161e+02
2.866551128463684108e+02
2.851988928432853641e+02
2.851935545364817699e+02
2.844034158570809154e+02
2.846976882595128018e+02
2.872121389502929674e+02
2.850181468526817525e+02
2.864832304768266908e+02
2.847817204225243586e+02
2.854493549512311574e+02
2.870294795428088150e+02
2.851988928432853641e+02
2.851435929666499192e+02
2.849210336086882762e+02
2.849210336086882762e+02
2.859423449273463689e+02
2.844102099178370509e+02
2.849327456248894350e+02
2.849210336086882762e+02
2.848627072228163115e+02
2.847741425845539993e+02
2.847984775484256375e+02
2.851435929666499192e+02
2.849214490370845851e+02
2.849668995067792707e+02
2.847245718818359705e+02
2.857443317359704338e+02
2.854580787956329573e+02
2.846976882595128018e+02
2.856947351874352989e+02
2.853320925834473201e+02
2.856023685796424161e+02
2.854454825145714381e+02
2.864332560369721250e+02
2.846927608341736686e+02
2.845826254903406038e+02
2.866551128463684108e+02
2.853846455706020606e+02
2.877183304670372195e+02
2.860493718096245743e+02
2.866461370116271610e+02
2.856123334948698016e+02
2.845885288322460838e+02
2.864832304768266908e+02
2.847984775484256375e+02
2.853234301832035840e+02
2.851847990035250291e+02
2.851517871287958883e+02
2.852028231083029368e+02
2.853497388922645541e+02
2.843035315411414672e+02
2.864832304768266908e+02
2.843723579070340293e+02
2.858942166614991152e+02
2.855235293322918437e+02
2.852409185545683385e+02
2.853320925834473201e+02
2.853159196783581706e+02
2.856023685796424161e+02
2.859335661853223201e+02
2.855728702605725289e+02
2.869676633470630804e+02
2.846976882595128018e+02
2.850661679529533217e+02
2.861264634256837667e+02
2.861237253094992070e+02
2.851490355730539363e+02
2.864332560369721250e+02
2.860205953127970133e+02
2.864332560369721250e+02
2.872105984387252988e+02
2.855151530001421065e+02
2.849057232773962482e+02
2.847245718818359705e+02
2.847741425845539993e+02
2.863630996060197731e+02
2.868177168240478068e+02
2.871020764202748410e+02
2.846584861228805039e+02
2.854493549512311574e+02
2.850779622952625800e+02
2.857773758470361258e+02
2.843035315411414672e+02
2.862137279692597644e+02
2.864332560369721250e+02
2.845420649266384885e+02
2.853153483692586292e+02
2.864066027109008132e+02
2.860205953127970133e+02
2.850221718086170313e+02
2.873162613161363197e+02
2.856023685796424161e+02
2.867063251311062686e+02
2.853320925834473201e+02
2.850221718086170313e+02
2.853320925834473201e+02
2.848627072228163115e+02
2.848317129645513432e+02
2.853738864090028073e+02
2.850779622952625800e+02
2.850309634159852976e+02
2.851517871287958883e+02
2.848317129645513432e+02
2.864332560369721250e+02
2.846228354642757381e+02
2.873162613161363197e+02
2.853153483692586292e+02
2.856023685796424161e+02
2.847245718818359705e+02
2.850374645675951797e+02
2.857443317359704338e+02
2.848627072228163115e+02
2.863630996060197731e+02
2.866551128463684108e+02
2.872187480906977157e+02
2.871020764202748410e+02
2.850566121230641556e+02
2.873620658263754422e+02
2.847245718818359705e+02
2.873620658263754422e+02
2.875167461519479275e+02
2.875899364861919594e+02
2.847245718818359705e+02
2.872105984387252988e+02
2.863057551464088988e+02
2.847245718818359705e+02
2.865152247005088384e+02
2.857127542946107042e+02
2.851490355730539363e+02
2.864832304768266908e+02
2.851988928432853641e+02
2.847245718818359705e+02
2.865051735617821578e+02
2.856967728100908062e+02
2.850221718086170313e+02
2.849573486833012339e+02
2.849744055858274692e+02
2.852028231083029368e+02
2.870110404440612797e+02
2.860205953127970133e+02
2.855942752130555391e+02
2.868130635920264240e+02
2.852028231083029368e+02
2.870294795428088150e+02
2.851517871287958883e+02
2.856023685796424161e+02
2.851517871287958883e+02
2.868130635920264240e+02
2.864350126193889423e+02
2.869676633470630804e+02
2.856967728100908062e+02
2.872187480906977157e+02
2.872187480906977157e+02
2.848771107492955252e+02
2.846976882595128018e+02
2.858942166614991152e+02
2.849214490370845851e+02
2.850374645675951797e+02
2.857427239824424987e+02
2.852028231083029368e+02
2.853011304695869512e+02
2.853907254551892834e+02
2.860205953127970133e+02
2.865152247005088384e+02
2.869676633470630804e+02
2.846584861228805039e+02
2.860493718096245743e+02
2.858629167410451259e+02
2.862444565746161516e+02
2.853568552199157580e+02
2.861172388043358978e+02
2.856967728100908062e+02
2.853320925834473201e+02
2.860205953127970133e+02
2.851517871287958883e+02
2.868130635920264240e+02
2.852627727790629706e+02
2.873112993449025225e+02
2.854787196284884203e+02
2.847299415156795135e+02
2.848771107492955252e+02
2.856967728100908062e+02
2.849728697845330316e+02
2.869089591633951386e+02
2.862136321270615440e+02
2.859919839509147437e+02
2.852527147409128929e+02
2.855719030028321299e+02
2.843486789829983650e+02
2.859428785078453075e+02
2.861237253094992070e+02
2.858690898434973064e+02
2.873182508985802315e+02
2.857399248256749047e+02
2.866051518685999895e+02
2.853884336985765913e+02
2.875504664269574846e+02
2.833491692210216115e+02
2.836295717415148374e+02
2.853695132818783122e+02
2.866051518685999895e+02
2.859082180094745809e+02
2.854219243597151490e+02
2.872952081615387101e+02
2.857283844383345013e+02
2.870507056305972924e+02
2.870110404440612797e+02
2.851517871287958883e+02
2.859360562095914702e+02
2.852627727790629706e+02
2.860180993498912017e+02
2.852028231083029368e+02
2.855942752130555391e+02
2.861234760856096955e+02
2.849242574483530461e+02
2.853533396754104388e+02
2.860226517517593265e+02
2.856502326460744143e+02
2.859875049094295605e+02
2.862444565746161516e+02
2.863094552931140697e+02
2.855109548823393766e+02
2.869089591633951386e+02
2.855942752130555391e+02
2.866431357457455533e+02
2.862286379397805831e+02
2.862444565746161516e+02
2.858325537421192166e+02
2.850886193306021710e+02
2.849668995067792707e+02
2.863630996060197731e+02
2.866051518685999895e+02
2.868130635920264240e+02
2.852627727790629706e+02
2.855728702605725289e+02
2.852028231083029368e+02
2.856723549142471938e+02
2.875374850572312084e+02
2.878571585384450486e+02
2.862286379397805831e+02
2.877154308460261518e+02
2.856502326460744143e+02
2.860205953127970133e+02
2.856502326460744143e+02
2.848627072228163115e+02
2.850886193306021710e+02
2.860256024817021512e+02
2.857842324391310740e+02
2.853234301832035840e+02
2.868130635920264240e+02
2.860205953127970133e+02
2.849744055858274692e+02
2.873620658263754422e+02
2.876400932556227303e+02
2.845213587506585782e+02
2.844971874130584979e+02
