2.854169006347656250e+02
2.852891845703125000e+02
2.851934204101562500e+02
2.851970214843750000e+02
2.852692260742187500e+02
2.853504028320312500e+02
2.853111572265625000e+02
2.852071228027343750e+02
2.852969970703125000e+02
2.851650695800781250e+02
2.852390747070312500e+02
2.854244384765625000e+02
2.853486022949218750e+02
2.853130187988281250e+02
2.852969970703125000e+02
2.852810974121093750e+02
2.852452392578125000e+02
2.853948059082031250e+02
2.855064086914062500e+02
2.854266052246093750e+02
2.853877563476562500e+02
2.854901428222656250e+02
2.853461608886718750e+02
2.854266052246093750e+02
2.854266052246093750e+02
2.854428710937500000e+02
2.851448059082031250e+02
2.852673645019531250e+02
2.853779907226562500e+02
2.852792053222656250e+02
2.852209777832031250e+02
2.852969970703125000e+02
2.852650756835937500e+02
2.853681945800781250e+02
2.852153015136718750e+02
2.852472839355468750e+02
2.852111206054687500e+02
2.853019714355468750e+02
2.853486022949218750e+02
2.851692504882812500e+02
2.852153015136718750e+02
2.853288879394531250e+02
2.852352905273437500e+02
2.852491455078125000e+02
2.853189697265625000e+02
2.851513977050781250e+02
2.852627563476562500e+02
2.852572937011718750e+02
2.851852416992187500e+02
2.853409729003906250e+02
2.853607482910156250e+02
2.853974914550781250e+02
2.853143005371093750e+02
2.854266052246093750e+02
2.852153015136718750e+02
2.852153015136718750e+02
2.853167419433593750e+02
2.852331542968750000e+02
2.852771606445312500e+02
2.852012023925781250e+02
2.853705749511718750e+02
2.852033386230468750e+02
2.852153320312500000e+02
2.853407897949218750e+02
2.853214111328125000e+02
2.852602844238281250e+02
2.852725830078125000e+02
2.852153015136718750e+02
2.852012023925781250e+02
2.852824096679687500e+02
2.853461608886718750e+02
2.852331542968750000e+02
2.852012023925781250e+02
2.851791381835937500e+02
2.853167419433593750e+02
2.853948059082031250e+02
2.853288879394531250e+02
2.853211059570312500e+02
2.852491455078125000e+02
2.852609863281250000e+02
2.852508544921875000e+02
2.853681945800781250e+02
2.853167419433593750e+02
2.851834106445312500e+02
2.852491455078125000e+02
2.853090820312500000e+02
2.851330566406250000e+02
2.853288879394531250e+02
2.854110717773437500e+02
2.851782531738281250e+02
2.850959777832031250e+02
2.852087707519531250e+02
2.853558959960937500e+02
2.853681945800781250e+02
2.852792053222656250e+02
2.854428710937500000e+02
2.852911682128906250e+02
2.852230529785156250e+02
2.854390258789062500e+02
2.853486022949218750e+02
2.854244384765625000e+02
2.854610900878906250e+02
2.853430175781250000e+02
2.854901428222656250e+02
2.852742004394531250e+02
2.854098205566406250e+02
2.854937133789062500e+02
2.853583984375000000e+02
2.851921081542968750e+02
2.852033691406250000e+02
2.854562683105468750e+02
2.854441223144531250e+02
2.853380737304687500e+02
2.853567504882812500e+02
2.853779907226562500e+02
2.854554443359375000e+02
2.851393127441406250e+02
2.853486022949218750e+02
2.854067687988281250e+02
2.853948059082031250e+02
2.854266052246093750e+02
2.853558959960937500e+02
2.854221191406250000e+02
2.853681945800781250e+02
2.854968566894531250e+02
2.852972412109375000e+02
2.854804992675781250e+02
2.853779907226562500e+02
2.854619750976562500e+02
2.849794006347656250e+02
2.849354248046875000e+02
2.852447509765625000e+02
2.853629760742187500e+02
2.849691162109375000e+02
2.852755432128906250e+02
2.851910095214843750e+02
2.854173889160156250e+02
2.853983764648437500e+02
2.854552001953125000e+02
2.854514160156250000e+02
2.856205749511718750e+02
2.855032043457031250e+02
2.854554443359375000e+02
2.852891845703125000e+02
2.852771606445312500e+02
2.855798950195312500e+02
2.853111572265625000e+02
2.854857177734375000e+02
2.855536499023437500e+02
2.854539184570312500e+02
2.853918762207031250e+02
2.853111572265625000e+02
2.852529296875000000e+02
2.851952819824218750e+02
2.852035827636718750e+02
2.852749633789062500e+02
2.852946777343750000e+02
2.853918762207031250e+02
2.852232666015625000e+02
2.852867736816406250e+02
2.852331542968750000e+02
2.852035827636718750e+02
2.852529296875000000e+02
2.853280639648437500e+02
2.851666259765625000e+02
2.851127624511718750e+02
2.852472839355468750e+02
2.852672424316406250e+02
2.854318847656250000e+02
2.853753662109375000e+02
2.854098205566406250e+02
2.852891845703125000e+02
2.854024658203125000e+02
2.853728332519531250e+02
2.853310241699218750e+02
2.852792053222656250e+02
2.852742004394531250e+02
2.853189697265625000e+02
2.852352905273437500e+02
2.852911682128906250e+02
2.852727050781250000e+02
2.853529968261718750e+02
2.852911682128906250e+02
2.852771606445312500e+02
2.854583740234375000e+02
2.853167419433593750e+02
2.852609863281250000e+02
2.853090820312500000e+02
2.852352905273437500e+02
2.853804626464843750e+02
2.852771606445312500e+02
2.853926086425781250e+02
2.853629760742187500e+02
2.853681945800781250e+02
2.852529296875000000e+02
2.853363647460937500e+02
2.852870788574218750e+02
2.852572937011718750e+02
2.852352905273437500e+02
2.852710266113281250e+02
2.851782531738281250e+02
2.853508911132812500e+02
2.853549499511718750e+02
2.855507202148437500e+02
2.854636840820312500e+02
2.852870788574218750e+02
2.853240661621093750e+02
2.853607482910156250e+02
2.853877563476562500e+02
2.854610900878906250e+02
2.854901428222656250e+02
2.853167419433593750e+02
2.854098205566406250e+02
2.853850708007812500e+02
2.854293212890625000e+02
2.852609863281250000e+02
2.854140625000000000e+02
2.853330383300781250e+02
2.852290344238281250e+02
2.852929077148437500e+02
2.853926086425781250e+02
2.853656921386718750e+02
2.853409729003906250e+02
2.852749633789062500e+02
2.854293212890625000e+02
2.853348999023437500e+02
2.852508544921875000e+02
2.852529296875000000e+02
2.851475830078125000e+02
2.853967895507812500e+02
2.852792053222656250e+02
2.853030090332031250e+02
2.852609863281250000e+02
2.852929077148437500e+02
2.853649291992187500e+02
2.854086608886718750e+02
2.853046264648437500e+02
2.852290344238281250e+02
2.852792053222656250e+02
2.854554443359375000e+02
2.853264465332031250e+02
2.852969970703125000e+02
2.852306518554687500e+02
2.852929077148437500e+02
2.853948059082031250e+02
2.852491455078125000e+02
2.853030090332031250e+02
2.854122924804687500e+02
2.855092773437500000e+02
2.852472839355468750e+02
2.854110717773437500e+02
2.852290344238281250e+02
2.852472839355468750e+02
2.853288879394531250e+02
2.853529663085937500e+02
2.852472839355468750e+02
2.852710266113281250e+02
2.852848205566406250e+02
2.854901428222656250e+02
2.853728332519531250e+02
2.852290344238281250e+02
2.853130187988281250e+02
2.852672424316406250e+02
2.853248596191406250e+02
2.853607482910156250e+02
2.852204589843750000e+02
2.852087707519531250e+02
2.852153015136718750e+02
2.852792053222656250e+02
2.851666259765625000e+02
2.852969970703125000e+02
2.852810974121093750e+02
2.853363647460937500e+02
2.853310241699218750e+02
2.855175170898437500e+02
2.854901428222656250e+02
2.853466186523437500e+02
2.852672424316406250e+02
2.853486022949218750e+02
2.853567504882812500e+02
2.854044494628906250e+02
2.854683532714843750e+02
2.852991638183593750e+02
2.852929077148437500e+02
2.852672424316406250e+02
2.852810974121093750e+02
2.853111572265625000e+02
2.853230285644531250e+02
2.852672424316406250e+02
2.851650695800781250e+02
2.852609863281250000e+02
2.854244384765625000e+02
2.853486022949218750e+02
2.854514160156250000e+02
2.853310241699218750e+02
2.852430725097656250e+02
2.851650695800781250e+02
2.855219116210937500e+02
2.853338317871093750e+02
2.854166870117187500e+02
2.852609863281250000e+02
2.853948059082031250e+02
2.853310241699218750e+02
2.852848205566406250e+02
2.852087707519531250e+02
2.852272644042968750e+02
2.853130187988281250e+02
2.854619750976562500e+02
2.853111572265625000e+02
2.853728332519531250e+02
2.853430175781250000e+02
2.852991638183593750e+02
2.853030090332031250e+02
2.853705749511718750e+02
2.853948059082031250e+02
2.853948059082031250e+02
2.853167419433593750e+02
2.854244384765625000e+02
2.854122924804687500e+02
2.853508911132812500e+02
2.854221191406250000e+02
2.853629760742187500e+02
2.853430175781250000e+02
2.854067687988281250e+02
2.854734497070312500e+02
2.854266052246093750e+02
2.853850708007812500e+02
2.853607482910156250e+02
2.853792419433593750e+02
2.853265686035156250e+02
2.853749084472656250e+02
2.853486022949218750e+02
2.854098205566406250e+02
2.854539184570312500e+02
2.854237060546875000e+02
2.853779907226562500e+02
2.853583984375000000e+02
2.854416503906250000e+02
2.853804626464843750e+02
2.855026245117187500e+02
2.854196166992187500e+02
2.854562683105468750e+02
2.854708251953125000e+02
2.853656921386718750e+02
2.854416503906250000e+02
2.853461608886718750e+02
2.853902587890625000e+02
2.851650695800781250e+02
2.852792053222656250e+02
2.853583679199218750e+02
2.853705749511718750e+02
2.853607482910156250e+02
2.853310241699218750e+02
2.855536499023437500e+02
2.854293212890625000e+02
2.853248596191406250e+02
2.852230529785156250e+02
2.851713562011718750e+02
2.852929077148437500e+02
2.851680603027343750e+02
2.852306518554687500e+02
2.853265686035156250e+02
2.853163452148437500e+02
2.853278808593750000e+02
2.852742004394531250e+02
2.851304626464843750e+02
2.853728332519531250e+02
2.852230529785156250e+02
2.852102661132812500e+02
2.853583679199218750e+02
2.853868103027343750e+02
2.852033691406250000e+02
2.854365234375000000e+02
2.854390258789062500e+02
2.855122680664062500e+02
2.852929077148437500e+02
2.854904174804687500e+02
2.853211059570312500e+02
2.852609863281250000e+02
2.852727050781250000e+02
2.853409729003906250e+02
2.853111572265625000e+02
2.852710266113281250e+02
2.853211059570312500e+02
2.853248596191406250e+02
2.854734497070312500e+02
2.852972412109375000e+02
2.854901428222656250e+02
2.853667907714843750e+02
2.853549499511718750e+02
2.853567504882812500e+02
2.854562683105468750e+02
2.854416503906250000e+02
2.854704284667968750e+02
2.856015319824218750e+02
2.854416503906250000e+02
2.853681945800781250e+02
2.853409729003906250e+02
2.849232788085937500e+02
2.848012695312500000e+02
2.848351135253906250e+02
2.851307678222656250e+02
2.849454650878906250e+02
2.851735229492187500e+02
2.850556030273437500e+02
2.854880676269531250e+02
2.851519470214843750e+02
2.854923095703125000e+02
2.851948547363281250e+02
2.853278808593750000e+02
2.852857666015625000e+02
2.852249755859375000e+02
2.853629455566406250e+02
2.851600952148437500e+02
2.854293212890625000e+02
2.853061523437500000e+02
2.854293212890625000e+02
2.854098205566406250e+02
2.853449096679687500e+02
2.853264465332031250e+02
2.854734497070312500e+02
2.852447509765625000e+02
2.856172485351562500e+02
2.854776306152343750e+02
2.855538635253906250e+02
2.854098205566406250e+02
2.853430175781250000e+02
2.853466186523437500e+02
2.854122924804687500e+02
2.853607482910156250e+02
2.853705749511718750e+02
2.854098205566406250e+02
2.854487304687500000e+02
2.854636840820312500e+02
2.856194152832031250e+02
2.853147277832031250e+02
2.854416503906250000e+02
2.853728332519531250e+02
2.853061523437500000e+02
2.854122924804687500e+02
2.852843627929687500e+02
2.853699951171875000e+02
2.855370178222656250e+02
2.854880676269531250e+02
2.852673339843750000e+02
2.852457885742187500e+02
2.856015319824218750e+02
2.853886108398437500e+02
2.855246582031250000e+02
2.855198669433593750e+02
2.856205749511718750e+02
2.854244384765625000e+02
2.852742004394531250e+02
2.855571594238281250e+02
2.855507202148437500e+02
2.855855712890625000e+02
2.855149230957031250e+02
2.854583740234375000e+02
2.855190124511718750e+02
2.855536499023437500e+02
2.854018859863281250e+02
2.855381469726562500e+02
2.854458618164062500e+02
2.855126647949218750e+02
2.852891845703125000e+02
2.854937133789062500e+02
2.853886108398437500e+02
2.853974914550781250e+02
2.854734497070312500e+02
2.852290344238281250e+02
2.852991638183593750e+02
2.853886108398437500e+02
2.854583740234375000e+02
2.854416503906250000e+02
2.854098205566406250e+02
2.854524230957031250e+02
2.855094299316406250e+02
2.852792053222656250e+02
2.854071960449218750e+02
2.853705749511718750e+02
2.853607482910156250e+02
2.853926086425781250e+02
2.853303222656250000e+02
2.850772705078125000e+02
2.852023925781250000e+02
2.854098205566406250e+02
2.852508544921875000e+02
2.854333190917968750e+02
2.853248596191406250e+02
2.854000549316406250e+02
2.853728332519531250e+02
2.853461608886718750e+02
2.854014892578125000e+02
2.853143005371093750e+02
2.854221191406250000e+02
2.854333190917968750e+02
2.853629455566406250e+02
2.853848266601562500e+02
2.854937133789062500e+02
2.855076904296875000e+02
2.855411682128906250e+02
2.855026245117187500e+02
2.854746093750000000e+02
2.854746093750000000e+02
2.854809570312500000e+02
2.854140625000000000e+02
2.853607482910156250e+02
2.852407226562500000e+02
2.853902587890625000e+02
2.851142272949218750e+02
2.852945251464843750e+02
2.853629455566406250e+02
2.852792053222656250e+02
2.854122924804687500e+02
2.854071960449218750e+02
2.852331542968750000e+02
2.853288879394531250e+02
2.852071228027343750e+02
2.852946777343750000e+02
2.852491455078125000e+02
2.853214111328125000e+02
2.853461608886718750e+02
2.853474426269531250e+02
2.851142272949218750e+02
2.851796264648437500e+02
2.853822326660156250e+02
2.853607482910156250e+02
2.855476989746093750e+02
2.852290344238281250e+02
2.853804626464843750e+02
2.853629760742187500e+02
2.852692260742187500e+02
2.854221191406250000e+02
2.852491455078125000e+02
2.853430175781250000e+02
2.853607482910156250e+02
2.853240661621093750e+02
2.853330383300781250e+02
2.854554443359375000e+02
2.854650878906250000e+02
2.855026245117187500e+02
2.853363647460937500e+02
2.853749084472656250e+02
2.854014892578125000e+02
2.853265686035156250e+02
2.854901428222656250e+02
2.853090820312500000e+02
2.853656921386718750e+02
2.852991638183593750e+02
2.853918762207031250e+02
2.852650756835937500e+02
2.853948059082031250e+02
2.853409729003906250e+02
2.853681945800781250e+02
2.851890563964843750e+02
2.851834106445312500e+02
2.852033386230468750e+02
2.852969970703125000e+02
2.851767883300781250e+02
2.851462707519531250e+02
2.853629760742187500e+02
2.852407226562500000e+02
2.852792053222656250e+02
2.853143005371093750e+02
2.853111572265625000e+02
2.852272644042968750e+02
2.851692504882812500e+02
2.853656921386718750e+02
2.852331542968750000e+02
2.853338317871093750e+02
2.852452392578125000e+02
2.853090820312500000e+02
2.852153015136718750e+02
2.852969970703125000e+02
2.853779907226562500e+02
2.852672424316406250e+02
2.852508544921875000e+02
2.853461608886718750e+02
2.852771606445312500e+02
2.853607482910156250e+02
2.853288879394531250e+02
2.853330383300781250e+02
2.852870788574218750e+02
2.851952819824218750e+02
2.852609863281250000e+02
2.852969970703125000e+02
2.851913146972656250e+02
2.852352905273437500e+02
2.853186035156250000e+02
2.853779907226562500e+02
2.854703063964843750e+02
2.854902954101562500e+02
2.854390258789062500e+02
2.853779907226562500e+02
2.853753662109375000e+02
2.854024658203125000e+02
2.852551879882812500e+02
2.852710266113281250e+02
2.852792053222656250e+02
2.853532714843750000e+02
2.853705749511718750e+02
2.853656921386718750e+02
2.853211059570312500e+02
2.852529296875000000e+02
2.854746093750000000e+02
2.854024658203125000e+02
2.853387451171875000e+02
2.853508911132812500e+02
2.853508911132812500e+02
2.852725830078125000e+02
2.852625732421875000e+02
2.853147277832031250e+02
2.853508911132812500e+02
2.853330383300781250e+02
2.852472839355468750e+02
2.853230285644531250e+02
2.853387451171875000e+02
2.853430175781250000e+02
2.853607482910156250e+02
2.853111572265625000e+02
2.853877563476562500e+02
2.853068542480468750e+02
2.852792053222656250e+02
2.852627563476562500e+02
2.854098205566406250e+02
2.853779907226562500e+02
2.854196166992187500e+02
2.853143005371093750e+02
2.852373046875000000e+02
2.852911682128906250e+02
2.853753662109375000e+02
2.854046936035156250e+02
2.854014892578125000e+02
2.854071960449218750e+02
2.853019714355468750e+02
2.853167419433593750e+02
2.852929077148437500e+02
2.853656921386718750e+02
2.853230285644531250e+02
2.853948059082031250e+02
2.852870788574218750e+02
2.853926086425781250e+02
2.853749084472656250e+02
2.853583984375000000e+02
2.852609863281250000e+02
2.853656921386718750e+02
2.852524414062500000e+02
2.853974914550781250e+02
2.853967895507812500e+02
2.853486022949218750e+02
2.854098205566406250e+02
2.854221191406250000e+02
2.853779907226562500e+02
2.854464416503906250e+02
2.854293212890625000e+02
2.853948059082031250e+02
2.852792053222656250e+02
2.853728332519531250e+02
2.853461608886718750e+02
2.854928894042968750e+02
2.853902587890625000e+02
2.853143005371093750e+02
2.854583740234375000e+02
2.853143005371093750e+02
2.854937133789062500e+02
2.852504882812500000e+02
2.853090820312500000e+02
2.853111572265625000e+02
2.852472839355468750e+02
2.854266052246093750e+02
2.853850708007812500e+02
2.854044189453125000e+02
2.853011474609375000e+02
2.852529296875000000e+02
2.853804626464843750e+02
2.852848205566406250e+02
2.852609863281250000e+02
2.853045043945312500e+02
2.853143005371093750e+02
2.852591857910156250e+02
2.852969970703125000e+02
2.854955139160156250e+02
2.854583740234375000e+02
2.853629455566406250e+02
2.854237060546875000e+02
2.853779907226562500e+02
2.855246582031250000e+02
2.854098205566406250e+02
2.853629455566406250e+02
2.854098205566406250e+02
2.853330383300781250e+02
2.853310241699218750e+02
2.852650756835937500e+02
2.853804626464843750e+02
2.852452392578125000e+02
2.853926086425781250e+02
2.853310241699218750e+02
2.853143005371093750e+02
2.852692260742187500e+02
2.854237060546875000e+02
2.852969970703125000e+02
2.853779907226562500e+02
2.853111572265625000e+02
2.853449096679687500e+02
2.853877563476562500e+02
2.853330383300781250e+02
2.854266052246093750e+02
2.853753662109375000e+02
2.854140625000000000e+02
2.854044494628906250e+02
2.853288879394531250e+02
2.853629760742187500e+02
2.853111572265625000e+02
2.853629760742187500e+02
2.854619750976562500e+02
2.853822326660156250e+02
2.853111572265625000e+02
2.854937133789062500e+02
2.853558959960937500e+02
2.853111572265625000e+02
2.854362487792968750e+02
2.854390258789062500e+02
2.853902587890625000e+02
2.853656921386718750e+02
2.854024658203125000e+02
2.853111572265625000e+02
2.855052490234375000e+02
2.854610900878906250e+02
2.853629455566406250e+02
2.853248596191406250e+02
2.853529968261718750e+02
2.853749084472656250e+02
2.855536499023437500e+02
2.854583740234375000e+02
2.854067687988281250e+02
2.855064086914062500e+02
2.853749084472656250e+02
2.854746093750000000e+02
2.853926086425781250e+02
2.853779907226562500e+02
2.853926086425781250e+02
2.855064086914062500e+02
2.855094299316406250e+02
2.853948059082031250e+02
2.854610900878906250e+02
2.854140625000000000e+02
2.854140625000000000e+02
2.853409729003906250e+02
2.852792053222656250e+02
2.853974914550781250e+02
2.853430175781250000e+02
2.853449096679687500e+02
2.851400756835937500e+02
2.853749084472656250e+02
2.852230529785156250e+02
2.854318847656250000e+02
2.854583740234375000e+02
2.854362487792968750e+02
2.853948059082031250e+02
2.853011474609375000e+02
2.854071960449218750e+02
2.854487304687500000e+02
2.855026245117187500e+02
2.853365783691406250e+02
2.854901428222656250e+02
2.854610900878906250e+02
2.854098205566406250e+02
2.854583740234375000e+02
2.853926086425781250e+02
2.855064086914062500e+02
2.853848266601562500e+02
2.855444030761718750e+02
2.854416503906250000e+02
2.853130187988281250e+02
2.853409729003906250e+02
2.854610900878906250e+02
2.852742004394531250e+02
2.855381469726562500e+02
2.854759521484375000e+02
2.852972412109375000e+02
2.854122924804687500e+02
2.851831970214843750e+02
2.851734008789062500e+02
2.852353820800781250e+02
2.854928894042968750e+02
2.851721191406250000e+02
2.855666809082031250e+02
2.852041015625000000e+02
2.855149230957031250e+02
2.852152099609375000e+02
2.855853881835937500e+02
2.850661010742187500e+02
2.852054748535156250e+02
2.853622436523437500e+02
2.855149230957031250e+02
2.854734497070312500e+02
2.853163452148437500e+02
2.855793457031250000e+02
2.854539184570312500e+02
2.855603027343750000e+02
2.855536499023437500e+02
2.853926086425781250e+02
2.851929626464843750e+02
2.853848266601562500e+02
2.852869873046875000e+02
2.853749084472656250e+02
2.854067687988281250e+02
2.854386596679687500e+02
2.850986022949218750e+02
2.853567504882812500e+02
2.853086853027343750e+02
2.854441223144531250e+02
2.852457885742187500e+02
2.855026245117187500e+02
2.854857177734375000e+02
2.854244384765625000e+02
2.855381469726562500e+02
2.854067687988281250e+02
2.855315551757812500e+02
2.854485473632812500e+02
2.855026245117187500e+02
2.853380737304687500e+02
2.853549499511718750e+02
2.853607482910156250e+02
2.854266052246093750e+02
2.855149230957031250e+02
2.855064086914062500e+02
2.853848266601562500e+02
2.854293212890625000e+02
2.853749084472656250e+02
2.854166870117187500e+02
2.855855712890625000e+02
2.856547546386718750e+02
2.854485473632812500e+02
2.856044006347656250e+02
2.854441223144531250e+02
2.854583740234375000e+02
2.854441223144531250e+02
2.853330383300781250e+02
2.853549499511718750e+02
2.854562683105468750e+02
2.853886108398437500e+02
2.853948059082031250e+02
2.855064086914062500e+02
2.854583740234375000e+02
2.853529968261718750e+02
2.853629760742187500e+02
2.853792419433593750e+02
2.852827758789062500e+02
2.852810974121093750e+02
