2.906029968261718750e+02
2.875176696777343750e+02
2.874312133789062500e+02
2.886296386718750000e+02
2.877088623046875000e+02
2.886582336425781250e+02
2.869591369628906250e+02
2.863464050292968750e+02
2.858453674316406250e+02
2.862400817871093750e+02
2.866286010742187500e+02
2.870757141113281250e+02
2.866286010742187500e+02
2.863519287109375000e+02
2.869404602050781250e+02
2.865755920410156250e+02
2.867646179199218750e+02
2.870419311523437500e+02
2.859523925781250000e+02
2.865701293945312500e+02
2.866528015136718750e+02
2.870464477539062500e+02
2.875176696777343750e+02
2.889959716796875000e+02
2.892722778320312500e+02
2.889670715332031250e+02
2.890209655761718750e+02
2.893009948730468750e+02
2.901616516113281250e+02
2.889135437011718750e+02
2.913282165527343750e+02
2.894988708496093750e+02
2.884147644042968750e+02
2.887731933593750000e+02
2.896923217773437500e+02
2.910208435058593750e+02
2.893009948730468750e+02
2.879352111816406250e+02
2.874350280761718750e+02
2.886041564941406250e+02
2.885754394531250000e+02
2.862844238281250000e+02
2.870386657714843750e+02
2.886558227539062500e+02
2.878777160644531250e+02
2.874599304199218750e+02
2.885215148925781250e+02
2.863421325683593750e+02
2.864582824707031250e+02
2.876582641601562500e+02
2.876048278808593750e+02
2.883275146484375000e+02
2.897711486816406250e+02
2.899108581542968750e+02
2.864049987792968750e+02
2.849256286621093750e+02
2.857628479003906250e+02
2.863224487304687500e+02
2.855388488769531250e+02
2.871289672851562500e+02
2.868473815917968750e+02
2.857040405273437500e+02
2.858453674316406250e+02
2.881815795898437500e+02
2.872698364257812500e+02
2.864049987792968750e+02
2.872991027832031250e+02
2.856509094238281250e+02
2.868521728515625000e+02
2.865167846679687500e+02
2.876048278808593750e+02
2.876340026855468750e+02
2.880802612304687500e+02
2.875810546875000000e+02
2.877164611816406250e+02
2.875466613769531250e+02
2.879352111816406250e+02
2.874350280761718750e+02
2.883275146484375000e+02
2.879352111816406250e+02
2.891864624023437500e+02
2.901872558593750000e+02
2.908815612792968750e+02
2.901616516113281250e+02
2.886329650878906250e+02
2.896059875488281250e+02
2.827262573242187500e+02
2.886329650878906250e+02
2.881583251953125000e+02
2.889383239746093750e+02
2.888809814453125000e+02
2.887443542480468750e+02
2.896634826660156250e+02
2.888269653320312500e+02
2.898283386230468750e+02
2.902156677246093750e+02
2.894661560058593750e+02
2.867992553710937500e+02
2.870227355957031250e+02
2.861281738281250000e+02
2.858219604492187500e+02
2.866579895019531250e+02
2.870227355957031250e+02
2.871581420898437500e+02
2.869110107421875000e+02
2.878280334472656250e+02
2.875516967773437500e+02
2.879104614257812500e+02
2.874932250976562500e+02
2.880220642089843750e+02
2.876873168945312500e+02
2.887443542480468750e+02
2.891896972656250000e+02
2.903013610839843750e+02
2.892185058593750000e+02
2.872116088867187500e+02
2.872698364257812500e+02
2.872991027832031250e+02
2.869404602050781250e+02
2.868815307617187500e+02
2.882160034179687500e+02
2.881871337890625000e+02
2.904377136230468750e+02
2.886618347167968750e+02
2.875223999023437500e+02
2.868815307617187500e+02
2.871050109863281250e+02
2.871874389648437500e+02
2.869881896972656250e+02
2.877088623046875000e+02
2.871218566894531250e+02
2.860063171386718750e+02
2.852322998046875000e+02
2.855157165527343750e+02
2.833312988281250000e+02
2.856872558593750000e+02
2.855388488769531250e+02
2.855980529785156250e+02
2.862992858886718750e+02
2.861873779296875000e+02
2.866051635742187500e+02
2.884679565429687500e+02
2.868521728515625000e+02
2.874107971191406250e+02
2.857396850585937500e+02
2.844843444824218750e+02
2.831064758300781250e+02
2.826867370605468750e+02
2.835861816406250000e+02
2.839532470703125000e+02
2.827472839355468750e+02
2.842298583984375000e+02
2.849629516601562500e+02
2.847086486816406250e+02
2.863756408691406250e+02
2.840808715820312500e+02
2.836847534179687500e+02
2.840512695312500000e+02
2.859523925781250000e+02
2.849978332519531250e+02
2.863421325683593750e+02
2.799137878417968750e+02
2.803953247070312500e+02
2.821463012695312500e+02
2.824839477539062500e+02
2.823116149902343750e+02
2.832713623046875000e+02
2.851795349121093750e+02
2.843121948242187500e+02
2.841176147460937500e+02
2.842525024414062500e+02
2.850377502441406250e+02
2.850080566406250000e+02
2.835260925292968750e+02
2.826264953613281250e+02
2.831365966796875000e+02
2.855980529785156250e+02
2.831290588378906250e+02
2.841340637207031250e+02
2.857867736816406250e+02
2.854462890625000000e+02
2.815306396484375000e+02
2.809453125000000000e+02
2.825222473144531250e+02
2.841931457519531250e+02
2.803507995605468750e+02
2.823276062011718750e+02
2.793442077636718750e+02
2.836084899902343750e+02
2.822064514160156250e+02
2.830764465332031250e+02
2.794693603515625000e+02
2.806810913085937500e+02
2.809973144531250000e+02
2.813354797363281250e+02
2.803507995605468750e+02
2.815004882812500000e+02
2.793261718750000000e+02
2.829273376464843750e+02
2.814703674316406250e+02
2.824772644042968750e+02
2.827557067871093750e+02
2.845169982910156250e+02
2.813276672363281250e+02
2.805158081054687500e+02
2.839629516601562500e+02
2.832056884765625000e+02
2.826727294921875000e+02
2.812678527832031250e+02
2.789955444335937500e+02
2.793261718750000000e+02
2.802901000976562500e+02
2.797863769531250000e+02
2.818084106445312500e+02
2.821763305664062500e+02
2.790260925292968750e+02
2.778612976074218750e+02
2.777824707031250000e+02
2.768074340820312500e+02
2.793563842773437500e+02
2.824617004394531250e+02
2.803425598144531250e+02
2.792433776855468750e+02
2.782039184570312500e+02
2.787051086425781250e+02
2.770142517089843750e+02
2.804636840820312500e+02
2.810194702148437500e+02
2.805682678222656250e+02
2.826492614746093750e+02
2.822817993164062500e+02
2.834364624023437500e+02
2.818384704589843750e+02
2.834067687988281250e+02
2.830102233886718750e+02
2.829570312500000000e+02
2.820037231445312500e+02
2.830464782714843750e+02
2.829041442871093750e+02
2.832117004394531250e+02
2.827916259765625000e+02
2.834364624023437500e+02
2.805081787109375000e+02
2.810423278808593750e+02
2.794090270996093750e+02
2.823944091796875000e+02
2.817186584472656250e+02
2.826137084960937500e+02
2.829867553710937500e+02
2.796430053710937500e+02
2.838213500976562500e+02
2.864774475097656250e+02
2.851331176757812500e+02
2.813508300781250000e+02
2.795300292968750000e+02
2.779402465820312500e+02
2.821463012695312500e+02
2.820268859863281250e+02
2.828093872070312500e+02
2.830637817382812500e+02
2.809368286132812500e+02
2.791085510253906250e+02
2.786014709472656250e+02
2.789540100097656250e+02
2.776517944335937500e+02
2.817038269042968750e+02
2.817038269042968750e+02
2.815699462890625000e+02
2.811191406250000000e+02
2.805859680175781250e+02
2.822150573730468750e+02
2.817646484375000000e+02
2.823794250488281250e+02
2.827691040039062500e+02
2.841476440429687500e+02
2.802075500488281250e+02
2.827691040039062500e+02
2.789423828125000000e+02
2.846716308593750000e+02
2.841104736328125000e+02
2.809368286132812500e+02
2.789423828125000000e+02
2.786533203125000000e+02
2.780740051269531250e+02
2.779415893554687500e+02
2.797863769531250000e+02
2.797559509277343750e+02
2.816657714843750000e+02
2.822224121093750000e+02
2.803425598144531250e+02
2.812530822753906250e+02
2.796215820312500000e+02
2.787054138183593750e+02
2.812530822753906250e+02
2.793345336914062500e+02
2.794693603515625000e+02
2.782039184570312500e+02
2.818016052246093750e+02
2.835191955566406250e+02
2.832414855957031250e+02
2.821846313476562500e+02
2.821329956054687500e+02
2.818988037109375000e+02
2.824540710449218750e+02
2.832943420410156250e+02
2.795521545410156250e+02
2.786265869140625000e+02
2.786284484863281250e+02
2.790780639648437500e+02
2.798168640136718750e+02
2.792521057128906250e+02
2.789436950683593750e+02
2.812530822753906250e+02
2.786523437500000000e+02
2.822289123535156250e+02
2.836018981933593750e+02
2.814337768554687500e+02
2.845781250000000000e+02
2.840752868652343750e+02
2.797559509277343750e+02
2.774061889648437500e+02
2.787843322753906250e+02
2.772445983886718750e+02
2.793261718750000000e+02
2.800567016601562500e+02
2.830102233886718750e+02
2.826727294921875000e+02
2.848317260742187500e+02
2.842169189453125000e+02
2.826492614746093750e+02
2.801167907714843750e+02
2.794475097656250000e+02
2.770840759277343750e+02
2.775231018066406250e+02
2.766961059570312500e+02
2.786082153320312500e+02
2.781360473632812500e+02
2.794174499511718750e+02
2.792732543945312500e+02
2.812012634277343750e+02
2.790567321777343750e+02
2.824617004394531250e+02
2.822668762207031250e+02
2.836384582519531250e+02
2.838409423828125000e+02
2.856804504394531250e+02
2.842822570800781250e+02
2.838630676269531250e+02
2.822972106933593750e+02
2.822668762207031250e+02
2.827992553710937500e+02
2.827992553710937500e+02
2.838332214355468750e+02
2.820037231445312500e+02
2.839156494140625000e+02
2.811925354003906250e+02
2.805381469726562500e+02
2.811849975585937500e+02
2.828147888183593750e+02
2.830694580078125000e+02
2.816657714843750000e+02
2.824540710449218750e+02
2.871247863769531250e+02
2.854752807617187500e+02
2.840217590332031250e+02
2.850851745605468750e+02
2.830694580078125000e+02
2.844121093750000000e+02
2.833240661621093750e+02
2.840279541015625000e+02
2.836018981933593750e+02
2.848025817871093750e+02
2.859233398437500000e+02
2.866488647460937500e+02
2.867283935546875000e+02
2.873991394042968750e+02
2.813451538085937500e+02
2.813210754394531250e+02
2.798082275390625000e+02
2.812530822753906250e+02
2.798474731445312500e+02
2.808630371093750000e+02
2.805246887207031250e+02
2.819812622070312500e+02
2.828515014648437500e+02
2.837142639160156250e+02
2.856214294433593750e+02
2.846365661621093750e+02
2.845490722656250000e+02
2.833132934570312500e+02
2.809295349121093750e+02
2.825069274902343750e+02
2.809670104980468750e+02
2.816131591796875000e+02
2.834521789550781250e+02
2.826867370605468750e+02
2.843121948242187500e+02
2.850377502441406250e+02
2.829117126464843750e+02
2.833094482421875000e+02
2.841401977539062500e+02
2.824014892578125000e+02
2.826867370605468750e+02
2.830846252441406250e+02
2.821024780273437500e+02
2.824014892578125000e+02
2.838266296386718750e+02
2.834067687988281250e+02
2.832713623046875000e+02
2.832489929199218750e+02
2.822889099121093750e+02
2.858654479980468750e+02
2.844707946777343750e+02
2.815411682128906250e+02
2.805983886718750000e+02
2.804424438476562500e+02
2.793551025390625000e+02
2.793551025390625000e+02
2.785533447265625000e+02
2.794680175781250000e+02
2.806784667968750000e+02
2.822150573730468750e+02
2.818772888183593750e+02
2.838630676269531250e+02
2.829339904785156250e+02
2.836797180175781250e+02
2.844121093750000000e+02
2.833475646972656250e+02
2.828515014648437500e+02
2.825440979003906250e+02
2.824316101074218750e+02
2.843721313476562500e+02
2.838332214355468750e+02
2.843349914550781250e+02
2.839923400878906250e+02
2.845003051757812500e+02
2.829940490722656250e+02
2.841635437011718750e+02
2.850851745605468750e+02
2.860353088378906250e+02
2.834305419921875000e+02
2.840752868652343750e+02
2.841340637207031250e+02
2.845536499023437500e+02
2.841931457519531250e+02
2.838562011718750000e+02
2.847908325195312500e+02
2.851498107910156250e+02
2.845365600585937500e+02
2.845298461914062500e+02
2.854268493652343750e+02
2.845536499023437500e+02
2.852027282714843750e+02
2.837507934570312500e+02
2.848208007812500000e+02
2.835861816406250000e+02
2.860529479980468750e+02
2.843945007324218750e+02
2.850674743652343750e+02
2.850906066894531250e+02
2.853973693847656250e+02
2.849730529785156250e+02
2.868763732910156250e+02
2.876873168945312500e+02
2.868763732910156250e+02
2.855683898925781250e+02
2.844626159667968750e+02
2.848293762207031250e+02
2.866644287109375000e+02
2.863519287109375000e+02
2.854506835937500000e+02
2.847780456542968750e+02
2.857284240722656250e+02
2.855920410156250000e+02
2.836847534179687500e+02
2.839336853027343750e+02
2.837089843750000000e+02
2.826968994140625000e+02
2.846658020019531250e+02
2.862591552734375000e+02
2.856163940429687500e+02
2.861472167968750000e+02
2.856214294433593750e+02
2.817951965332031250e+02
2.821635742187500000e+02
2.823794250488281250e+02
2.837807922363281250e+02
2.852853393554687500e+02
2.868815307617187500e+02
2.868229064941406250e+02
2.857396850585937500e+02
2.849553527832031250e+02
2.860754699707031250e+02
2.846189270019531250e+02
2.859111938476562500e+02
2.845891723632812500e+02
2.855752868652343750e+02
2.843945007324218750e+02
2.849851379394531250e+02
2.845891723632812500e+02
2.855683898925781250e+02
2.853386535644531250e+02
2.865409545898437500e+02
2.864251403808593750e+02
2.866776733398437500e+02
2.872365417480468750e+02
2.876293029785156250e+02
2.869591369628906250e+02
2.864291076660156250e+02
2.875176696777343750e+02
2.865370178222656250e+02
2.868725280761718750e+02
2.870386657714843750e+02
2.876258544921875000e+02
2.876258544921875000e+02
2.878777160644531250e+02
2.849688720703125000e+02
2.856993103027343750e+02
2.858987426757812500e+02
2.852558898925781250e+02
2.859279785156250000e+02
2.858453674316406250e+02
2.859279785156250000e+02
2.880272521972656250e+02
2.858453674316406250e+02
2.881387634277343750e+02
2.886907958984375000e+02
2.882986450195312500e+02
2.876519775390625000e+02
2.896031188964843750e+02
2.891013488769531250e+02
2.868763732910156250e+02
2.845891723632812500e+02
2.840279541015625000e+02
2.846189270019531250e+02
2.845594177246093750e+02
2.857628479003906250e+02
2.850377502441406250e+02
2.842298583984375000e+02
2.863289184570312500e+02
2.859043579101562500e+02
2.875810546875000000e+02
2.860692443847656250e+02
2.880802612304687500e+02
2.873482360839843750e+02
2.869012756347656250e+02
2.869248352050781250e+02
2.877069396972656250e+02
2.877904052734375000e+02
2.884878845214843750e+02
2.873719177246093750e+02
2.868229064941406250e+02
2.870419311523437500e+02
2.867355957031250000e+02
2.869881896972656250e+02
2.865658569335937500e+02
2.876832275390625000e+02
2.891323242187500000e+02
2.888311767578125000e+02
2.864291076660156250e+02
2.862345581054687500e+02
2.869842834472656250e+02
2.880467529296875000e+02
2.860106811523437500e+02
2.859867858886718750e+02
2.859279785156250000e+02
2.871050109863281250e+02
2.881387634277343750e+02
2.878042602539062500e+02
2.894699401855468750e+02
2.898034667968750000e+02
2.880511169433593750e+02
2.876873168945312500e+02
2.858695068359375000e+02
2.860063171386718750e+02
2.881008300781250000e+02
2.891361999511718750e+02
2.889959716796875000e+02
2.890248413085937500e+02
2.900256958007812500e+02
2.901616516113281250e+02
2.894410705566406250e+02
2.894661560058593750e+02
2.932328186035156250e+02
2.887410888671875000e+02
2.894375305175781250e+02
2.899649963378906250e+02
2.903267517089843750e+02
2.888524475097656250e+02
2.889069824218750000e+02
2.900761413574218750e+02
2.887125549316406250e+02
2.898255004882812500e+02
2.878571777343750000e+02
2.877456359863281250e+02
2.867937622070312500e+02
2.882986450195312500e+02
2.880721740722656250e+02
2.887696228027343750e+02
2.906576538085937500e+02
2.875757141113281250e+02
2.866819458007812500e+02
2.886907958984375000e+02
2.860106811523437500e+02
2.869639587402343750e+02
2.858748474121093750e+02
2.860987243652343750e+02
2.866874389648437500e+02
2.862345581054687500e+02
2.873524169921875000e+02
2.893586730957031250e+02
2.888846130371093750e+02
2.868184204101562500e+02
2.866237487792968750e+02
2.866286010742187500e+02
2.879158020019531250e+02
2.879980163574218750e+02
2.885794372558593750e+02
2.877660827636718750e+02
2.881295166015625000e+02
2.888809814453125000e+02
2.898570251464843750e+02
2.871343994140625000e+02
2.863815307617187500e+02
2.870293273925781250e+02
2.865526123046875000e+02
2.857171936035156250e+02
2.871113281250000000e+02
2.871874389648437500e+02
2.876048278808593750e+02
2.883275146484375000e+02
2.873524169921875000e+02
2.888269653320312500e+02
2.877698364257812500e+02
2.862992858886718750e+02
2.889959716796875000e+02
2.865993347167968750e+02
2.870757141113281250e+02
2.870227355957031250e+02
2.840279541015625000e+02
2.853443298339843750e+02
2.867355957031250000e+02
2.872653808593750000e+02
2.879641113281250000e+02
2.869555358886718750e+02
2.867111206054687500e+02
2.844176025390625000e+02
2.862400817871093750e+02
2.868815307617187500e+02
2.845365600585937500e+02
2.861873779296875000e+02
2.876340026855468750e+02
2.876048278808593750e+02
2.868229064941406250e+02
2.839389648437500000e+02
2.836910400390625000e+02
2.853631896972656250e+02
2.867606811523437500e+02
2.841635437011718750e+02
2.817784423828125000e+02
2.824540710449218750e+02
2.829867553710937500e+02
2.845594177246093750e+02
2.839982299804687500e+02
2.862400817871093750e+02
2.852391967773437500e+02
2.857628479003906250e+02
2.840217590332031250e+02
2.841401977539062500e+02
2.862637939453125000e+02
2.816832885742187500e+02
2.803425598144531250e+02
2.802901000976562500e+02
2.808630371093750000e+02
2.823190002441406250e+02
2.818686218261718750e+02
2.856385498046875000e+02
2.828925781250000000e+02
2.800122070312500000e+02
2.822455749511718750e+02
2.844950866699218750e+02
2.806210021972656250e+02
2.794090270996093750e+02
2.802901000976562500e+02
2.775211181640625000e+02
2.778346862792968750e+02
2.836084899902343750e+02
2.824617004394531250e+02
2.828742675781250000e+02
2.823944091796875000e+02
2.828977355957031250e+02
2.872943420410156250e+02
2.815911865234375000e+02
2.820637512207031250e+02
2.793867492675781250e+02
2.780192871093750000e+02
2.777561035156250000e+02
2.807223815917968750e+02
2.811849975585937500e+02
2.816657714843750000e+02
2.834549560546875000e+02
2.889336242675781250e+02
2.777036437988281250e+02
2.776249084472656250e+02
2.812976989746093750e+02
2.835429382324218750e+02
2.838505859375000000e+02
2.845490722656250000e+02
2.820802612304687500e+02
2.775445556640625000e+02
2.768308410644531250e+02
2.756555786132812500e+02
2.800205688476562500e+02
2.792131652832031250e+02
2.767171020507812500e+02
2.831226806640625000e+02
2.783101501464843750e+02
2.784678649902343750e+02
2.778612976074218750e+02
2.789423828125000000e+02
2.812449645996093750e+02
2.814703674316406250e+02
2.828742675781250000e+02
2.848368530273437500e+02
2.844335021972656250e+02
2.823592224121093750e+02
2.803889465332031250e+02
2.784416503906250000e+02
2.794996948242187500e+02
2.836018981933593750e+02
2.805158081054687500e+02
2.800732727050781250e+02
2.819812622070312500e+02
2.807716979980468750e+02
2.820864257812500000e+02
2.809066772460937500e+02
2.815231323242187500e+02
2.832791748046875000e+02
2.833538513183593750e+02
2.848432312011718750e+02
2.864874877929687500e+02
2.827992553710937500e+02
2.786801147460937500e+02
2.793861999511718750e+02
2.800217895507812500e+02
2.830846252441406250e+02
2.841104736328125000e+02
2.843349914550781250e+02
2.851144409179687500e+02
2.827023620605468750e+02
2.825440979003906250e+02
2.824617004394531250e+02
2.829570312500000000e+02
2.847387390136718750e+02
2.859933166503906250e+02
2.853386535644531250e+02
2.864874877929687500e+02
2.854268493652343750e+02
2.859339294433593750e+02
2.843647155761718750e+02
2.817341918945312500e+02
2.872698364257812500e+02
2.875715942382812500e+02
2.845003051757812500e+02
2.856455688476562500e+02
2.853679504394531250e+02
2.875223999023437500e+02
2.855094299316406250e+02
2.870386657714843750e+02
2.864251403808593750e+02
2.827090148925781250e+02
2.847086486816406250e+02
2.872991027832031250e+02
2.880179748535156250e+02
2.861811828613281250e+02
2.872460937500000000e+02
2.904456176757812500e+02
2.855043334960937500e+02
2.857628479003906250e+02
2.886907958984375000e+02
2.863172302246093750e+02
2.855157165527343750e+02
2.833717956542968750e+02
2.860106811523437500e+02
2.838266296386718750e+02
2.873815612792968750e+02
2.896100463867187500e+02
2.900792236328125000e+02
2.880802612304687500e+02
2.899108581542968750e+02
2.901573181152343750e+02
2.852558898925781250e+02
2.877409057617187500e+02
2.881871337890625000e+02
2.906343383789062500e+02
2.926245422363281250e+02
2.883275146484375000e+02
2.881837158203125000e+02
2.890248413085937500e+02
2.915783691406250000e+02
2.889638061523437500e+02
2.854334716796875000e+02
2.883324584960937500e+02
2.874107971191406250e+02
2.892474060058593750e+02
2.881626281738281250e+02
2.876048278808593750e+02
2.877456359863281250e+02
2.894410705566406250e+02
2.885467834472656250e+02
2.892436218261718750e+02
2.872991027832031250e+02
2.875176696777343750e+02
2.880179748535156250e+02
2.898570251464843750e+02
2.899968872070312500e+02
2.907991027832031250e+02
2.904377136230468750e+02
2.876582641601562500e+02
2.880756530761718750e+02
2.871581420898437500e+02
2.879158020019531250e+02
2.879980163574218750e+02
2.879687500000000000e+02
2.886667480468750000e+02
2.891361999511718750e+02
2.886375427246093750e+02
2.890538330078125000e+02
2.891072692871093750e+02
2.899108581542968750e+02
2.896599731445312500e+02
2.876048278808593750e+02
2.881626281738281250e+02
2.893054809570312500e+02
2.880220642089843750e+02
2.891072692871093750e+02
2.880467529296875000e+02
2.883812866210937500e+02
2.891651306152343750e+02
2.879687500000000000e+02
2.883911132812500000e+02
2.871050109863281250e+02
2.882450561523437500e+02
2.892763977050781250e+02
2.894410705566406250e+02
2.893586730957031250e+02
2.870464477539062500e+02
2.875810546875000000e+02
2.879980163574218750e+02
2.882160034179687500e+02
2.892436218261718750e+02
2.889638061523437500e+02
2.879352111816406250e+02
2.879641113281250000e+02
2.879158020019531250e+02
2.872460937500000000e+02
2.878571777343750000e+02
2.884101257324218750e+02
2.893548583984375000e+02
2.914901123046875000e+02
2.887410888671875000e+02
2.879930114746093750e+02
2.871289672851562500e+02
2.871874389648437500e+02
2.886582336425781250e+02
2.868473815917968750e+02
2.868763732910156250e+02
2.853679504394531250e+02
2.851144409179687500e+02
2.843880920410156250e+02
2.845830078125000000e+02
2.850377502441406250e+02
2.862400817871093750e+02
2.856703491210937500e+02
2.872167358398437500e+02
2.857333984375000000e+02
2.859279785156250000e+02
2.857628479003906250e+02
2.866874389648437500e+02
2.866347351074218750e+02
2.858219604492187500e+02
2.850674743652343750e+02
2.862106323242187500e+02
2.886618347167968750e+02
2.856804504394531250e+02
2.856574096679687500e+02
2.865003662109375000e+02
2.857396850585937500e+02
2.859339294433593750e+02
2.862930908203125000e+02
2.878524780273437500e+02
2.856163940429687500e+02
2.860106811523437500e+02
2.837735900878906250e+02
2.836612548828125000e+02
2.838859252929687500e+02
2.851201782226562500e+02
2.846189270019531250e+02
2.857923278808593750e+02
2.867404174804687500e+02
2.864111022949218750e+02
2.850450134277343750e+02
2.848508605957031250e+02
2.840654907226562500e+02
2.854268493652343750e+02
2.866528015136718750e+02
2.873194580078125000e+02
2.830344238281250000e+02
2.822466125488281250e+02
2.827262573242187500e+02
2.859485778808593750e+02
2.872336120605468750e+02
2.855294189453125000e+02
2.832414855957031250e+02
2.842900390625000000e+02
2.840654907226562500e+02
2.853443298339843750e+02
2.849490051269531250e+02
2.854800109863281250e+02
2.864874877929687500e+02
2.849256286621093750e+02
2.837588806152343750e+02
2.839532470703125000e+02
2.844543457031250000e+02
2.855388488769531250e+02
2.874400329589843750e+02
2.871536560058593750e+02
2.843053894042968750e+02
2.838332214355468750e+02
2.818988037109375000e+02
2.824014892578125000e+02
2.807939147949218750e+02
2.814104309082031250e+02
2.825964965820312500e+02
2.817559814453125000e+02
2.818988037109375000e+02
2.808542480468750000e+02
2.837507934570312500e+02
2.814703674316406250e+02
2.843292236328125000e+02
2.836553039550781250e+02
2.827851867675781250e+02
2.832351684570312500e+02
2.814104309082031250e+02
2.809368286132812500e+02
2.806893005371093750e+02
2.806069641113281250e+02
2.780471496582031250e+02
2.806069641113281250e+02
2.800122070312500000e+02
2.829041442871093750e+02
2.821990356445312500e+02
2.823885803222656250e+02
2.827023620605468750e+02
2.812449645996093750e+02
2.816131591796875000e+02
2.820637512207031250e+02
2.815911865234375000e+02
2.817485046386718750e+02
2.833425292968750000e+02
2.827390441894531250e+02
2.821329956054687500e+02
2.815911865234375000e+02
2.815531005859375000e+02
2.840808715820312500e+02
2.819142456054687500e+02
2.842463073730468750e+02
2.848901977539062500e+02
2.841635437011718750e+02
2.833240661621093750e+02
2.873815612792968750e+02
2.850317077636718750e+02
2.864049987792968750e+02
2.852916259765625000e+02
2.848432312011718750e+02
2.850080566406250000e+02
2.840876770019531250e+02
2.862400817871093750e+02
2.839389648437500000e+02
2.870708923339843750e+02
2.842463073730468750e+02
2.833837585449218750e+02
2.831888732910156250e+02
2.834961547851562500e+02
2.818988037109375000e+02
2.833837585449218750e+02
2.829940490722656250e+02
2.839230957031250000e+02
2.830025634765625000e+02
2.834521789550781250e+02
2.822064514160156250e+02
2.833837585449218750e+02
2.821463012695312500e+02
2.848663635253906250e+02
2.827023620605468750e+02
2.844950866699218750e+02
2.834549560546875000e+02
2.881837158203125000e+02
2.808699951171875000e+02
2.798909912109375000e+02
2.782581481933593750e+02
2.802474670410156250e+02
2.792004394531250000e+02
2.813276672363281250e+02
2.767152099609375000e+02
2.759197998046875000e+02
2.769680175781250000e+02
2.769220581054687500e+02
2.776235351562500000e+02
2.810276184082031250e+02
2.821463012695312500e+02
2.823944091796875000e+02
2.805682678222656250e+02
2.799514770507812500e+02
2.787320556640625000e+02
2.780471496582031250e+02
2.788124389648437500e+02
2.807808532714843750e+02
2.784156188964843750e+02
2.809368286132812500e+02
2.787051086425781250e+02
2.803953247070312500e+02
2.791278991699218750e+02
2.827618103027343750e+02
2.821163330078125000e+02
2.818910522460937500e+02
2.842998657226562500e+02
2.801039428710937500e+02
2.814481201171875000e+02
2.818988037109375000e+02
2.821163330078125000e+02
2.853052368164062500e+02
2.835381774902343750e+02
2.788105773925781250e+02
2.777816772460937500e+02
2.824014892578125000e+02
2.796650695800781250e+02
2.815762329101562500e+02
2.843536376953125000e+02
2.855294189453125000e+02
2.838213500976562500e+02
2.847680969238281250e+02
2.829759216308593750e+02
2.810423278808593750e+02
2.809368286132812500e+02
2.795086975097656250e+02
2.780740051269531250e+02
2.781526489257812500e+02
2.798781433105468750e+02
2.810276184082031250e+02
2.777573852539062500e+02
2.829867553710937500e+02
2.831888732910156250e+02
2.854632873535156250e+02
2.825222473144531250e+02
2.842298583984375000e+02
2.848208007812500000e+02
2.826264953613281250e+02
2.844769592285156250e+02
2.823794250488281250e+02
2.808936157226562500e+02
2.816215820312500000e+02
2.822972106933593750e+02
2.827776489257812500e+02
2.830635070800781250e+02
2.827776489257812500e+02
2.837891540527343750e+02
2.836684570312500000e+02
2.824617004394531250e+02
2.842525024414062500e+02
2.853213806152343750e+02
2.849553527832031250e+02
2.830764465332031250e+02
2.859043579101562500e+02
2.866286010742187500e+02
2.826264953613281250e+02
2.798781433105468750e+02
2.806784667968750000e+02
2.811804504394531250e+02
2.812112731933593750e+02
2.809243164062500000e+02
2.797652282714843750e+02
2.815911865234375000e+02
2.809368286132812500e+02
2.821990356445312500e+02
2.819142456054687500e+02
2.848317260742187500e+02
2.859774169921875000e+02
2.832117004394531250e+02
2.811707763671875000e+02
2.827691040039062500e+02
2.830992431640625000e+02
2.838266296386718750e+02
2.855094299316406250e+02
2.849490051269531250e+02
2.840512695312500000e+02
2.853973693847656250e+02
2.852853393554687500e+02
2.865701293945312500e+02
2.830846252441406250e+02
2.833837585449218750e+02
2.845243225097656250e+02
2.839389648437500000e+02
2.823116149902343750e+02
2.818384704589843750e+02
2.813877563476562500e+02
2.823713989257812500e+02
2.802296752929687500e+02
2.809368286132812500e+02
2.801469726562500000e+02
2.812678527832031250e+02
2.828093872070312500e+02
2.825843505859375000e+02
2.815169067382812500e+02
2.801346435546875000e+02
2.790670166015625000e+02
2.805552673339843750e+02
2.806987304687500000e+02
2.822889099121093750e+02
2.818988037109375000e+02
2.836910400390625000e+02
2.848959350585937500e+02
2.841700439453125000e+02
2.843647155761718750e+02
2.848959350585937500e+02
2.855627441406250000e+02
2.867355957031250000e+02
2.867355957031250000e+02
2.837676696777343750e+02
2.829273376464843750e+02
2.822289123535156250e+02
2.832713623046875000e+02
2.832713623046875000e+02
2.847012939453125000e+02
2.848251037597656250e+02
2.861152038574218750e+02
2.849111328125000000e+02
2.845781250000000000e+02
2.850559692382812500e+02
2.834599914550781250e+02
2.843053894042968750e+02
2.841401977539062500e+02
2.841401977539062500e+02
2.847780456542968750e+02
2.854268493652343750e+02
2.849784851074218750e+02
2.855157165527343750e+02
2.854036560058593750e+02
2.851570739746093750e+02
2.855454406738281250e+02
2.851795349121093750e+02
2.859635620117187500e+02
2.856509094238281250e+02
2.853739624023437500e+02
2.848663635253906250e+02
2.850317077636718750e+02
2.848074035644531250e+02
2.852802124023437500e+02
2.870172729492187500e+02
2.856993103027343750e+02
2.879893188476562500e+02
2.861472167968750000e+02
2.858943786621093750e+02
2.837382202148437500e+02
2.841583251953125000e+02
2.830992431640625000e+02
2.838930358886718750e+02
2.843647155761718750e+02
2.858516845703125000e+02
2.858453674316406250e+02
2.878571777343750000e+02
2.874640808105468750e+02
2.887443542480468750e+02
2.887155761718750000e+02
2.867937622070312500e+02
2.874350280761718750e+02
2.865461730957031250e+02
2.855683898925781250e+02
2.848663635253906250e+02
2.834662780761718750e+02
2.842227478027343750e+02
2.855920410156250000e+02
2.851680908203125000e+02
2.860934143066406250e+02
2.874599304199218750e+02
2.888846130371093750e+02
2.893548583984375000e+02
2.880756530761718750e+02
2.844243774414062500e+02
2.859233398437500000e+02
2.857628479003906250e+02
2.869055175781250000e+02
2.877920227050781250e+02
2.869842834472656250e+02
2.859814758300781250e+02
2.843121948242187500e+02
2.854268493652343750e+02
2.874107971191406250e+02
2.864874877929687500e+02
2.889186401367187500e+02
2.861762390136718750e+02
2.872116088867187500e+02
2.870130615234375000e+02
2.881008300781250000e+02
2.854800109863281250e+02
2.842822570800781250e+02
2.842227478027343750e+02
2.858453674316406250e+02
2.862345581054687500e+02
2.858160400390625000e+02
2.854506835937500000e+02
2.863172302246093750e+02
2.854430847167968750e+02
2.837595214843750000e+02
2.858113403320312500e+02
2.859279785156250000e+02
2.859279785156250000e+02
2.860399169921875000e+02
2.859867858886718750e+02
2.860893859863281250e+02
2.859774169921875000e+02
2.872943420410156250e+02
2.870708923339843750e+02
2.837142639160156250e+02
2.848663635253906250e+02
2.884970092773437500e+02
2.882450561523437500e+02
2.884639892578125000e+02
2.880436401367187500e+02
2.871289672851562500e+02
2.870673217773437500e+02
2.868725280761718750e+02
2.875428466796875000e+02
2.859710083007812500e+02
2.866121520996093750e+02
2.871934204101562500e+02
2.877456359863281250e+02
2.879930114746093750e+02
2.873524169921875000e+02
2.886329650878906250e+02
2.889638061523437500e+02
2.894635314941406250e+02
2.880179748535156250e+02
2.869591369628906250e+02
2.874599304199218750e+02
2.880220642089843750e+02
2.880567016601562500e+02
2.877221069335937500e+02
2.887780761718750000e+02
2.896059875488281250e+02
2.881837158203125000e+02
2.895773315429687500e+02
2.871247863769531250e+02
2.871581420898437500e+02
2.879930114746093750e+02
2.862637939453125000e+02
2.861811828613281250e+02
2.864343566894531250e+02
2.859867858886718750e+02
2.880802612304687500e+02
2.899968872070312500e+02
2.870464477539062500e+02
2.872116088867187500e+02
2.880220642089843750e+02
2.884927368164062500e+02
2.881871337890625000e+02
2.879893188476562500e+02
2.871790771484375000e+02
2.880721740722656250e+02
2.886582336425781250e+02
2.880436401367187500e+02
2.889069824218750000e+02
2.891296997070312500e+02
2.887125549316406250e+02
2.896885070800781250e+02
2.899934692382812500e+02
2.886329650878906250e+02
2.887696228027343750e+02
2.894635314941406250e+02
2.875402832031250000e+02
2.877660827636718750e+02
2.860692443847656250e+02
2.858453674316406250e+02
2.860458374023437500e+02
2.859573974609375000e+02
2.865167846679687500e+02
2.872943420410156250e+02
2.877698364257812500e+02
2.877164611816406250e+02
2.877456359863281250e+02
2.864582824707031250e+02
2.861762390136718750e+02
2.870419311523437500e+02
2.859485778808593750e+02
2.855583496093750000e+02
2.861725463867187500e+02
2.873194580078125000e+02
2.865658569335937500e+02
2.876873168945312500e+02
2.876873168945312500e+02
2.871874389648437500e+02
2.871289672851562500e+02
2.862637939453125000e+02
2.877698364257812500e+02
2.878524780273437500e+02
2.872407226562500000e+02
2.874989013671875000e+02
2.858516845703125000e+02
2.862170715332031250e+02
2.861577758789062500e+02
2.867992553710937500e+02
2.865461730957031250e+02
2.874400329589843750e+02
2.872407226562500000e+02
2.873815612792968750e+02
2.876004028320312500e+02
2.891323242187500000e+02
2.883497619628906250e+02
2.875402832031250000e+02
2.876258544921875000e+02
2.860934143066406250e+02
2.842822570800781250e+02
2.872116088867187500e+02
2.878814697265625000e+02
2.891072692871093750e+02
2.891361999511718750e+02
2.895773315429687500e+02
2.899394531250000000e+02
2.907706298828125000e+02
2.874350280761718750e+02
2.854563903808593750e+02
2.872755432128906250e+02
2.859043579101562500e+02
2.871050109863281250e+02
2.877164611816406250e+02
2.901079406738281250e+02
2.887198181152343750e+02
2.876048278808593750e+02
2.869881896972656250e+02
2.879352111816406250e+02
2.878236694335937500e+02
2.902441406250000000e+02
2.905808410644531250e+02
2.892185058593750000e+02
2.890248413085937500e+02
2.906096191406250000e+02
2.909670715332031250e+02
2.911352844238281250e+02
2.891942138671875000e+02
2.888894348144531250e+02
2.876632995605468750e+02
2.887982788085937500e+02
2.894375305175781250e+02
2.888809814453125000e+02
2.898283386230468750e+02
2.899394531250000000e+02
2.907991027832031250e+02
2.873771057128906250e+02
2.885504150390625000e+02
2.884389953613281250e+02
2.893262634277343750e+02
2.879035949707031250e+02
2.871247863769531250e+02
2.872698364257812500e+02
2.862400817871093750e+02
2.862400817871093750e+02
2.867992553710937500e+02
2.875757141113281250e+02
2.873524169921875000e+02
2.880756530761718750e+02
2.874599304199218750e+02
2.896315002441406250e+02
2.889096679687500000e+02
2.880179748535156250e+02
2.871536560058593750e+02
2.881045532226562500e+02
2.870464477539062500e+02
2.857923278808593750e+02
2.862400817871093750e+02
2.881335449218750000e+02
2.890784301757812500e+02
2.906029968261718750e+02
2.869591369628906250e+02
2.862345581054687500e+02
2.829570312500000000e+02
2.829867553710937500e+02
2.830464782714843750e+02
2.835560607910156250e+02
2.858813781738281250e+02
2.865755920410156250e+02
2.871343994140625000e+02
2.868229064941406250e+02
2.866528015136718750e+02
2.875176696777343750e+02
2.869591369628906250e+02
2.852322998046875000e+02
2.847608947753906250e+02
2.859339294433593750e+02
2.864049987792968750e+02
2.870130615234375000e+02
2.844769592285156250e+02
2.863224487304687500e+02
2.850559692382812500e+02
2.810797729492187500e+02
2.877120056152343750e+02
2.867895202636718750e+02
2.862591552734375000e+02
2.856455688476562500e+02
2.826264953613281250e+02
2.801396484375000000e+02
2.844950866699218750e+02
2.832351684570312500e+02
2.838332214355468750e+02
2.839156494140625000e+02
2.843585815429687500e+02
2.846365661621093750e+02
2.836553039550781250e+02
2.827023620605468750e+02
2.823944091796875000e+02
2.824540710449218750e+02
2.837507934570312500e+02
2.844543457031250000e+02
2.830764465332031250e+02
2.842227478027343750e+02
2.846420288085937500e+02
2.844769592285156250e+02
2.836684570312500000e+02
2.825140075683593750e+02
2.848135070800781250e+02
2.888073425292968750e+02
2.854268493652343750e+02
2.848901977539062500e+02
2.867895202636718750e+02
2.851680908203125000e+02
2.835429382324218750e+02
2.860318298339843750e+02
2.852221069335937500e+02
2.832056884765625000e+02
2.827319946289062500e+02
2.806069641113281250e+02
2.808936157226562500e+02
2.805552673339843750e+02
2.826867370605468750e+02
2.801469726562500000e+02
2.830398254394531250e+02
2.831226806640625000e+02
2.841046142578125000e+02
2.840808715820312500e+02
2.834662780761718750e+02
2.807112426757812500e+02
2.829570312500000000e+02
2.850810241699218750e+02
2.837970581054687500e+02
2.840167846679687500e+02
2.829339904785156250e+02
2.840459594726562500e+02
2.800643615722656250e+02
2.800039062500000000e+02
2.794996948242187500e+02
2.799514770507812500e+02
2.803603210449218750e+02
2.771996459960937500e+02
2.823794250488281250e+02
2.827618103027343750e+02
2.824772644042968750e+02
2.793134460449218750e+02
2.786523437500000000e+02
2.809148559570312500e+02
2.772017211914062500e+02
2.758638305664062500e+02
2.760476684570312500e+02
2.774527893066406250e+02
2.787051086425781250e+02
2.792959899902343750e+02
2.836258544921875000e+02
2.810370178222656250e+02
2.818384704589843750e+02
2.822064514160156250e+02
2.824014892578125000e+02
2.835723571777343750e+02
2.814578857421875000e+02
2.784150085449218750e+02
2.786533203125000000e+02
2.774061889648437500e+02
2.780990905761718750e+02
2.779137268066406250e+02
2.779137268066406250e+02
2.788369445800781250e+02
2.789423828125000000e+02
2.786788635253906250e+02
2.796650695800781250e+02
2.790484313964843750e+02
2.846292724609375000e+02
2.807638549804687500e+02
2.798688659667968750e+02
2.803124694824218750e+02
2.824540710449218750e+02
2.826727294921875000e+02
2.809453125000000000e+02
2.782313537597656250e+02
2.823944091796875000e+02
2.857575378417968750e+02
2.850611267089843750e+02
2.812449645996093750e+02
2.813354797363281250e+02
2.827617797851562500e+02
2.836315307617187500e+02
2.863224487304687500e+02
2.839454650878906250e+02
2.839753723144531250e+02
2.844414062500000000e+02
2.860031738281250000e+02
2.816060180664062500e+02
2.794391479492187500e+02
