2.894602255902715910e+02
2.868639758210716195e+02
2.861999103764708252e+02
2.874400144464408413e+02
2.859804034264432175e+02
2.874692403830146077e+02
2.860279491810742343e+02
2.856944824711463298e+02
2.854274191525875608e+02
2.861702119249248426e+02
2.864569251674766974e+02
2.869388752481464735e+02
2.864569251674766974e+02
2.862743897120906240e+02
2.865759029299493932e+02
2.864646404899291952e+02
2.859446904972181756e+02
2.860312254958078029e+02
2.846420839075461231e+02
2.859755294859428432e+02
2.857814895782149165e+02
2.868303595035340550e+02
2.868639758210716195e+02
2.887522548406358851e+02
2.885425993838545651e+02
2.884936642492493206e+02
2.880335254872499604e+02
2.888589045568879214e+02
2.893435367813690391e+02
2.888655889233006633e+02
2.908034260795341197e+02
2.894124765008958207e+02
2.886258057589797090e+02
2.885175173981708667e+02
2.896263990804067134e+02
2.893449265889439062e+02
2.888589045568879214e+02
2.870989119750103669e+02
2.869793980219457126e+02
2.878304887464698822e+02
2.875079987828919457e+02
2.847737530716472634e+02
2.850582954355502352e+02
2.867762619108069089e+02
2.866016558724050469e+02
2.863545860351144938e+02
2.880432902742458054e+02
2.852306506722198947e+02
2.858319241213229702e+02
2.872978646334846644e+02
2.875148151800819392e+02
2.880730859494999549e+02
2.887308326233666662e+02
2.888544175881395972e+02
2.861933176035350925e+02
2.846411980909316526e+02
2.854461272724323067e+02
2.862038701843108583e+02
2.850939796892807863e+02
2.867534238997453144e+02
2.858604484761959270e+02
2.851549007576512622e+02
2.854274191525875608e+02
2.857845707402590278e+02
2.871037858737866486e+02
2.861933176035350925e+02
2.871824237678205805e+02
2.852717678346337493e+02
2.867016026891151910e+02
2.863280221907079977e+02
2.875148151800819392e+02
2.875827843442497738e+02
2.881833574656311043e+02
2.874592073752938290e+02
2.876530219100235399e+02
2.871422406068549549e+02
2.870989119750103669e+02
2.869793980219457126e+02
2.880730859494999549e+02
2.870989119750103669e+02
2.881291788451903813e+02
2.891042257726754769e+02
2.890820520607989579e+02
2.893435367813690391e+02
2.881539609775224449e+02
2.888747970893975321e+02
2.804318974122797385e+02
2.881539609775224449e+02
2.873484304322819867e+02
2.881886871138667061e+02
2.877465292656410725e+02
2.882651993439900480e+02
2.895405577543644995e+02
2.880692772903441323e+02
2.890751547931682808e+02
2.889627584197988881e+02
2.885142617599394157e+02
2.866463798667385845e+02
2.868400157190177993e+02
2.860576829777276089e+02
2.856779664611391354e+02
2.865515895836161349e+02
2.868400157190177993e+02
2.869672068022667304e+02
2.867405136644472350e+02
2.877919170230701411e+02
2.874717586780956822e+02
2.877829539137759980e+02
2.873773177135390711e+02
2.879123966749498891e+02
2.875107588136290815e+02
2.882651993439900480e+02
2.887340492288686846e+02
2.900140672681201295e+02
2.890028621325805034e+02
2.866375876533183487e+02
2.871037858737866486e+02
2.871824237678205805e+02
2.865759029299493932e+02
2.867595199133525057e+02
2.879591199560857149e+02
2.877005679679599552e+02
2.890104856600715379e+02
2.884049973164383687e+02
2.874436607381963427e+02
2.867595199133525057e+02
2.869712519773981967e+02
2.870590442633319981e+02
2.862869918761651888e+02
2.859804034264432175e+02
2.846875924588997577e+02
2.847128286232993446e+02
2.848659177192117795e+02
2.851805454570547340e+02
2.823961485932734945e+02
2.851689566252350119e+02
2.850939796892807863e+02
2.854507529160350714e+02
2.857746787847351015e+02
2.856929589038837776e+02
2.863017761188110057e+02
2.883996774273360302e+02
2.867016026891151910e+02
2.873103305000952332e+02
2.853609171684684611e+02
2.837996535182729190e+02
2.820648368013170852e+02
2.816291797513526376e+02
2.827932968128570224e+02
2.832664607989430010e+02
2.825449964688550040e+02
2.836037439573997858e+02
2.844749436211486682e+02
2.840647528031935281e+02
2.859966644795004527e+02
2.832715683824798703e+02
2.823259172052215717e+02
2.830088595646273006e+02
2.846420839075461231e+02
2.828953257348798616e+02
2.852306506722198947e+02
2.786451766423218146e+02
2.792260325838836934e+02
2.809504037606972133e+02
2.812805636214397964e+02
2.812617838047050896e+02
2.823651710224104363e+02
2.848815199410070136e+02
2.838383375601486023e+02
2.834724549838856547e+02
2.837812916689753138e+02
2.847838235281777202e+02
2.845414986836537992e+02
2.827317123376918175e+02
2.814397792863088625e+02
2.822297804659087319e+02
2.854507529160350714e+02
2.822446214079364495e+02
2.829446515292976301e+02
2.850903167603950124e+02
2.836677961489711493e+02
2.805505966693862661e+02
2.796430455038376408e+02
2.822836316061204798e+02
2.833654438397283002e+02
2.793908263728508814e+02
2.820871491425743898e+02
2.776017700984297107e+02
2.828945622300271907e+02
2.809844753238539852e+02
2.820363289058353757e+02
2.781926225985307610e+02
2.798042914445337033e+02
2.800867732962371974e+02
2.802821903160792090e+02
2.793908263728508814e+02
2.806065924290621751e+02
2.779588075066267265e+02
2.819463842325469614e+02
2.804851557741699253e+02
2.814624356895614596e+02
2.807995498652039714e+02
2.811840959002491900e+02
2.802229529360274114e+02
2.797800850617707624e+02
2.826696871839616847e+02
2.814831486727757692e+02
2.811848470333554246e+02
2.800779920077233669e+02
2.779370713450957737e+02
2.779588075066267265e+02
2.795067414223872220e+02
2.788563638459140179e+02
2.806988322118103838e+02
2.810154766376870157e+02
2.773497511786392238e+02
2.759945387786910374e+02
2.751509027978287918e+02
2.755885476198809556e+02
2.780728679528946259e+02
2.813352462207408848e+02
2.793497954955321916e+02
2.779686893731601458e+02
2.777722487446254718e+02
2.776710016503442375e+02
2.753076917893194491e+02
2.794782114232973527e+02
2.801548688907491282e+02
2.796633373868541526e+02
2.817515210453029795e+02
2.813636288656675788e+02
2.827932267833085689e+02
2.807957599631707808e+02
2.827206545283669357e+02
2.815479941311133416e+02
2.822555509836656142e+02
2.807684748618007688e+02
2.820217080750370542e+02
2.819145232830585996e+02
2.825258780907579990e+02
2.817514212642964253e+02
2.827932267833085689e+02
2.793509801127374317e+02
2.798299513885114607e+02
2.781791880087000095e+02
2.815210294973043688e+02
2.806068921903425348e+02
2.801897738221170471e+02
2.822315262722388525e+02
2.788628945494087930e+02
2.824061717871405222e+02
2.844966624243999149e+02
2.819685933443180375e+02
2.801089006279917157e+02
2.787385499121339194e+02
2.770199468692347864e+02
2.809504037606972133e+02
2.809241525651925713e+02
2.804936323377879717e+02
2.811437546239532708e+02
2.801849627328518864e+02
2.780650662402907187e+02
2.762394385319813068e+02
2.766125948076945633e+02
2.753731992808716882e+02
2.806297231710236701e+02
2.806297231710236701e+02
2.806016556717754042e+02
2.798641867311582700e+02
2.792281904405101045e+02
2.819242165308914991e+02
2.811259921522917580e+02
2.816245659706106608e+02
2.815959017572382095e+02
2.834258783507067960e+02
2.794807946825334852e+02
2.815959017572382095e+02
2.780471195505669471e+02
2.840945389511874168e+02
2.834809667095447026e+02
2.801849627328518864e+02
2.780471195505669471e+02
2.761270640863385211e+02
2.755721546722060680e+02
2.752397137778178262e+02
2.788563638459140179e+02
2.789897349958620225e+02
2.804710796742309071e+02
2.806852682113577089e+02
2.793497954955321916e+02
2.801015819985587996e+02
2.778181240764800464e+02
2.768697172687158172e+02
2.801015819985587996e+02
2.783307796341211997e+02
2.781926225985307610e+02
2.777722487446254718e+02
2.806489449664627500e+02
2.828196252873003118e+02
2.824091739242478525e+02
2.817717163932322251e+02
2.814517634937392927e+02
2.807043013191918135e+02
2.812865303432220117e+02
2.826154858308462394e+02
2.781971785616594275e+02
2.761604006682456998e+02
2.761174289351376387e+02
2.782989144355928488e+02
2.784277213970516982e+02
2.776782109742840703e+02
2.767314018789933812e+02
2.801015819985587996e+02
2.779837258474020132e+02
2.810099983121311311e+02
2.825757112464838201e+02
2.798111901951696723e+02
2.827031594911061916e+02
2.828240949622606308e+02
2.789897349958620225e+02
2.748429709957848672e+02
2.776969070147208640e+02
2.767847594799958983e+02
2.779588075066267265e+02
2.788486038333080614e+02
2.815479941311133416e+02
2.811848470333554246e+02
2.833372407979219361e+02
2.830546115920266743e+02
2.817515210453029795e+02
2.790080823965375316e+02
2.784654316305793600e+02
2.755020164935064599e+02
2.759596058332580810e+02
2.760240202154586200e+02
2.783893541695817362e+02
2.793981224170555606e+02
2.788475732407391092e+02
2.782006922171999008e+02
2.800201112909766721e+02
2.769245116073790882e+02
2.813352462207408848e+02
2.814573530285882157e+02
2.829065757612223706e+02
2.831700943190636508e+02
2.855137654115093255e+02
2.838760406758649992e+02
2.832443137532295054e+02
2.819569849296017310e+02
2.814573530285882157e+02
2.817797000255476974e+02
2.817797000255476974e+02
2.832399534346289443e+02
2.807684748618007688e+02
2.833458444502460907e+02
2.803636393403263583e+02
2.795165656265049847e+02
2.800072410984923863e+02
2.818318661042567896e+02
2.823832892517880850e+02
2.804710796742309071e+02
2.812865303432220117e+02
2.860580393884234809e+02
2.837821865542090336e+02
2.827824163304388208e+02
2.840598378044417700e+02
2.823832892517880850e+02
2.832627215377064545e+02
2.826629637064422695e+02
2.834925698217668355e+02
2.825757112464838201e+02
2.828950640544409225e+02
2.845035314129156632e+02
2.855494948542901170e+02
2.843754142187293041e+02
2.844095183186850022e+02
2.780927372454776787e+02
2.796924635560393426e+02
2.786323663372895680e+02
2.801015819985587996e+02
2.781248389948179351e+02
2.794418494310306755e+02
2.789618521921644856e+02
2.808117943248232677e+02
2.817190570198874298e+02
2.826796506818811281e+02
2.850902457257761853e+02
2.835404611452844392e+02
2.823640334711914193e+02
2.812389080741286875e+02
2.797064503633518484e+02
2.816769704013456703e+02
2.802093726795030193e+02
2.806702659183227979e+02
2.829370145681752433e+02
2.816291797513526376e+02
2.838383375601486023e+02
2.847838235281777202e+02
2.819307623450482652e+02
2.829568211409798550e+02
2.836375247519669642e+02
2.812053336112080046e+02
2.816291797513526376e+02
2.828237886335284088e+02
2.817445455358470667e+02
2.812053336112080046e+02
2.827859666895994906e+02
2.827206545283669357e+02
2.823651710224104363e+02
2.823758259220203399e+02
2.811051401828861458e+02
2.844293137881511484e+02
2.834479978252233536e+02
2.784484232374637145e+02
2.797974431928404329e+02
2.789158368369001550e+02
2.777434037065960979e+02
2.777434037065960979e+02
2.776703381365275050e+02
2.779304734745944643e+02
2.792615022286630051e+02
2.819242165308914991e+02
2.813427018717009105e+02
2.832443137532295054e+02
2.818574656129442246e+02
2.820232395087458031e+02
2.832627215377064545e+02
2.819194286639413463e+02
2.817190570198874298e+02
2.813208190328505225e+02
2.811980528516519371e+02
2.836729842788687961e+02
2.832399534346289443e+02
2.837099732104994700e+02
2.826948730147607876e+02
2.835098760972621221e+02
2.819030206312753535e+02
2.831266507128879084e+02
2.840598378044417700e+02
2.846782736369019631e+02
2.818228737170560407e+02
2.828240949622606308e+02
2.829446515292976301e+02
2.835869038102584341e+02
2.833654438397283002e+02
2.830927105303887856e+02
2.841971609046374283e+02
2.849247657267319482e+02
2.840881873689681925e+02
2.836846132976385775e+02
2.849151469328995745e+02
2.835869038102584341e+02
2.845638760576400728e+02
2.830779771757229355e+02
2.842049032271087867e+02
2.827932968128570224e+02
2.859305211400046005e+02
2.840208425350455741e+02
2.847733463763258328e+02
2.843957765043975314e+02
2.847495844666398170e+02
2.839352709269972479e+02
2.861137706193258623e+02
2.875107588136290815e+02
2.861137706193258623e+02
2.853573299069656741e+02
2.837418281839019301e+02
2.839833044204116845e+02
2.859474888108247796e+02
2.862743897120906240e+02
2.847495776248362063e+02
2.839210793400691841e+02
2.843613509020225365e+02
2.850133499495451019e+02
2.823259172052215717e+02
2.825318900040251151e+02
2.822650201691424741e+02
2.802186550605561024e+02
2.837569601296040673e+02
2.850113607442719399e+02
2.842226775199729332e+02
2.848477315459105625e+02
2.850902457257761853e+02
2.809644100472200989e+02
2.809751278683890519e+02
2.816245659706106608e+02
2.830415449166206940e+02
2.845810450442997421e+02
2.867595199133525057e+02
2.865549789148776654e+02
2.853609171684684611e+02
2.846606233462674709e+02
2.856116858898544706e+02
2.842929767469983062e+02
2.854266395143083628e+02
2.842106073202837138e+02
2.850398494165531247e+02
2.840208425350455741e+02
2.845143416508794871e+02
2.842106073202837138e+02
2.853573299069656741e+02
2.846291614638826672e+02
2.856254934376084975e+02
2.853040616873045678e+02
2.856343084389669684e+02
2.861563334068492281e+02
2.870204818075579283e+02
2.860279491810742343e+02
2.854775297506593574e+02
2.868639758210716195e+02
2.854332010023575776e+02
2.857526180240448070e+02
2.850582954355502352e+02
2.861991869345264377e+02
2.861991869345264377e+02
2.866016558724050469e+02
2.826511685802909142e+02
2.841432441370500328e+02
2.852031755560801685e+02
2.845771077034632981e+02
2.854357111851114155e+02
2.854274191525875608e+02
2.854357111851114155e+02
2.880396152652176056e+02
2.854274191525875608e+02
2.881710569310728260e+02
2.886338478872982591e+02
2.878180727077952952e+02
2.851353341676655191e+02
2.885633196877386126e+02
2.874405099774726864e+02
2.861137706193258623e+02
2.842106073202837138e+02
2.834925698217668355e+02
2.842929767469983062e+02
2.839595683510028152e+02
2.854461272724323067e+02
2.847838235281777202e+02
2.836037439573997858e+02
2.856592291841714086e+02
2.858041978357055086e+02
2.874592073752938290e+02
2.857508431233924853e+02
2.881833574656311043e+02
2.862548123183663620e+02
2.858560144643070657e+02
2.847427044752241727e+02
2.852008012179229013e+02
2.851241635654415063e+02
2.861705771371459264e+02
2.849539010246286352e+02
2.865549789148776654e+02
2.860312254958078029e+02
2.856958340547766397e+02
2.862869918761651888e+02
2.855110228882042520e+02
2.865609679562946894e+02
2.881619002438575876e+02
2.889650900319586526e+02
2.854775297506593574e+02
2.855633918587455469e+02
2.858444520403031675e+02
2.872246829738182328e+02
2.853186902846347834e+02
2.857760905148892903e+02
2.854357111851114155e+02
2.869712519773981967e+02
2.881710569310728260e+02
2.877522037806206754e+02
2.894233810077292333e+02
2.897209638281885304e+02
2.880706492311722968e+02
2.875107588136290815e+02
2.848504512637888411e+02
2.847128286232993446e+02
2.868291976679608410e+02
2.890941759013684305e+02
2.887522548406358851e+02
2.889804350434740172e+02
2.898928669653855650e+02
2.893435367813690391e+02
2.892677246624824647e+02
2.885142617599394157e+02
2.892831666218881423e+02
2.875784692321611828e+02
2.884184098845269659e+02
2.889546453561657700e+02
2.889905266828003505e+02
2.877167405951008732e+02
2.875202051878175666e+02
2.890356136763408585e+02
2.875012613688170973e+02
2.888080555227440982e+02
2.878768718266851465e+02
2.877274734030096397e+02
2.862783848669710096e+02
2.878180727077952952e+02
2.867428360575249258e+02
2.876070164328873489e+02
2.894401325041786208e+02
2.873674643858718127e+02
2.861246789550916674e+02
2.886338478872982591e+02
2.853186902846347834e+02
2.868203109848678309e+02
2.856148568065621021e+02
2.859284350800437551e+02
2.865552830463778378e+02
2.855633918587455469e+02
2.870672261330946071e+02
2.893162682933047449e+02
2.886330267497529007e+02
2.857542067853896697e+02
2.855348155025869801e+02
2.864569251674766974e+02
2.878985657602959236e+02
2.880827254982489762e+02
2.885171416539234315e+02
2.864946169140689562e+02
2.870098585966383666e+02
2.877465292656410725e+02
2.895079944824805693e+02
2.869467644871626248e+02
2.861367729888265217e+02
2.863232956726176894e+02
2.858523307250346193e+02
2.854834379305689822e+02
2.863031741421727929e+02
2.870590442633319981e+02
2.875148151800819392e+02
2.880730859494999549e+02
2.870672261330946071e+02
2.880692772903441323e+02
2.874454948094445967e+02
2.857746787847351015e+02
2.887522548406358851e+02
2.862768367163934613e+02
2.869388752481464735e+02
2.868400157190177993e+02
2.834925698217668355e+02
2.850312269533429799e+02
2.856958340547766397e+02
2.863047078771795100e+02
2.874491718997178396e+02
2.854997093276068654e+02
2.864162391226261661e+02
2.835705564640579723e+02
2.861702119249248426e+02
2.867595199133525057e+02
2.840881873689681925e+02
2.856929589038837776e+02
2.875827843442497738e+02
2.875148151800819392e+02
2.865549789148776654e+02
2.828954767930993626e+02
2.830450676207019001e+02
2.836078398997554473e+02
2.856551450816381248e+02
2.831266507128879084e+02
2.805625445684970600e+02
2.812865303432220117e+02
2.822315262722388525e+02
2.839595683510028152e+02
2.833705841772895724e+02
2.861702119249248426e+02
2.846638416513709444e+02
2.854461272724323067e+02
2.827824163304388208e+02
2.836375247519669642e+02
2.858562976245888763e+02
2.783067810923672596e+02
2.793497954955321916e+02
2.795067414223872220e+02
2.794418494310306755e+02
2.810859141586629448e+02
2.807385112957232423e+02
2.833384838424066743e+02
2.806547203179641201e+02
2.790912894911910485e+02
2.815931147769186396e+02
2.830344719424957134e+02
2.794719306895283353e+02
2.781791880087000095e+02
2.795067414223872220e+02
2.768511135894174799e+02
2.769680211151539879e+02
2.828945622300271907e+02
2.813352462207408848e+02
2.820754695307318798e+02
2.815210294973043688e+02
2.814272668549321565e+02
2.865358602399693950e+02
2.804820703433149447e+02
2.809351546062319471e+02
2.783898080694066266e+02
2.776677749857156527e+02
2.790087991004125456e+02
2.784881917636512867e+02
2.800072410984923863e+02
2.804710796742309071e+02
2.817257093805197314e+02
2.868782255904743579e+02
2.748694549078197156e+02
2.750535300645040593e+02
2.801076228812556792e+02
2.819938049380351686e+02
2.825094926639767436e+02
2.823640334711914193e+02
2.798015309575680476e+02
2.758930069271186767e+02
2.757963759318629968e+02
2.767027674357400429e+02
2.782509605768632923e+02
2.778672381625021330e+02
2.754578632426216700e+02
2.816695570451750541e+02
2.756583005427250441e+02
2.777028323235254561e+02
2.759945387786910374e+02
2.780471195505669471e+02
2.803341801521446541e+02
2.804851557741699253e+02
2.820754695307318798e+02
2.839405030808948140e+02
2.810216656332041225e+02
2.794199098708966744e+02
2.784148422976354027e+02
2.782476489438025737e+02
2.785057570204436956e+02
2.825757112464838201e+02
2.797800850617707624e+02
2.784073895975181472e+02
2.808117943248232677e+02
2.799479537556739501e+02
2.809542301550989691e+02
2.800499380148195314e+02
2.803164854516670630e+02
2.826976897330482643e+02
2.825720739535619259e+02
2.845431470086377317e+02
2.861369131476708958e+02
2.817797000255476974e+02
2.763674922894841757e+02
2.783714065518529424e+02
2.785939221999419715e+02
2.828237886335284088e+02
2.834809667095447026e+02
2.837099732104994700e+02
2.843690605119442694e+02
2.817130138551769960e+02
2.813208190328505225e+02
2.813352462207408848e+02
2.822555509836656142e+02
2.841429155358334810e+02
2.853684340931412180e+02
2.846291614638826672e+02
2.861369131476708958e+02
2.849151469328995745e+02
2.857809814234119017e+02
2.839244348241865055e+02
2.809437649178919401e+02
2.871037858737866486e+02
2.864564589236665597e+02
2.835098760972621221e+02
2.846309872233407532e+02
2.847250776087308282e+02
2.874436607381963427e+02
2.849197076059492701e+02
2.850582954355502352e+02
2.853040616873045678e+02
2.815509239181087082e+02
2.840647528031935281e+02
2.871824237678205805e+02
2.868928443763018663e+02
2.859046577558033277e+02
2.870620089651072817e+02
2.874245123902311434e+02
2.840854935601597617e+02
2.854461272724323067e+02
2.886338478872982591e+02
2.853378843804609346e+02
2.851805454570547340e+02
2.817304890734678224e+02
2.853186902846347834e+02
2.827859666895994906e+02
2.872403902548552992e+02
2.894488051406914337e+02
2.897653565872220724e+02
2.881833574656311043e+02
2.888544175881395972e+02
2.888311277551384251e+02
2.845771077034632981e+02
2.871705094759410599e+02
2.877005679679599552e+02
2.903626244238256504e+02
2.901356058446187376e+02
2.880730859494999549e+02
2.868826295326763898e+02
2.889804350434740172e+02
2.897517000539933179e+02
2.878548184136698751e+02
2.848939808851269504e+02
2.885243870944215701e+02
2.873103305000952332e+02
2.892063171952262337e+02
2.882093412399874524e+02
2.875148151800819392e+02
2.877274734030096397e+02
2.892677246624824647e+02
2.873340771891724899e+02
2.882859747657099661e+02
2.871824237678205805e+02
2.868639758210716195e+02
2.868928443763018663e+02
2.895079944824805693e+02
2.899448429649178252e+02
2.892112390336396288e+02
2.890104856600715379e+02
2.872978646334846644e+02
2.875779641798144439e+02
2.869672068022667304e+02
2.878985657602959236e+02
2.880827254982489762e+02
2.880295090511835951e+02
2.888387694466764515e+02
2.890941759013684305e+02
2.888755114989438084e+02
2.891576165764242887e+02
2.888755457104800826e+02
2.888544175881395972e+02
2.886387357433683292e+02
2.875148151800819392e+02
2.882093412399874524e+02
2.892099118380526193e+02
2.879123966749498891e+02
2.888755457104800826e+02
2.872246829738182328e+02
2.875911681506623268e+02
2.892380941629241420e+02
2.880295090511835951e+02
2.879688553843510590e+02
2.869712519773981967e+02
2.881607621629843266e+02
2.893074190457819554e+02
2.892677246624824647e+02
2.893162682933047449e+02
2.868303595035340550e+02
2.874592073752938290e+02
2.880827254982489762e+02
2.879591199560857149e+02
2.882859747657099661e+02
2.878548184136698751e+02
2.870989119750103669e+02
2.874491718997178396e+02
2.878985657602959236e+02
2.870620089651072817e+02
2.878768718266851465e+02
2.879318214387628245e+02
2.884039925697657054e+02
2.897336365113366128e+02
2.875784692321611828e+02
2.877163724051487179e+02
2.867534238997453144e+02
2.870590442633319981e+02
2.874692403830146077e+02
2.858604484761959270e+02
2.861137706193258623e+02
2.847250776087308282e+02
2.843690605119442694e+02
2.833769353185361410e+02
2.836171038677480283e+02
2.847838235281777202e+02
2.861702119249248426e+02
2.840972421866944160e+02
2.870845349669765483e+02
2.852599230814273028e+02
2.854357111851114155e+02
2.854461272724323067e+02
2.865552830463778378e+02
2.860328432222444803e+02
2.856779664611391354e+02
2.847733463763258328e+02
2.860710800267165723e+02
2.884049973164383687e+02
2.855137654115093255e+02
2.850819167186998584e+02
2.863301165921271831e+02
2.853609171684684611e+02
2.857809814234119017e+02
2.860522420906393108e+02
2.873134565117097168e+02
2.842226775199729332e+02
2.853186902846347834e+02
2.831495361121787369e+02
2.830354995398899973e+02
2.832606848187739388e+02
2.847020182067705036e+02
2.842929767469983062e+02
2.856632097424003405e+02
2.865810070056379004e+02
2.858579035460739419e+02
2.845025258776061605e+02
2.843048100135147251e+02
2.833676177738850015e+02
2.849151469328995745e+02
2.857814895782149165e+02
2.861091615776010713e+02
2.810277560373314714e+02
2.791781419907063082e+02
2.804318974122797385e+02
2.842604878897428193e+02
2.848203889218728477e+02
2.837550758437673153e+02
2.824091739242478525e+02
2.835902263235287819e+02
2.833676177738850015e+02
2.850312269533429799e+02
2.840942518625445814e+02
2.848702871067069964e+02
2.861369131476708958e+02
2.846411980909316526e+02
2.831961059071547879e+02
2.832664607989430010e+02
2.838505845277591675e+02
2.850939796892807863e+02
2.873341735795786462e+02
2.861682808818993635e+02
2.834645951004026756e+02
2.832399534346289443e+02
2.807043013191918135e+02
2.812053336112080046e+02
2.799332312615173919e+02
2.802100443713728168e+02
2.814108365978458437e+02
2.806718977440285130e+02
2.807043013191918135e+02
2.801181198353523882e+02
2.830779771757229355e+02
2.804851557741699253e+02
2.832343050448314443e+02
2.821661963913871318e+02
2.813064559039921164e+02
2.817930056634140215e+02
2.802100443713728168e+02
2.801849627328518864e+02
2.796430463659840484e+02
2.792514945232485388e+02
2.753474509005047253e+02
2.792514945232485388e+02
2.790912894911910485e+02
2.819145232830585996e+02
2.811049941139808652e+02
2.797168820941434433e+02
2.817130138551769960e+02
2.803341801521446541e+02
2.806702659183227979e+02
2.809351546062319471e+02
2.804820703433149447e+02
2.805479686537842099e+02
2.815457425267478584e+02
2.815740873452313053e+02
2.814517634937392927e+02
2.804820703433149447e+02
2.803853511515513901e+02
2.832715683824798703e+02
2.807864128403093673e+02
2.831104771740075989e+02
2.840782048799233053e+02
2.831266507128879084e+02
2.826629637064422695e+02
2.872403902548552992e+02
2.842709838703889886e+02
2.861933176035350925e+02
2.849853237522657992e+02
2.845431470086377317e+02
2.845414986836537992e+02
2.835569384657832757e+02
2.861702119249248426e+02
2.828954767930993626e+02
2.861972774757882689e+02
2.831104771740075989e+02
2.825412928540709459e+02
2.822054760008874723e+02
2.827182531674158099e+02
2.807043013191918135e+02
2.825412928540709459e+02
2.819030206312753535e+02
2.831792924379751071e+02
2.827141413917786963e+02
2.829370145681752433e+02
2.809844753238539852e+02
2.825412928540709459e+02
2.809504037606972133e+02
2.840830493721222183e+02
2.817130138551769960e+02
2.830344719424957134e+02
2.817257093805197314e+02
2.868826295326763898e+02
2.792312725938253379e+02
2.786622872603415999e+02
2.756255144128624579e+02
2.788598784759460614e+02
2.771670444291113995e+02
2.802229529360274114e+02
2.755985095921891457e+02
2.750567434795624422e+02
2.767550963691422794e+02
2.753698591855111317e+02
2.768839155333555482e+02
2.798989131782577147e+02
2.809504037606972133e+02
2.815210294973043688e+02
2.796633373868541526e+02
2.790603604025004074e+02
2.763467335750434017e+02
2.753474509005047253e+02
2.766040099499416556e+02
2.793605531881456159e+02
2.758134881177691682e+02
2.801849627328518864e+02
2.776710016503442375e+02
2.792260325838836934e+02
2.784678481347607999e+02
2.819149610163258330e+02
2.808846590287241725e+02
2.806613087855009780e+02
2.831198211818204413e+02
2.784992594244724842e+02
2.803524400355054809e+02
2.807043013191918135e+02
2.808846590287241725e+02
2.832918492979322878e+02
2.815274637075650617e+02
2.777046817961204397e+02
2.776336316319063826e+02
2.812053336112080046e+02
2.783405537960724700e+02
2.803766879813347828e+02
2.825503721092389355e+02
2.837550758437673153e+02
2.824061717871405222e+02
2.806056251793364140e+02
2.807104170548483353e+02
2.798299513885114607e+02
2.801849627328518864e+02
2.776533272526826863e+02
2.755721546722060680e+02
2.754766421806824610e+02
2.782112064331200827e+02
2.798989131782577147e+02
2.753946742400829635e+02
2.822315262722388525e+02
2.822054760008874723e+02
2.849121324908855968e+02
2.822836316061204798e+02
2.836037439573997858e+02
2.842049032271087867e+02
2.814397792863088625e+02
2.840674313657464722e+02
2.816245659706106608e+02
2.795214988792427562e+02
2.807318439393122276e+02
2.819569849296017310e+02
2.825642792294034962e+02
2.819161312130464694e+02
2.825642792294034962e+02
2.831253801052361609e+02
2.828860662025244892e+02
2.813352462207408848e+02
2.837812916689753138e+02
2.848003507515685442e+02
2.846606233462674709e+02
2.820363289058353757e+02
2.858041978357055086e+02
2.864569251674766974e+02
2.814397792863088625e+02
2.782112064331200827e+02
2.792615022286630051e+02
2.797414229344346950e+02
2.796656060003722928e+02
2.795901735152298784e+02
2.780583494985165771e+02
2.804820703433149447e+02
2.801849627328518864e+02
2.811049941139808652e+02
2.807864128403093673e+02
2.833372407979219361e+02
2.846344338703522681e+02
2.825258780907579990e+02
2.799595475850413777e+02
2.815959017572382095e+02
2.823819338888080210e+02
2.827859666895994906e+02
2.849197076059492701e+02
2.840942518625445814e+02
2.830088595646273006e+02
2.847495844666398170e+02
2.845810450442997421e+02
2.859755294859428432e+02
2.828237886335284088e+02
2.825412928540709459e+02
2.834029044192020592e+02
2.828954767930993626e+02
2.812617838047050896e+02
2.807957599631707808e+02
2.805389275983226867e+02
2.811604679072936506e+02
2.791811126708244046e+02
2.801849627328518864e+02
2.791434319640181343e+02
2.800779920077233669e+02
2.804936323377879717e+02
2.799447728149322074e+02
2.791432518905029383e+02
2.787298713402569206e+02
2.768017773013326064e+02
2.790587031839199312e+02
2.793481688593251988e+02
2.811051401828861458e+02
2.807043013191918135e+02
2.830450676207019001e+02
2.843860055406373704e+02
2.837253303731443452e+02
2.839244348241865055e+02
2.843860055406373704e+02
2.848653979709707755e+02
2.856958340547766397e+02
2.856958340547766397e+02
2.823404471806997549e+02
2.819463842325469614e+02
2.810099983121311311e+02
2.823651710224104363e+02
2.823651710224104363e+02
2.843540841029522426e+02
2.816264568505035868e+02
2.837966154218408974e+02
2.818892820253064997e+02
2.827031594911061916e+02
2.835667936138775644e+02
2.820498526092206930e+02
2.834645951004026756e+02
2.836375247519669642e+02
2.836375247519669642e+02
2.839210793400691841e+02
2.849151469328995745e+02
2.842350775846164765e+02
2.851805454570547340e+02
2.850849325217103001e+02
2.846596978291594837e+02
2.849877243852664037e+02
2.848815199410070136e+02
2.855298434368038443e+02
2.852717678346337493e+02
2.851974612389308277e+02
2.840830493721222183e+02
2.842709838703889886e+02
2.839501581385504210e+02
2.838183288921237590e+02
2.865942268836741960e+02
2.841432441370500328e+02
2.867132158135201507e+02
2.848477315459105625e+02
2.845158503422770195e+02
2.823422978096601241e+02
2.827485761201573951e+02
2.823819338888080210e+02
2.831913893234436728e+02
2.839244348241865055e+02
2.854465143347401863e+02
2.854274191525875608e+02
2.878768718266851465e+02
2.872194662174401856e+02
2.882651993439900480e+02
2.879498531431426613e+02
2.862783848669710096e+02
2.869793980219457126e+02
2.864426500738026107e+02
2.853573299069656741e+02
2.840830493721222183e+02
2.827326162186999454e+02
2.835935581484903310e+02
2.850133499495451019e+02
2.836901431496200416e+02
2.850820304195648305e+02
2.863545860351144938e+02
2.886330267497529007e+02
2.884039925697657054e+02
2.875779641798144439e+02
2.839670176274798337e+02
2.845035314129156632e+02
2.854461272724323067e+02
2.864353806982388733e+02
2.856789039470078251e+02
2.858444520403031675e+02
2.849639029425246690e+02
2.838383375601486023e+02
2.849151469328995745e+02
2.873103305000952332e+02
2.861369131476708958e+02
2.885072108498121111e+02
2.849284432088496146e+02
2.866375876533183487e+02
2.859585046751433310e+02
2.868291976679608410e+02
2.848702871067069964e+02
2.838760406758649992e+02
2.835935581484903310e+02
2.854274191525875608e+02
2.855633918587455469e+02
2.852955264653456879e+02
2.847495776248362063e+02
2.853378843804609346e+02
2.828523652784330693e+02
2.802850573295258414e+02
2.843246254387461249e+02
2.854357111851114155e+02
2.854357111851114155e+02
2.855757995870611126e+02
2.857760905148892903e+02
2.848254301469694951e+02
2.846344338703522681e+02
2.865358602399693950e+02
2.861972774757882689e+02
2.826796506818811281e+02
2.840830493721222183e+02
2.886112086521698075e+02
2.881607621629843266e+02
2.873793750851795039e+02
2.865174029873725203e+02
2.867534238997453144e+02
2.856073052841350091e+02
2.857526180240448070e+02
2.862940002877095935e+02
2.860072491698010140e+02
2.863817687943805481e+02
2.865416928790724569e+02
2.877274734030096397e+02
2.877163724051487179e+02
2.870672261330946071e+02
2.881539609775224449e+02
2.878548184136698751e+02
2.882087213557360315e+02
2.868928443763018663e+02
2.860279491810742343e+02
2.863545860351144938e+02
2.879123966749498891e+02
2.877752191979346321e+02
2.874301553752263203e+02
2.888997248465565235e+02
2.888747970893975321e+02
2.868826295326763898e+02
2.886153010188937742e+02
2.860580393884234809e+02
2.869672068022667304e+02
2.877163724051487179e+02
2.858562976245888763e+02
2.859046577558033277e+02
2.863273321688743067e+02
2.857760905148892903e+02
2.881833574656311043e+02
2.899448429649178252e+02
2.868303595035340550e+02
2.866375876533183487e+02
2.879123966749498891e+02
2.877110353540343795e+02
2.877005679679599552e+02
2.867132158135201507e+02
2.857171308749392438e+02
2.867428360575249258e+02
2.874692403830146077e+02
2.865174029873725203e+02
2.875202051878175666e+02
2.878063848341762991e+02
2.875012613688170973e+02
2.887059887845274488e+02
2.888737214384426579e+02
2.881539609775224449e+02
2.876070164328873489e+02
2.882087213557360315e+02
2.849837422097217541e+02
2.864946169140689562e+02
2.857508431233924853e+02
2.854274191525875608e+02
2.858773155490310387e+02
2.855914471575745210e+02
2.863280221907079977e+02
2.865358602399693950e+02
2.874454948094445967e+02
2.876530219100235399e+02
2.877274734030096397e+02
2.858319241213229702e+02
2.849284432088496146e+02
2.860312254958078029e+02
2.842604878897428193e+02
2.838820060850927689e+02
2.846171989143539918e+02
2.861091615776010713e+02
2.855110228882042520e+02
2.875107588136290815e+02
2.875107588136290815e+02
2.870590442633319981e+02
2.867534238997453144e+02
2.858562976245888763e+02
2.874454948094445967e+02
2.873134565117097168e+02
2.869115230620886905e+02
2.871679036006971160e+02
2.854465143347401863e+02
2.855621379019478354e+02
2.859678155891680262e+02
2.866463798667385845e+02
2.864426500738026107e+02
2.873341735795786462e+02
2.869115230620886905e+02
2.872403902548552992e+02
2.867089201315390596e+02
2.881619002438575876e+02
2.866728864125537939e+02
2.849837422097217541e+02
2.861991869345264377e+02
2.850820304195648305e+02
2.838760406758649992e+02
2.866375876533183487e+02
2.875848967400812626e+02
2.888755457104800826e+02
2.890941759013684305e+02
2.886153010188937742e+02
2.891684011626625193e+02
2.890579463094323955e+02
2.869793980219457126e+02
2.851957740365652398e+02
2.869121303197589441e+02
2.858041978357055086e+02
2.869712519773981967e+02
2.876530219100235399e+02
2.900733112316004849e+02
2.888546719699677965e+02
2.875148151800819392e+02
2.862869918761651888e+02
2.870989119750103669e+02
2.869709770235043607e+02
2.890046019444972671e+02
2.901849075102968527e+02
2.890028621325805034e+02
2.889804350434740172e+02
2.893900985580037855e+02
2.906627042181872866e+02
2.901543915400646938e+02
2.892032415193586417e+02
2.889352299941039632e+02
2.876172944662707778e+02
2.877704766915398977e+02
2.884184098845269659e+02
2.877465292656410725e+02
2.890751547931682808e+02
2.891684011626625193e+02
2.892112390336396288e+02
2.864404617949010685e+02
2.882943785872901117e+02
2.881842739808443525e+02
2.882937114763009276e+02
2.858777477644599117e+02
2.860580393884234809e+02
2.871037858737866486e+02
2.861702119249248426e+02
2.861702119249248426e+02
2.866463798667385845e+02
2.873674643858718127e+02
2.870672261330946071e+02
2.875779641798144439e+02
2.863545860351144938e+02
2.886446054697947829e+02
2.879025424137669233e+02
2.868928443763018663e+02
2.861682808818993635e+02
2.878407137875683475e+02
2.868303595035340550e+02
2.856632097424003405e+02
2.861702119249248426e+02
2.880381069261337643e+02
2.886122452565302297e+02
2.894602255902715910e+02
2.860279491810742343e+02
2.855633918587455469e+02
2.822555509836656142e+02
2.822315262722388525e+02
2.820217080750370542e+02
2.827258318554186758e+02
2.852722653271301851e+02
2.864646404899291952e+02
2.869467644871626248e+02
2.865549789148776654e+02
2.857814895782149165e+02
2.868639758210716195e+02
2.860279491810742343e+02
2.848659177192117795e+02
2.843110243606702738e+02
2.857809814234119017e+02
2.861933176035350925e+02
2.859585046751433310e+02
2.840674313657464722e+02
2.862038701843108583e+02
2.835667936138775644e+02
2.802907639268052549e+02
2.868409137944397571e+02
2.857486323193084559e+02
2.850113607442719399e+02
2.846309872233407532e+02
2.814397792863088625e+02
2.788460889187264797e+02
2.830344719424957134e+02
2.817930056634140215e+02
2.832399534346289443e+02
2.833458444502460907e+02
2.832786918139884165e+02
2.835404611452844392e+02
2.821661963913871318e+02
2.817130138551769960e+02
2.815210294973043688e+02
2.812865303432220117e+02
2.830779771757229355e+02
2.838505845277591675e+02
2.820363289058353757e+02
2.835935581484903310e+02
2.838077314342193063e+02
2.840674313657464722e+02
2.828860662025244892e+02
2.813167921509374878e+02
2.844977409724624522e+02
2.885401385232909206e+02
2.849151469328995745e+02
2.840782048799233053e+02
2.857486323193084559e+02
2.836901431496200416e+02
2.819938049380351686e+02
2.839341225175851946e+02
2.832579460953980970e+02
2.814831486727757692e+02
2.819779903060608035e+02
2.792514945232485388e+02
2.795214988792427562e+02
2.790587031839199312e+02
2.816291797513526376e+02
2.791434319640181343e+02
2.820568881068812175e+02
2.816695570451750541e+02
2.828744374628346918e+02
2.832715683824798703e+02
2.827326162186999454e+02
2.799387877834624874e+02
2.822555509836656142e+02
2.828532140598342153e+02
2.824724789594137064e+02
2.823313102143596325e+02
2.818574656129442246e+02
2.826449753205645266e+02
2.792106829237876013e+02
2.788339655973313711e+02
2.785057570204436956e+02
2.790603604025004074e+02
2.789853315123801281e+02
2.757314653723043421e+02
2.816245659706106608e+02
2.819149610163258330e+02
2.814624356895614596e+02
2.773625867225297270e+02
2.779837258474020132e+02
2.798093079240300085e+02
2.756507142892817228e+02
2.749511901352999530e+02
2.751597561411152810e+02
2.753779670574546117e+02
2.776710016503442375e+02
2.781111660577308839e+02
2.821669134604935039e+02
2.797133771357583782e+02
2.807957599631707808e+02
2.809844753238539852e+02
2.812053336112080046e+02
2.821851429720021542e+02
2.781395685377887617e+02
2.778327686543514119e+02
2.761270640863385211e+02
2.748429709957848672e+02
2.753965343708833871e+02
2.776217131465843977e+02
2.776217131465843977e+02
2.779898635974454351e+02
2.780471195505669471e+02
2.776832278598895982e+02
2.783405537960724700e+02
2.784002366909380157e+02
2.813891117289024919e+02
2.797610383206019264e+02
2.791170027610874627e+02
2.792356820221301632e+02
2.812865303432220117e+02
2.811848470333554246e+02
2.796430455038376408e+02
2.753840393686451193e+02
2.815210294973043688e+02
2.847400366440065227e+02
2.842526208108688479e+02
2.803341801521446541e+02
2.802821903160792090e+02
2.819149610163258330e+02
2.829136136387492684e+02
2.862038701843108583e+02
2.834068645734860752e+02
2.834042851277587829e+02
2.834122106200097733e+02
2.836752132842671017e+02
2.804683072740858734e+02
2.780692357954305862e+02
