2.894094507108895300e+02
2.867437466993052340e+02
2.861036314004717838e+02
2.875506977914292861e+02
2.857421969798298846e+02
2.875070378884008164e+02
2.861373549724341387e+02
2.855597578780583490e+02
2.855525071247705000e+02
2.862653678654631335e+02
2.864064745754398587e+02
2.866287591297972881e+02
2.864064745754398587e+02
2.863750154729588075e+02
2.865031476878280046e+02
2.863593507872835175e+02
2.860756368554643814e+02
2.860883200696449080e+02
2.846689370058425652e+02
2.861830191501873628e+02
2.858921278321419095e+02
2.865063839136089996e+02
2.867437466993052340e+02
2.884915515025529658e+02
2.881292783456784150e+02
2.885292651458938167e+02
2.881836583822334887e+02
2.885111534628585446e+02
2.895481039994130583e+02
2.887142261525111167e+02
2.908565053172419539e+02
2.895579177900184504e+02
2.886384653120277903e+02
2.883798399774170207e+02
2.900961518163482538e+02
2.892013772502364191e+02
2.885111534628585446e+02
2.872171390884111588e+02
2.867838885199025754e+02
2.878262309135674855e+02
2.875069336411341965e+02
2.847381833261201791e+02
2.851518914595053502e+02
2.873314274158119019e+02
2.868049409137562975e+02
2.862750966747090047e+02
2.877657710437187006e+02
2.853581372583219036e+02
2.858979535181586584e+02
2.873319086456908735e+02
2.873792109835234214e+02
2.880294874286921640e+02
2.890951641936061947e+02
2.888211297685219279e+02
2.862996637835124716e+02
2.845956087077442476e+02
2.855996768088344879e+02
2.863088921469707202e+02
2.850887080520895438e+02
2.864011096792348781e+02
2.860873305167717717e+02
2.850221610830029704e+02
2.855525071247705000e+02
2.857670981904251448e+02
2.868813671892169168e+02
2.862996637835124716e+02
2.867639667490681745e+02
2.853064938011119125e+02
2.864349152650989367e+02
2.864103158108576395e+02
2.873792109835234214e+02
2.874113504080029315e+02
2.879274257581492975e+02
2.876867910786173184e+02
2.873879792315232748e+02
2.868607758487594879e+02
2.872171390884111588e+02
2.867838885199025754e+02
2.880294874286921640e+02
2.872171390884111588e+02
2.882786112564751875e+02
2.891977324685626627e+02
2.893435783044655523e+02
2.895481039994130583e+02
2.881196359653187073e+02
2.893829895760631530e+02
2.813064457162348617e+02
2.881196359653187073e+02
2.874905066119757748e+02
2.881960268832640963e+02
2.880003835540355226e+02
2.885181949629715064e+02
2.896701508893781920e+02
2.882678438028129335e+02
2.890087260758983234e+02
2.892038903244835524e+02
2.880208870621205506e+02
2.863478450401626674e+02
2.863607647038533059e+02
2.860594044348047191e+02
2.857796368488791359e+02
2.864635731235883327e+02
2.863607647038533059e+02
2.867379401769243259e+02
2.864205709387204593e+02
2.877522438490676677e+02
2.874084592265423339e+02
2.877796276975332148e+02
2.872899935760148651e+02
2.878498415460374531e+02
2.873016427853359005e+02
2.885181949629715064e+02
2.885028029834454060e+02
2.897890721581721891e+02
2.884478078019585610e+02
2.863358865583748525e+02
2.868813671892169168e+02
2.867639667490681745e+02
2.865031476878280046e+02
2.865023752697672990e+02
2.879959041421120673e+02
2.873532592440443523e+02
2.892820430586866109e+02
2.884950477300123453e+02
2.873997754377289198e+02
2.865023752697672990e+02
2.866672499372551215e+02
2.867179951152625108e+02
2.862591704851059831e+02
2.857421969798298846e+02
2.848872739950827508e+02
2.848198604189842627e+02
2.849126491135226047e+02
2.852835405563154154e+02
2.828078419601625342e+02
2.848556121934637986e+02
2.850887080520895438e+02
2.856036726113952113e+02
2.855044770104680083e+02
2.856054280197557773e+02
2.862786747063518078e+02
2.883360733549888550e+02
2.864349152650989367e+02
2.872229429995390433e+02
2.853322584266222748e+02
2.841519647141810765e+02
2.825243974667888551e+02
2.819502018456782366e+02
2.831040136369822449e+02
2.834225936502932086e+02
2.820948190177824699e+02
2.839617339470657953e+02
2.837139082182448533e+02
2.842608916940058066e+02
2.859736191135116314e+02
2.834471431178700982e+02
2.828687711926706925e+02
2.829640546912292507e+02
2.846689370058425652e+02
2.828562426460975985e+02
2.853581372583219036e+02
2.791276140794971639e+02
2.796044404503947476e+02
2.815663623140654295e+02
2.815502216754453002e+02
2.816106552249178776e+02
2.825832917747855504e+02
2.850162356998366704e+02
2.839779947346356153e+02
2.835227080710125733e+02
2.833942676203356541e+02
2.848814034676795472e+02
2.845456100919327014e+02
2.827492674172666511e+02
2.818202192286554464e+02
2.824308986434923554e+02
2.856036726113952113e+02
2.823881552111596420e+02
2.829624022274649064e+02
2.850704211197367499e+02
2.835892891145743988e+02
2.808024255613569267e+02
2.798776484035825547e+02
2.821329337150888250e+02
2.834173180105441361e+02
2.793863995039360475e+02
2.817709511060180603e+02
2.775350885565016483e+02
2.827907679318824989e+02
2.812874131601104182e+02
2.821762194641094084e+02
2.785055502584055489e+02
2.800242095361389829e+02
2.798243129138770655e+02
2.809198576377920631e+02
2.793863995039360475e+02
2.809988578009506455e+02
2.781381440785497716e+02
2.823342805535595517e+02
2.807750794323007995e+02
2.822828793085054713e+02
2.813386505096772794e+02
2.821110445248937140e+02
2.801261789173333909e+02
2.799593948746630758e+02
2.827515083432309098e+02
2.817641520668072417e+02
2.810987585977480876e+02
2.799982097362129707e+02
2.782022286117148724e+02
2.781381440785497716e+02
2.799169622475362758e+02
2.790685915577195715e+02
2.809816444011440240e+02
2.813953288025742268e+02
2.776223875869086442e+02
2.761123311381044232e+02
2.757614551465666182e+02
2.755941074655976308e+02
2.782214928473414375e+02
2.816788443100896302e+02
2.800966608506977309e+02
2.782107455463051906e+02
2.779708407784012252e+02
2.781867350196287134e+02
2.757376990109215171e+02
2.793823671468836665e+02
2.800447713888249837e+02
2.799719718316995909e+02
2.817985893346947819e+02
2.815181196127151111e+02
2.829606492311291390e+02
2.812372477143918559e+02
2.825863997956381581e+02
2.816435770181969929e+02
2.823361991943780254e+02
2.812087155893056547e+02
2.822767856808085867e+02
2.820253621355893756e+02
2.825259207478849817e+02
2.818618593740785627e+02
2.829606492311291390e+02
2.801764248951866421e+02
2.799825683575919015e+02
2.781256661239195296e+02
2.818915690804439578e+02
2.809046675210877879e+02
2.811202216834113869e+02
2.821575783320761275e+02
2.783988057466820578e+02
2.825591229248316267e+02
2.843155120769015411e+02
2.815002498054404896e+02
2.801044320354408228e+02
2.783944425929050794e+02
2.777716680117636656e+02
2.815663623140654295e+02
2.813859719338689729e+02
2.812859661816766561e+02
2.816690053489192564e+02
2.800002046670061873e+02
2.782098605516624730e+02
2.769749888199816610e+02
2.763116049935655383e+02
2.757909481659876860e+02
2.802802294787965707e+02
2.802802294787965707e+02
2.804811997883768981e+02
2.799457598986824109e+02
2.791382876065381993e+02
2.815459923590991025e+02
2.805942615288473689e+02
2.818191684761065972e+02
2.821165215107483277e+02
2.839657929939659766e+02
2.797391907338353008e+02
2.821165215107483277e+02
2.783083765938354190e+02
2.841177790737098690e+02
2.833967538514650641e+02
2.800002046670061873e+02
2.783083765938354190e+02
2.772969853500142676e+02
2.765157549385678522e+02
2.756162319990011724e+02
2.790685915577195715e+02
2.786086357929592054e+02
2.809386339528383019e+02
2.806014155089481505e+02
2.800966608506977309e+02
2.798096840738134574e+02
2.770410533835206479e+02
2.775317485072996533e+02
2.798096840738134574e+02
2.782992403847936203e+02
2.785055502584055489e+02
2.779708407784012252e+02
2.811527395990275977e+02
2.828705162156289248e+02
2.825104830011524086e+02
2.819317379164216959e+02
2.814014101842361129e+02
2.811312131541248505e+02
2.816135062726127103e+02
2.824450358940318893e+02
2.785252297271233033e+02
2.769444169597638847e+02
2.761088385562176768e+02
2.783240138165974713e+02
2.775884023305788446e+02
2.776511262278526715e+02
2.770647676814134570e+02
2.798096840738134574e+02
2.782429323216478565e+02
2.815788318522193663e+02
2.829015038084188518e+02
2.799943423384645484e+02
2.826707529373546208e+02
2.827999653959720376e+02
2.786086357929592054e+02
2.756395943751141999e+02
2.782801927950279719e+02
2.768934339692260664e+02
2.781381440785497716e+02
2.789144519638954307e+02
2.816435770181969929e+02
2.810987585977480876e+02
2.833822243471414595e+02
2.828807411782016175e+02
2.817985893346947819e+02
2.796064491521412378e+02
2.783502057201367847e+02
2.756890386760890124e+02
2.751939129998810927e+02
2.746981491811561114e+02
2.766490948269531032e+02
2.759698901809775862e+02
2.785750373847670289e+02
2.785017641822173573e+02
2.800561069521403965e+02
2.771265304515553680e+02
2.816788443100896302e+02
2.817825948150236854e+02
2.828808448929873407e+02
2.832397075911874822e+02
2.856025759647803852e+02
2.835110138452680530e+02
2.833582701425740993e+02
2.819768494657187148e+02
2.817825948150236854e+02
2.819968402567162684e+02
2.819968402567162684e+02
2.833848507559019936e+02
2.812087155893056547e+02
2.833834815547965036e+02
2.800945677620027254e+02
2.800160252071076457e+02
2.801344694649746430e+02
2.822263498829784112e+02
2.823679214756113538e+02
2.809386339528383019e+02
2.816135062726127103e+02
2.860766071597339533e+02
2.836697481741096567e+02
2.828679455100501059e+02
2.837903274506932689e+02
2.823679214756113538e+02
2.834911440208874183e+02
2.826664359843848047e+02
2.833736006721849776e+02
2.829015038084188518e+02
2.825275019681856747e+02
2.848469942833710320e+02
2.856079555664351801e+02
2.855584724306881981e+02
2.846835358865764078e+02
2.795770608688216612e+02
2.800802534836820996e+02
2.783301648394964900e+02
2.798096840738134574e+02
2.798505944054439851e+02
2.795540253017870214e+02
2.797229253580692330e+02
2.812214986514560451e+02
2.821697926367353375e+02
2.828457332724370872e+02
2.850731369569783169e+02
2.834563469661547970e+02
2.826690768247432288e+02
2.813785535606680810e+02
2.800881131527837624e+02
2.818366358170546278e+02
2.800394652014742860e+02
2.810153505579092439e+02
2.831231388415291690e+02
2.819502018456782366e+02
2.839779947346356153e+02
2.848814034676795472e+02
2.819546886408766113e+02
2.826879722843730178e+02
2.833786296467106354e+02
2.815825609553713207e+02
2.819502018456782366e+02
2.826391189331918099e+02
2.814659293638996473e+02
2.815825609553713207e+02
2.828927353877314772e+02
2.825863997956381581e+02
2.825832917747855504e+02
2.826704695240070464e+02
2.815177738582215738e+02
2.847124255512908348e+02
2.834099287973414789e+02
2.792504969372222945e+02
2.799315639090893910e+02
2.796787074445289250e+02
2.785235681253125790e+02
2.785235681253125790e+02
2.760621457606102922e+02
2.787452212089225441e+02
2.800596880031529281e+02
2.815459923590991025e+02
2.812522510570858003e+02
2.833582701425740993e+02
2.822499062118491224e+02
2.822640409462078424e+02
2.834911440208874183e+02
2.822831591995320650e+02
2.821697926367353375e+02
2.817165662487892632e+02
2.816344440784188237e+02
2.841153158559365579e+02
2.833848507559019936e+02
2.834051665590236553e+02
2.827359800048202487e+02
2.834563027553369352e+02
2.820938717413887389e+02
2.834876394771858941e+02
2.837903274506932689e+02
2.848350612879956429e+02
2.822557598357415714e+02
2.827999653959720376e+02
2.829624022274649064e+02
2.834149500769007091e+02
2.834173180105441361e+02
2.829180385048480275e+02
2.846073703575292484e+02
2.849467016896706468e+02
2.841104035203754279e+02
2.835479521272836223e+02
2.850757612024460173e+02
2.834149500769007091e+02
2.848363847158429394e+02
2.833522685436281563e+02
2.840818433772035405e+02
2.831040136369822449e+02
2.856888989744871878e+02
2.840056312063812243e+02
2.848826991148805519e+02
2.845445762501404374e+02
2.849088212443677435e+02
2.838931793605021880e+02
2.861123371336787500e+02
2.873016427853359005e+02
2.861123371336787500e+02
2.853065704408352872e+02
2.841011755818539655e+02
2.840996461018980312e+02
2.862381208220882627e+02
2.863750154729588075e+02
2.848453906143070640e+02
2.836337682930156348e+02
2.847106713731370746e+02
2.850134197664298199e+02
2.828687711926706925e+02
2.828091525702053559e+02
2.824611326815643793e+02
2.809957079839911671e+02
2.834301922352641441e+02
2.853335773045883457e+02
2.846766980805246590e+02
2.848858454858437881e+02
2.850731369569783169e+02
2.810511810627098725e+02
2.815563107891840104e+02
2.818191684761065972e+02
2.833949596292512751e+02
2.848469626762382063e+02
2.865023752697672990e+02
2.864561544395556325e+02
2.853322584266222748e+02
2.848221772056526220e+02
2.855346802239627664e+02
2.841694951315685103e+02
2.856349794312787367e+02
2.841411589596618228e+02
2.848912474193394928e+02
2.840056312063812243e+02
2.846990246815562955e+02
2.841411589596618228e+02
2.853065704408352872e+02
2.845610797102513061e+02
2.856506408058051534e+02
2.853675295862399821e+02
2.855904653227179892e+02
2.862109988775708302e+02
2.867941051604078666e+02
2.861373549724341387e+02
2.853956870588598349e+02
2.867437466993052340e+02
2.856052182968170428e+02
2.856132756925007357e+02
2.851518914595053502e+02
2.861085359780390718e+02
2.861085359780390718e+02
2.868049409137562975e+02
2.828586224329628180e+02
2.847320855079289004e+02
2.852035505754389533e+02
2.844742768005014000e+02
2.854712266739020947e+02
2.855525071247705000e+02
2.854712266739020947e+02
2.880803239718024997e+02
2.855525071247705000e+02
2.882519968146005453e+02
2.884932249616582567e+02
2.875725607393458176e+02
2.854669783100061409e+02
2.882237223736707961e+02
2.877254683001094122e+02
2.861123371336787500e+02
2.841411589596618228e+02
2.833736006721849776e+02
2.841694951315685103e+02
2.839960780555084625e+02
2.855996768088344879e+02
2.848814034676795472e+02
2.839617339470657953e+02
2.855332326566785355e+02
2.857581668564819779e+02
2.876867910786173184e+02
2.856956158429121615e+02
2.879274257581492975e+02
2.861912709690049041e+02
2.857915677384736455e+02
2.847865186961029735e+02
2.852881196468817393e+02
2.850588947657222434e+02
2.865425698206626066e+02
2.851504189857742517e+02
2.864561544395556325e+02
2.860883200696449080e+02
2.858621050051954171e+02
2.862591704851059831e+02
2.855924306741962369e+02
2.866237827392947679e+02
2.881984704083275233e+02
2.887801009335826734e+02
2.853956870588598349e+02
2.855637020765350940e+02
2.855588424861515477e+02
2.872253291501000376e+02
2.854230217718841800e+02
2.857399073449038269e+02
2.854712266739020947e+02
2.866672499372551215e+02
2.882519968146005453e+02
2.878873987336534128e+02
2.897551351715982833e+02
2.901859420650898755e+02
2.880324199887370469e+02
2.873016427853359005e+02
2.849853513617533736e+02
2.848198604189842627e+02
2.871555529175240622e+02
2.886852347222289836e+02
2.884915515025529658e+02
2.886983442414003775e+02
2.902254969301440042e+02
2.895481039994130583e+02
2.896720902538583573e+02
2.880208870621205506e+02
2.919368215076368074e+02
2.876129803349750773e+02
2.881475343885240932e+02
2.889767376102507228e+02
2.892845649294585542e+02
2.877830958332360751e+02
2.876352145100325401e+02
2.889951342589496335e+02
2.876287034277368093e+02
2.887909942340308476e+02
2.877237461385317943e+02
2.876710510007006292e+02
2.863029204610242573e+02
2.875725607393458176e+02
2.873114840741242233e+02
2.877114858359132086e+02
2.894952925913112267e+02
2.872381566756164943e+02
2.863057256371263293e+02
2.884932249616582567e+02
2.854230217718841800e+02
2.865016238680734091e+02
2.856883197441384823e+02
2.857313225592399704e+02
2.863306934101793217e+02
2.855637020765350940e+02
2.868441292052254994e+02
2.898420825782898191e+02
2.884744494054554025e+02
2.858061155709997365e+02
2.856142556694945256e+02
2.864064745754398587e+02
2.879401982072349711e+02
2.879121567062605322e+02
2.886052551361453311e+02
2.868064548942697911e+02
2.871996010438199960e+02
2.880003835540355226e+02
2.896368291594130824e+02
2.864706442619946074e+02
2.862997634606060728e+02
2.871212059897537188e+02
2.858008013818740096e+02
2.851846319354339698e+02
2.871053512097536782e+02
2.867179951152625108e+02
2.873792109835234214e+02
2.880294874286921640e+02
2.868441292052254994e+02
2.882678438028129335e+02
2.874064462376992992e+02
2.855044770104680083e+02
2.884915515025529658e+02
2.864031533251475707e+02
2.866287591297972881e+02
2.863607647038533059e+02
2.833736006721849776e+02
2.850925181914004156e+02
2.858621050051954171e+02
2.862089830384582569e+02
2.872337934464702585e+02
2.852291724955967425e+02
2.863935522900908950e+02
2.834228664638356463e+02
2.862653678654631335e+02
2.865023752697672990e+02
2.841104035203754279e+02
2.856054280197557773e+02
2.874113504080029315e+02
2.873792109835234214e+02
2.864561544395556325e+02
2.828721285314505280e+02
2.829040710541959811e+02
2.835604391578176546e+02
2.856022935988278277e+02
2.834876394771858941e+02
2.809522228073309407e+02
2.816135062726127103e+02
2.821575783320761275e+02
2.839960780555084625e+02
2.834167699531861331e+02
2.862653678654631335e+02
2.848142619608039467e+02
2.855996768088344879e+02
2.828679455100501059e+02
2.833786296467106354e+02
2.855985740696768858e+02
2.794097428510152668e+02
2.800966608506977309e+02
2.799169622475362758e+02
2.795540253017870214e+02
2.813955217537362614e+02
2.809093267887051866e+02
2.834564368413823559e+02
2.812065421877902054e+02
2.798311945058312062e+02
2.816612873377796973e+02
2.833402827638188342e+02
2.800650900003905690e+02
2.781256661239195296e+02
2.799169622475362758e+02
2.773083496690928200e+02
2.776210165277344117e+02
2.827907679318824989e+02
2.816788443100896302e+02
2.820094759624124663e+02
2.818915690804439578e+02
2.815453364140883536e+02
2.863564001347923522e+02
2.801549204150015271e+02
2.815130223097329463e+02
2.786078186878783640e+02
2.779801808234801115e+02
2.786010585653486373e+02
2.788469633500660620e+02
2.801344694649746430e+02
2.809386339528383019e+02
2.815765725947248939e+02
2.865608960881242524e+02
2.757341179332394745e+02
2.757117612595899345e+02
2.801140789426663673e+02
2.822817334218917154e+02
2.827853252776752129e+02
2.826690768247432288e+02
2.805714886116955995e+02
2.759805294741604484e+02
2.754224557275554730e+02
2.730093550876907216e+02
2.783735597393399530e+02
2.781429537624068757e+02
2.751206012258053306e+02
2.817000546207908656e+02
2.768614222932685607e+02
2.779686311800274439e+02
2.761123311381044232e+02
2.783083765938354190e+02
2.800197740863363265e+02
2.807750794323007995e+02
2.820094759624124663e+02
2.841026319541554130e+02
2.820405161181740255e+02
2.801404999927318613e+02
2.786026910086129647e+02
2.780626531713375584e+02
2.784840776341496849e+02
2.829015038084188518e+02
2.799593948746630758e+02
2.795367570859116313e+02
2.812214986514560451e+02
2.798744871378998482e+02
2.812281511598625343e+02
2.800461501241172755e+02
2.802051358871559614e+02
2.826665364565503751e+02
2.828046236987421480e+02
2.845642615738950099e+02
2.862774289118040087e+02
2.819968402567162684e+02
2.770947872008169384e+02
2.787111524658273538e+02
2.789021554481753356e+02
2.826391189331918099e+02
2.833967538514650641e+02
2.834051665590236553e+02
2.842209521496145044e+02
2.822696864217524535e+02
2.817165662487892632e+02
2.816788443100896302e+02
2.823361991943780254e+02
2.840354829934376539e+02
2.856717654301222638e+02
2.845610797102513061e+02
2.862774289118040087e+02
2.850757612024460173e+02
2.857733448268643315e+02
2.835007747332071517e+02
2.811473970857468885e+02
2.868813671892169168e+02
2.865328287459030889e+02
2.834563027553369352e+02
2.849351451067943799e+02
2.847598890476994598e+02
2.873997754377289198e+02
2.850643956404051664e+02
2.851518914595053502e+02
2.853675295862399821e+02
2.817826084877705171e+02
2.842608916940058066e+02
2.867639667490681745e+02
2.871981151750188701e+02
2.856883908549527860e+02
2.871148631558438069e+02
2.893919182675881530e+02
2.845231938318749485e+02
2.855996768088344879e+02
2.884932249616582567e+02
2.853966931927944302e+02
2.852835405563154154e+02
2.818471573303500008e+02
2.854230217718841800e+02
2.828927353877314772e+02
2.869376956142009476e+02
2.897324020921851115e+02
2.898406114491589278e+02
2.879274257581492975e+02
2.888211297685219279e+02
2.886758143055975552e+02
2.844742768005014000e+02
2.871555512018651939e+02
2.873532592440443523e+02
2.898925118935441674e+02
2.902670296391665374e+02
2.880294874286921640e+02
2.874268570178073787e+02
2.886983442414003775e+02
2.914464243733935973e+02
2.880471114485578141e+02
2.851388624201467792e+02
2.884292951779178225e+02
2.872229429995390433e+02
2.889911534133329383e+02
2.880852056085189474e+02
2.873792109835234214e+02
2.876710510007006292e+02
2.896720902538583573e+02
2.874163590493395759e+02
2.882197833954394923e+02
2.867639667490681745e+02
2.867437466993052340e+02
2.871981151750188701e+02
2.896368291594130824e+02
2.902958769454806998e+02
2.892689267511200910e+02
2.892820430586866109e+02
2.873319086456908735e+02
2.874006252992695636e+02
2.867379401769243259e+02
2.879401982072349711e+02
2.879121567062605322e+02
2.878612367287142888e+02
2.885936405902621118e+02
2.886852347222289836e+02
2.887308011650918615e+02
2.887402287392246194e+02
2.884599819276236872e+02
2.888211297685219279e+02
2.887084744695102927e+02
2.873792109835234214e+02
2.880852056085189474e+02
2.897106553040426320e+02
2.878498415460374531e+02
2.884599819276236872e+02
2.872253291501000376e+02
2.876343194971717594e+02
2.889945926364694060e+02
2.878612367287142888e+02
2.885678300896277619e+02
2.866672499372551215e+02
2.880958535227054540e+02
2.897095014890170432e+02
2.896720902538583573e+02
2.898420825782898191e+02
2.865063839136089996e+02
2.876867910786173184e+02
2.879121567062605322e+02
2.879959041421120673e+02
2.882197833954394923e+02
2.880471114485578141e+02
2.872171390884111588e+02
2.872337934464702585e+02
2.879401982072349711e+02
2.871148631558438069e+02
2.877237461385317943e+02
2.876409385529434530e+02
2.880864128795882948e+02
2.892949072898720146e+02
2.876129803349750773e+02
2.878004489788934848e+02
2.864011096792348781e+02
2.867179951152625108e+02
2.875070378884008164e+02
2.860873305167717717e+02
2.861123371336787500e+02
2.847598890476994598e+02
2.842209521496145044e+02
2.834467620664580636e+02
2.834175365637390200e+02
2.848814034676795472e+02
2.862653678654631335e+02
2.845026962206008534e+02
2.867155850005603952e+02
2.852611625043497838e+02
2.854712266739020947e+02
2.855996768088344879e+02
2.863306934101793217e+02
2.856850030998746774e+02
2.857796368488791359e+02
2.848826991148805519e+02
2.860509821110777580e+02
2.884950477300123453e+02
2.856025759647803852e+02
2.853172952844510633e+02
2.863363230810861069e+02
2.853322584266222748e+02
2.857733448268643315e+02
2.860317397669206798e+02
2.872199980793203622e+02
2.846766980805246590e+02
2.854230217718841800e+02
2.830061719312500372e+02
2.830265396893514094e+02
2.830545922636810587e+02
2.848460296898256843e+02
2.841694951315685103e+02
2.857069100589795312e+02
2.864630098953285255e+02
2.853269014373579466e+02
2.837599961807279101e+02
2.838818159343613274e+02
2.840739239653337904e+02
2.850757612024460173e+02
2.858921278321419095e+02
2.860900401542418763e+02
2.816838966192931935e+02
2.801192104808735053e+02
2.813064457162348617e+02
2.846158212652411521e+02
2.851023904978758878e+02
2.834623326599457300e+02
2.825104830011524086e+02
2.842107066209596269e+02
2.840739239653337904e+02
2.850925181914004156e+02
2.841672466669265873e+02
2.848439859992475931e+02
2.862774289118040087e+02
2.845956087077442476e+02
2.832309028909589301e+02
2.834225936502932086e+02
2.840907306054143646e+02
2.850887080520895438e+02
2.873917180398010487e+02
2.862181571267483378e+02
2.834143847850986617e+02
2.833848507559019936e+02
2.811312131541248505e+02
2.815825609553713207e+02
2.799632582561836784e+02
2.801056642586527232e+02
2.817209918252469834e+02
2.809705913477151853e+02
2.811312131541248505e+02
2.800488818503040420e+02
2.833522685436281563e+02
2.807750794323007995e+02
2.834594467159307669e+02
2.824040687861178185e+02
2.814772912088554335e+02
2.818296650474680973e+02
2.801056642586527232e+02
2.800002046670061873e+02
2.794822260928548303e+02
2.799980628275374102e+02
2.760206995838329931e+02
2.799980628275374102e+02
2.798311945058312062e+02
2.820253621355893756e+02
2.813005202541376661e+02
2.805363504610653536e+02
2.822696864217524535e+02
2.800197740863363265e+02
2.810153505579092439e+02
2.815130223097329463e+02
2.801549204150015271e+02
2.809556403168977567e+02
2.814279956196972421e+02
2.819805559726048614e+02
2.814014101842361129e+02
2.801549204150015271e+02
2.808075575246964490e+02
2.834471431178700982e+02
2.813511952783018160e+02
2.834555803071394280e+02
2.841994666238922491e+02
2.834876394771858941e+02
2.826664359843848047e+02
2.869376956142009476e+02
2.841034339438057259e+02
2.862996637835124716e+02
2.850245599082122681e+02
2.845642615738950099e+02
2.845456100919327014e+02
2.834079051682318777e+02
2.862653678654631335e+02
2.828721285314505280e+02
2.862706789234933353e+02
2.834555803071394280e+02
2.826375769329135323e+02
2.824959216106667554e+02
2.827885278117842063e+02
2.811312131541248505e+02
2.826375769329135323e+02
2.820938717413887389e+02
2.832102574110441537e+02
2.827219534956823281e+02
2.831231388415291690e+02
2.812874131601104182e+02
2.826375769329135323e+02
2.815663623140654295e+02
2.841603721940419405e+02
2.822696864217524535e+02
2.833402827638188342e+02
2.815765725947248939e+02
2.874268570178073787e+02
2.801617179641432926e+02
2.785141938907755730e+02
2.770657156010424274e+02
2.790492973895488262e+02
2.772029038536333587e+02
2.801261789173333909e+02
2.756109841647829626e+02
2.751160249249891763e+02
2.769604390176057791e+02
2.758326124358313223e+02
2.772609034835460307e+02
2.793121879457724503e+02
2.815663623140654295e+02
2.818915690804439578e+02
2.799719718316995909e+02
2.792436290813608935e+02
2.771262190930158908e+02
2.760206995838329931e+02
2.769000366446904309e+02
2.794925737990396897e+02
2.770577819389088177e+02
2.800002046670061873e+02
2.781867350196287134e+02
2.796044404503947476e+02
2.791248416966839727e+02
2.819742761549208581e+02
2.812651187148265421e+02
2.809744555546150764e+02
2.829312703777449087e+02
2.794304518273781355e+02
2.809388232633526172e+02
2.811312131541248505e+02
2.812651187148265421e+02
2.832404175482114965e+02
2.815415902592524162e+02
2.781614337722016899e+02
2.772416000991466944e+02
2.815825609553713207e+02
2.783832465899908470e+02
2.801157566556992720e+02
2.822400636871645929e+02
2.834623326599457300e+02
2.825591229248316267e+02
2.808203089170157227e+02
2.811512733440345642e+02
2.799825683575919015e+02
2.800002046670061873e+02
2.776348126734026209e+02
2.765157549385678522e+02
2.768324072863031802e+02
2.796692178826509121e+02
2.793121879457724503e+02
2.755698210684569176e+02
2.821575783320761275e+02
2.824959216106667554e+02
2.846938760822542349e+02
2.821329337150888250e+02
2.839617339470657953e+02
2.840818433772035405e+02
2.818202192286554464e+02
2.840016536887048346e+02
2.818191684761065972e+02
2.796683692630289215e+02
2.805007625246831253e+02
2.819768494657187148e+02
2.823057620295647894e+02
2.827654000472493863e+02
2.823057620295647894e+02
2.834897309067948754e+02
2.833938519653052595e+02
2.816788443100896302e+02
2.833942676203356541e+02
2.850001570694479938e+02
2.848221772056526220e+02
2.821762194641094084e+02
2.857581668564819779e+02
2.864064745754398587e+02
2.818202192286554464e+02
2.796692178826509121e+02
2.800596880031529281e+02
2.806194709525770463e+02
2.798024444304450071e+02
2.799206261449315889e+02
2.793664078592423721e+02
2.801549204150015271e+02
2.800002046670061873e+02
2.813005202541376661e+02
2.813511952783018160e+02
2.833822243471414595e+02
2.848072424216921377e+02
2.825259207478849817e+02
2.802321187824294384e+02
2.821165215107483277e+02
2.824966486473859391e+02
2.828927353877314772e+02
2.850643956404051664e+02
2.841672466669265873e+02
2.829640546912292507e+02
2.849088212443677435e+02
2.848469626762382063e+02
2.861830191501873628e+02
2.826391189331918099e+02
2.826375769329135323e+02
2.834578519991021608e+02
2.828721285314505280e+02
2.816106552249178776e+02
2.812372477143918559e+02
2.808509755208833099e+02
2.815043307190617838e+02
2.796616258812792353e+02
2.800002046670061873e+02
2.794244317235490485e+02
2.799982097362129707e+02
2.812859661816766561e+02
2.804710829439046051e+02
2.798466996808080580e+02
2.788134337427619016e+02
2.767278258400776849e+02
2.796915654201773691e+02
2.791770976576112275e+02
2.815177738582215738e+02
2.811312131541248505e+02
2.829040710541959811e+02
2.842053526721322783e+02
2.834136136003044157e+02
2.835007747332071517e+02
2.842053526721322783e+02
2.849214011079719171e+02
2.858621050051954171e+02
2.858621050051954171e+02
2.827197525574951555e+02
2.823342805535595517e+02
2.815788318522193663e+02
2.825832917747855504e+02
2.825832917747855504e+02
2.841963441797687437e+02
2.821896588265950072e+02
2.845119196446468663e+02
2.827817985113807140e+02
2.826707529373546208e+02
2.835398843289628417e+02
2.823118771094448221e+02
2.834143847850986617e+02
2.833786296467106354e+02
2.833786296467106354e+02
2.836337682930156348e+02
2.850757612024460173e+02
2.841954886736691037e+02
2.852835405563154154e+02
2.851654404939450842e+02
2.840645947172890260e+02
2.851631305764339572e+02
2.850162356998366704e+02
2.854300824984603651e+02
2.853064938011119125e+02
2.851037742148054690e+02
2.841603721940419405e+02
2.841034339438057259e+02
2.839156713009924147e+02
2.840236093842070204e+02
2.863345986683945625e+02
2.847320855079289004e+02
2.870906830298354180e+02
2.848858454858437881e+02
2.848065155690785559e+02
2.824454459370999189e+02
2.827983205873674706e+02
2.824966486473859391e+02
2.834128867700418937e+02
2.835007747332071517e+02
2.853204441911237268e+02
2.855525071247705000e+02
2.877237461385317943e+02
2.868992608462674525e+02
2.885181949629715064e+02
2.880404431147759965e+02
2.863029204610242573e+02
2.867838885199025754e+02
2.864171701028110419e+02
2.853065704408352872e+02
2.841603721940419405e+02
2.828331367821848517e+02
2.833952796382541237e+02
2.850134197664298199e+02
2.835644142514440205e+02
2.852183247970304478e+02
2.862750966747090047e+02
2.884744494054554025e+02
2.880864128795882948e+02
2.874006252992695636e+02
2.840454941425088009e+02
2.848469942833710320e+02
2.855996768088344879e+02
2.863633663013916930e+02
2.853601192367333397e+02
2.855588424861515477e+02
2.849627467758023158e+02
2.839779947346356153e+02
2.850757612024460173e+02
2.872229429995390433e+02
2.862774289118040087e+02
2.892656446535468717e+02
2.851411455926449321e+02
2.863358865583748525e+02
2.860264642622329347e+02
2.871555529175240622e+02
2.848439859992475931e+02
2.835110138452680530e+02
2.833952796382541237e+02
2.855525071247705000e+02
2.855637020765350940e+02
2.852219091094585224e+02
2.848453906143070640e+02
2.853966931927944302e+02
2.834119703347883501e+02
2.812737203382837947e+02
2.848133116156760707e+02
2.854712266739020947e+02
2.854712266739020947e+02
2.855693940349255513e+02
2.857399073449038269e+02
2.848110571090272742e+02
2.848072424216921377e+02
2.863564001347923522e+02
2.862706789234933353e+02
2.828457332724370872e+02
2.841603721940419405e+02
2.886479106559654610e+02
2.880958535227054540e+02
2.874225427360684648e+02
2.851157300899125175e+02
2.864011096792348781e+02
2.853331786495647862e+02
2.856132756925007357e+02
2.863020127722730308e+02
2.858035335391656986e+02
2.865656582132158405e+02
2.871337330371342773e+02
2.876710510007006292e+02
2.878004489788934848e+02
2.868441292052254994e+02
2.881196359653187073e+02
2.880471114485578141e+02
2.882483913174974077e+02
2.871981151750188701e+02
2.861373549724341387e+02
2.862750966747090047e+02
2.878498415460374531e+02
2.879439918000827561e+02
2.871350645527344909e+02
2.885564509085056102e+02
2.893829895760631530e+02
2.874268570178073787e+02
2.885961807541221447e+02
2.860766071597339533e+02
2.867379401769243259e+02
2.878004489788934848e+02
2.855985740696768858e+02
2.856883908549527860e+02
2.864207185240423428e+02
2.857399073449038269e+02
2.879274257581492975e+02
2.902958769454806998e+02
2.865063839136089996e+02
2.863358865583748525e+02
2.878498415460374531e+02
2.877007963341739014e+02
2.873532592440443523e+02
2.870906830298354180e+02
2.854800048212621277e+02
2.873114840741242233e+02
2.875070378884008164e+02
2.851157300899125175e+02
2.876352145100325401e+02
2.880325359255685385e+02
2.876287034277368093e+02
2.890485688219561098e+02
2.889070656299086863e+02
2.881196359653187073e+02
2.877114858359132086e+02
2.882483913174974077e+02
2.852800607307751193e+02
2.868064548942697911e+02
2.856956158429121615e+02
2.855525071247705000e+02
2.860707638706155649e+02
2.856443454864892146e+02
2.864103158108576395e+02
2.863564001347923522e+02
2.874064462376992992e+02
2.873879792315232748e+02
2.876710510007006292e+02
2.858979535181586584e+02
2.851411455926449321e+02
2.860883200696449080e+02
2.846158212652411521e+02
2.836513315264122070e+02
2.847550798002989154e+02
2.860900401542418763e+02
2.855924306741962369e+02
2.873016427853359005e+02
2.873016427853359005e+02
2.867179951152625108e+02
2.864011096792348781e+02
2.855985740696768858e+02
2.874064462376992992e+02
2.872199980793203622e+02
2.866742942215376502e+02
2.870364173972670301e+02
2.853204441911237268e+02
2.856620931969581534e+02
2.862196927349606312e+02
2.863478450401626674e+02
2.864171701028110419e+02
2.873917180398010487e+02
2.866742942215376502e+02
2.869376956142009476e+02
2.867234356263850259e+02
2.881984704083275233e+02
2.871326096924294120e+02
2.852800607307751193e+02
2.861085359780390718e+02
2.852183247970304478e+02
2.835110138452680530e+02
2.863358865583748525e+02
2.874179041536622208e+02
2.884599819276236872e+02
2.886852347222289836e+02
2.885961807541221447e+02
2.893600633496658929e+02
2.892360475535003275e+02
2.867838885199025754e+02
2.851054650410439422e+02
2.872626053996240216e+02
2.857581668564819779e+02
2.866672499372551215e+02
2.873879792315232748e+02
2.902373840814762502e+02
2.886877329792955607e+02
2.873792109835234214e+02
2.862591704851059831e+02
2.872171390884111588e+02
2.871519615780462686e+02
2.892258195455813734e+02
2.901532297322384579e+02
2.884478078019585610e+02
2.886983442414003775e+02
2.895958148967064858e+02
2.898219607557888935e+02
2.906310967282483944e+02
2.897130666434854902e+02
2.885089574644120489e+02
2.876617714504947116e+02
2.879987499960765831e+02
2.881475343885240932e+02
2.880003835540355226e+02
2.890087260758983234e+02
2.893600633496658929e+02
2.892689267511200910e+02
2.863253831420266238e+02
2.882748369857595776e+02
2.881048963303609298e+02
2.882505829810163505e+02
2.857081512578808429e+02
2.860766071597339533e+02
2.868813671892169168e+02
2.862653678654631335e+02
2.862653678654631335e+02
2.863478450401626674e+02
2.872381566756164943e+02
2.868441292052254994e+02
2.874006252992695636e+02
2.862750966747090047e+02
2.881856337682938829e+02
2.882603115487106038e+02
2.871981151750188701e+02
2.862181571267483378e+02
2.878508871310788777e+02
2.865063839136089996e+02
2.857069100589795312e+02
2.862653678654631335e+02
2.880789762291562965e+02
2.885613088627493426e+02
2.894094507108895300e+02
2.861373549724341387e+02
2.855637020765350940e+02
2.823361991943780254e+02
2.821575783320761275e+02
2.822767856808085867e+02
2.829379622852554235e+02
2.854926958325958140e+02
2.863593507872835175e+02
2.864706442619946074e+02
2.864561544395556325e+02
2.858921278321419095e+02
2.867437466993052340e+02
2.861373549724341387e+02
2.849126491135226047e+02
2.844931460667764895e+02
2.857733448268643315e+02
2.862996637835124716e+02
2.860264642622329347e+02
2.840016536887048346e+02
2.863088921469707202e+02
2.835398843289628417e+02
2.800215762291042552e+02
2.867472627337963900e+02
2.857159540449476935e+02
2.853335773045883457e+02
2.849351451067943799e+02
2.818202192286554464e+02
2.791404833864746138e+02
2.833402827638188342e+02
2.818296650474680973e+02
2.833848507559019936e+02
2.833834815547965036e+02
2.834128646661338280e+02
2.834563469661547970e+02
2.824040687861178185e+02
2.822696864217524535e+02
2.818915690804439578e+02
2.816135062726127103e+02
2.833522685436281563e+02
2.840907306054143646e+02
2.821762194641094084e+02
2.833952796382541237e+02
2.839825683801778382e+02
2.840016536887048346e+02
2.833938519653052595e+02
2.817526160771294599e+02
2.842374448582988862e+02
2.885628344952781958e+02
2.850757612024460173e+02
2.841994666238922491e+02
2.857159540449476935e+02
2.835644142514440205e+02
2.822817334218917154e+02
2.844886039364860721e+02
2.834505986211914887e+02
2.817641520668072417e+02
2.821485555885978442e+02
2.799980628275374102e+02
2.796683692630289215e+02
2.796915654201773691e+02
2.819502018456782366e+02
2.794244317235490485e+02
2.823214869516336876e+02
2.817000546207908656e+02
2.827214274844338320e+02
2.834471431178700982e+02
2.828331367821848517e+02
2.799058029662288050e+02
2.823361991943780254e+02
2.828726930524157410e+02
2.828438550238999483e+02
2.823403378936785089e+02
2.822499062118491224e+02
2.827694276649821745e+02
2.793100256557228249e+02
2.788178165403476783e+02
2.784840776341496849e+02
2.792436290813608935e+02
2.792986965881640344e+02
2.755091121990949432e+02
2.818191684761065972e+02
2.819742761549208581e+02
2.822828793085054713e+02
2.773758583593521507e+02
2.782429323216478565e+02
2.792758838652029567e+02
2.752783788835506584e+02
2.735820774189634790e+02
2.744948513507540611e+02
2.758208788639376507e+02
2.781867350196287134e+02
2.781393278385352801e+02
2.823288140292578419e+02
2.799975489546894778e+02
2.812372477143918559e+02
2.812874131601104182e+02
2.815825609553713207e+02
2.824778145037689114e+02
2.793144292846320695e+02
2.779860827251733895e+02
2.772969853500142676e+02
2.756395943751141999e+02
2.757594447515944012e+02
2.777996935931246867e+02
2.777996935931246867e+02
2.782802167575310364e+02
2.783083765938354190e+02
2.779805095440966056e+02
2.783832465899908470e+02
2.785580435296466817e+02
2.820012688513166381e+02
2.800908916275950560e+02
2.792283143506044212e+02
2.796114843321158787e+02
2.816135062726127103e+02
2.810987585977480876e+02
2.798776484035825547e+02
2.769927894434500786e+02
2.818915690804439578e+02
2.850023747126122089e+02
2.842036483353060703e+02
2.800197740863363265e+02
2.809198576377920631e+02
2.819742761549208581e+02
2.828930241275069761e+02
2.863088921469707202e+02
2.833851308256354855e+02
2.833853572877282545e+02
2.834164010734867247e+02
2.845795208649323627e+02
2.800669584947062276e+02
2.781461552893575799e+02
