2.891798706054687500e+02
2.862859802246093750e+02
2.859022521972656250e+02
2.871204223632812500e+02
2.860140075683593750e+02
2.872480163574218750e+02
2.856724853515625000e+02
2.851905517578125000e+02
2.848305053710937500e+02
2.854563598632812500e+02
2.856926879882812500e+02
2.861839904785156250e+02
2.856926879882812500e+02
2.855794677734375000e+02
2.863215332031250000e+02
2.858254394531250000e+02
2.855546875000000000e+02
2.856672973632812500e+02
2.845640869140625000e+02
2.854367370605468750e+02
2.854317016601562500e+02
2.860562438964843750e+02
2.862859802246093750e+02
2.880010986328125000e+02
2.881116943359375000e+02
2.878739318847656250e+02
2.877410888671875000e+02
2.882388305664062500e+02
2.890823364257812500e+02
2.880065612792968750e+02
2.905424804687500000e+02
2.887411804199218750e+02
2.876517639160156250e+02
2.877576293945312500e+02
2.888569335937500000e+02
2.899223937988281250e+02
2.882388305664062500e+02
2.866480712890625000e+02
2.862912597656250000e+02
2.873810119628906250e+02
2.872535095214843750e+02
2.845437011718750000e+02
2.852773437500000000e+02
2.868592224121093750e+02
2.863925170898437500e+02
2.860302734375000000e+02
2.873864746093750000e+02
2.848006591796875000e+02
2.853136901855468750e+02
2.865362854003906250e+02
2.866691284179687500e+02
2.872698669433593750e+02
2.884647521972656250e+02
2.887131347656250000e+02
2.854466552734375000e+02
2.841029663085937500e+02
2.848352966308593750e+02
2.854515686035156250e+02
2.845883789062500000e+02
2.860510864257812500e+02
2.855495605468750000e+02
2.845788574218750000e+02
2.848305053710937500e+02
2.862422485351562500e+02
2.863015747070312500e+02
2.854466552734375000e+02
2.864292297363281250e+02
2.847118835449218750e+02
2.859384765625000000e+02
2.855697326660156250e+02
2.866691284179687500e+02
2.867966918945312500e+02
2.872856750488281250e+02
2.869291687011718750e+02
2.867915039062500000e+02
2.864137878417968750e+02
2.866480712890625000e+02
2.862912597656250000e+02
2.872698669433593750e+02
2.866480712890625000e+02
2.877297973632812500e+02
2.888226928710937500e+02
2.896751403808593750e+02
2.890823364257812500e+02
2.875084533691406250e+02
2.884761657714843750e+02
2.810881652832031250e+02
2.875084533691406250e+02
2.868926086425781250e+02
2.877466430664062500e+02
2.874918518066406250e+02
2.876303100585937500e+02
2.887301025390625000e+02
2.876248168945312500e+02
2.887188110351562500e+02
2.889497070312500000e+02
2.882276000976562500e+02
2.860711364746093750e+02
2.863165893554687500e+02
2.853332519531250000e+02
2.850914611816406250e+02
2.858205871582031250e+02
2.863165893554687500e+02
2.861789245605468750e+02
2.861939086914062500e+02
2.869138488769531250e+02
2.868017883300781250e+02
2.869086303710937500e+02
2.865466613769531250e+02
2.870308532714843750e+02
2.866639404296875000e+02
2.876303100585937500e+02
2.881172485351562500e+02
2.893301086425781250e+02
2.882443542480468750e+02
2.860459594726562500e+02
2.863015747070312500e+02
2.864292297363281250e+02
2.863215332031250000e+02
2.860662536621093750e+02
2.871477050781250000e+02
2.870202331542968750e+02
2.891917114257812500e+02
2.876357727050781250e+02
2.866742553710937500e+02
2.860662536621093750e+02
2.863116760253906250e+02
2.863066406250000000e+02
2.858004760742187500e+02
2.860140075683593750e+02
2.852720031738281250e+02
2.844305725097656250e+02
2.843458862304687500e+02
2.848493957519531250e+02
2.826254577636718750e+02
2.852286682128906250e+02
2.845883789062500000e+02
2.848447265625000000e+02
2.857120361328125000e+02
2.855889892578125000e+02
2.859531555175781250e+02
2.875192260742187500e+02
2.859384765625000000e+02
2.865517883300781250e+02
2.850961303710937500e+02
2.839968261718750000e+02
2.823761291503906250e+02
2.820056762695312500e+02
2.830032043457031250e+02
2.835047302246093750e+02
2.822634582519531250e+02
2.836203613281250000e+02
2.846202087402343750e+02
2.842445983886718750e+02
2.853186340332031250e+02
2.829772949218750000e+02
2.823460083007812500e+02
2.828484497070312500e+02
2.845640869140625000e+02
2.833169860839843750e+02
2.848006591796875000e+02
2.783352050781250000e+02
2.789712219238281250e+02
2.811177368164062500e+02
2.814933776855468750e+02
2.811095581054687500e+02
2.823677368164062500e+02
2.844787292480468750e+02
2.836160583496093750e+02
2.834962463378906250e+02
2.833589782714843750e+02
2.842267761230468750e+02
2.840984191894531250e+02
2.827458496093750000e+02
2.817476196289062500e+02
2.825049133300781250e+02
2.848447265625000000e+02
2.821140441894531250e+02
2.828439025878906250e+02
2.845740051269531250e+02
2.838125305175781250e+02
2.806238403320312500e+02
2.802579956054687500e+02
2.820136108398437500e+02
2.831015930175781250e+02
2.794983825683593750e+02
2.818924560546875000e+02
2.787537841796875000e+02
2.827415771484375000e+02
2.813762817382812500e+02
2.822472229003906250e+02
2.782232666015625000e+02
2.794836425781250000e+02
2.801247558593750000e+02
2.805020446777343750e+02
2.794983825683593750e+02
2.804943542480468750e+02
2.779661865234375000e+02
2.816016235351562500e+02
2.803648071289062500e+02
2.811011657714843750e+02
2.812177124023437500e+02
2.822984008789062500e+02
2.801094055175781250e+02
2.794911193847656250e+02
2.824614257812500000e+02
2.817177734375000000e+02
2.812220764160156250e+02
2.798498229980468750e+02
2.779800720214843750e+02
2.779661865234375000e+02
2.792387084960937500e+02
2.788667907714843750e+02
2.807415161132812500e+02
2.812470397949218750e+02
2.781102905273437500e+02
2.767114257812500000e+02
2.767145690917968750e+02
2.757011108398437500e+02
2.780965576171875000e+02
2.817556762695312500e+02
2.791050720214843750e+02
2.779697265625000000e+02
2.768291931152343750e+02
2.773348388671875000e+02
2.756925659179687500e+02
2.796245422363281250e+02
2.798616027832031250e+02
2.793575134277343750e+02
2.814850769042968750e+02
2.809801025390625000e+02
2.823592224121093750e+02
2.808709411621093750e+02
2.822301635742187500e+02
2.815972290039062500e+02
2.817308959960937500e+02
2.808629455566406250e+02
2.821182556152343750e+02
2.818643188476562500e+02
2.821097412109375000e+02
2.817393493652343750e+02
2.823592224121093750e+02
2.790975036621093750e+02
2.795980224609375000e+02
2.779625854492187500e+02
2.811053771972656250e+02
2.803527832031250000e+02
2.809629821777343750e+02
2.818600769042968750e+02
2.786102294921875000e+02
2.822077026367187500e+02
2.842703552246093750e+02
2.827852478027343750e+02
2.798458251953125000e+02
2.784836730957031250e+02
2.767082824707031250e+02
2.811177368164062500e+02
2.805997314453125000e+02
2.810837097167968750e+02
2.814634399414062500e+02
2.798654479980468750e+02
2.781069641113281250e+02
2.779962158203125000e+02
2.785068359375000000e+02
2.768510437011718750e+02
2.810080566406250000e+02
2.810080566406250000e+02
2.811447448730468750e+02
2.806424865722656250e+02
2.801427917480468750e+02
2.817673950195312500e+02
2.812664489746093750e+02
2.817596435546875000e+02
2.820016174316406250e+02
2.836246643066406250e+02
2.792423706054687500e+02
2.820016174316406250e+02
2.777193908691406250e+02
2.837267456054687500e+02
2.831060791015625000e+02
2.798654479980468750e+02
2.777193908691406250e+02
2.778629455566406250e+02
2.773606567382812500e+02
2.771029357910156250e+02
2.788667907714843750e+02
2.787367858886718750e+02
2.804864501953125000e+02
2.807210083007812500e+02
2.791050720214843750e+02
2.805057983398437500e+02
2.788737182617187500e+02
2.777294616699218750e+02
2.805057983398437500e+02
2.783604431152343750e+02
2.782232666015625000e+02
2.768291931152343750e+02
2.803486633300781250e+02
2.823548583984375000e+02
2.822388000488281250e+02
2.816383972167968750e+02
2.817711791992187500e+02
2.811295776367187500e+02
2.813641052246093750e+02
2.821054382324218750e+02
2.782196655273437500e+02
2.777327270507812500e+02
2.781262817382812500e+02
2.779766540527343750e+02
2.789967346191406250e+02
2.783638610839843750e+02
2.781135559082031250e+02
2.805057983398437500e+02
2.774687194824218750e+02
2.811136474609375000e+02
2.823504333496093750e+02
2.798417053222656250e+02
2.829494628906250000e+02
2.825858459472656250e+02
2.787367858886718750e+02
2.763346862792968750e+02
2.777261657714843750e+02
2.758144836425781250e+02
2.779661865234375000e+02
2.785920715332031250e+02
2.815972290039062500e+02
2.812220764160156250e+02
2.833266601562500000e+02
2.828392944335937500e+02
2.814850769042968750e+02
2.788523864746093750e+02
2.784871215820312500e+02
2.760849609375000000e+02
2.769871826171875000e+02
2.762314453125000000e+02
2.787811584472656250e+02
2.784059753417968750e+02
2.794053344726562500e+02
2.791493530273437500e+02
2.806388854980468750e+02
2.782403869628906250e+02
2.817556762695312500e+02
2.816345520019531250e+02
2.828703308105468750e+02
2.833804931640625000e+02
2.848400573730468750e+02
2.834875793457031250e+02
2.831191406250000000e+02
2.817635192871093750e+02
2.816345520019531250e+02
2.821306152343750000e+02
2.821306152343750000e+02
2.829905090332031250e+02
2.808629455566406250e+02
2.829861450195312500e+02
2.802467956542968750e+02
2.792275085449218750e+02
2.798537902832031250e+02
2.814765930175781250e+02
2.818557739257812500e+02
2.804864501953125000e+02
2.813641052246093750e+02
2.856620483398437500e+02
2.839412536621093750e+02
2.827195129394531250e+02
2.837033691406250000e+02
2.818557739257812500e+02
2.829589233398437500e+02
2.822345275878906250e+02
2.831104736328125000e+02
2.823504333496093750e+02
2.831977844238281250e+02
2.844356384277343750e+02
2.850418701171875000e+02
2.842538146972656250e+02
2.849926757812500000e+02
2.794515380859375000e+02
2.797158508300781250e+02
2.786031494140625000e+02
2.805057983398437500e+02
2.791265563964843750e+02
2.802615966796875000e+02
2.798837890625000000e+02
2.811257324218750000e+02
2.819975585937500000e+02
2.824750061035156250e+02
2.845836791992187500e+02
2.832073364257812500e+02
2.828204040527343750e+02
2.814497985839843750e+02
2.794720153808593750e+02
2.812306213378906250e+02
2.799951171875000000e+02
2.806199340820312500e+02
2.831399230957031250e+02
2.820056762695312500e+02
2.836160583496093750e+02
2.842267761230468750e+02
2.822554321289062500e+02
2.828869018554687500e+02
2.832347412109375000e+02
2.814974365234375000e+02
2.820056762695312500e+02
2.826376953125000000e+02
2.816422424316406250e+02
2.814974365234375000e+02
2.825995483398437500e+02
2.822301635742187500e+02
2.823677368164062500e+02
2.826296081542968750e+02
2.813722839355468750e+02
2.841784667968750000e+02
2.832166748046875000e+02
2.795732116699218750e+02
2.794874267578125000e+02
2.798872985839843750e+02
2.791462402343750000e+02
2.791462402343750000e+02
2.785218505859375000e+02
2.792726745605468750e+02
2.805306701660156250e+02
2.817673950195312500e+02
2.813917541503906250e+02
2.831191406250000000e+02
2.819934082031250000e+02
2.819537048339843750e+02
2.829589233398437500e+02
2.819718933105468750e+02
2.819975585937500000e+02
2.817517089843750000e+02
2.816266174316406250e+02
2.838728332519531250e+02
2.829905090332031250e+02
2.833545227050781250e+02
2.825904541015625000e+02
2.833454589843750000e+02
2.822513122558593750e+02
2.829727783203125000e+02
2.837033691406250000e+02
2.845590820312500000e+02
2.819674072265625000e+02
2.825858459472656250e+02
2.828439025878906250e+02
2.832120056152343750e+02
2.831015930175781250e+02
2.827285156250000000e+02
2.842402038574218750e+02
2.843504638671875000e+02
2.838641357421875000e+02
2.834741210937500000e+02
2.844648132324218750e+02
2.832120056152343750e+02
2.842175292968750000e+02
2.829947814941406250e+02
2.843683776855468750e+02
2.830032043457031250e+02
2.857260437011718750e+02
2.836116638183593750e+02
2.843550415039062500e+02
2.840937805175781250e+02
2.843364868164062500e+02
2.835794677734375000e+02
2.856776123046875000e+02
2.866639404296875000e+02
2.856776123046875000e+02
2.847165832519531250e+02
2.842574157714843750e+02
2.847567138671875000e+02
2.862084350585937500e+02
2.855794677734375000e+02
2.842032775878906250e+02
2.834602050781250000e+02
2.843171081542968750e+02
2.844553222656250000e+02
2.823460083007812500e+02
2.823322448730468750e+02
2.820830078125000000e+02
2.809585571289062500e+02
2.833361511230468750e+02
2.848057861328125000e+02
2.841935119628906250e+02
2.846824645996093750e+02
2.845836791992187500e+02
2.813954772949218750e+02
2.819000244140625000e+02
2.817596435546875000e+02
2.831234436035156250e+02
2.842127990722656250e+02
2.860662536621093750e+02
2.858106384277343750e+02
2.850961303710937500e+02
2.842312927246093750e+02
2.854658508300781250e+02
2.838596801757812500e+02
2.854751892089843750e+02
2.837312622070312500e+02
2.851053466796875000e+02
2.836116638183593750e+02
2.843595275878906250e+02
2.837312622070312500e+02
2.847165832519531250e+02
2.840795898437500000e+02
2.853086547851562500e+02
2.847955017089843750e+02
2.851702270507812500e+02
2.857848510742187500e+02
2.864085693359375000e+02
2.856724853515625000e+02
2.851855468750000000e+02
2.862859802246093750e+02
2.849187316894531250e+02
2.852880249023437500e+02
2.852773437500000000e+02
2.860194702148437500e+02
2.860194702148437500e+02
2.863925170898437500e+02
2.831879882812500000e+02
2.841885681152343750e+02
2.846973876953125000e+02
2.840844116210937500e+02
2.848256835937500000e+02
2.848305053710937500e+02
2.848256835937500000e+02
2.874180908203125000e+02
2.848305053710937500e+02
2.875401611328125000e+02
2.877630004882812500e+02
2.871423645019531250e+02
2.857577514648437500e+02
2.880888671875000000e+02
2.873471984863281250e+02
2.856776123046875000e+02
2.837312622070312500e+02
2.831104736328125000e+02
2.838596801757812500e+02
2.836027221679687500e+02
2.848352966308593750e+02
2.842267761230468750e+02
2.836203613281250000e+02
2.858397827148437500e+02
2.850867614746093750e+02
2.869291687011718750e+02
2.850771484375000000e+02
2.872856750488281250e+02
2.859075927734375000e+02
2.854162597656250000e+02
2.847634277343750000e+02
2.856238403320312500e+02
2.856181945800781250e+02
2.864812011718750000e+02
2.852554931640625000e+02
2.858106384277343750e+02
2.856672973632812500e+02
2.854265747070312500e+02
2.858004760742187500e+02
2.850470886230468750e+02
2.862754211425781250e+02
2.878627929687500000e+02
2.880119323730468750e+02
2.851855468750000000e+02
2.850673522949218750e+02
2.854110107421875000e+02
2.867703857421875000e+02
2.848207702636718750e+02
2.850820007324218750e+02
2.848256835937500000e+02
2.863116760253906250e+02
2.875401611328125000e+02
2.871737976074218750e+02
2.886142578125000000e+02
2.889781799316406250e+02
2.871583251953125000e+02
2.866639404296875000e+02
2.845690917968750000e+02
2.844305725097656250e+02
2.866372375488281250e+02
2.882498474121093750e+02
2.880010986328125000e+02
2.881282653808593750e+02
2.892204589843750000e+02
2.890823364257812500e+02
2.884873352050781250e+02
2.882276000976562500e+02
2.923216247558593750e+02
2.872424011230468750e+02
2.881003723144531250e+02
2.885802612304687500e+02
2.890707092285156250e+02
2.873643188476562500e+02
2.872310485839843750e+02
2.887015075683593750e+02
2.871147460937500000e+02
2.883317871093750000e+02
2.870412597656250000e+02
2.869190063476562500e+02
2.856826782226562500e+02
2.871423645019531250e+02
2.865094299316406250e+02
2.873699340820312500e+02
2.890469055175781250e+02
2.865414733886718750e+02
2.855597229003906250e+02
2.877630004882812500e+02
2.848207702636718750e+02
2.860612792968750000e+02
2.849586791992187500e+02
2.852052917480468750e+02
2.859483642578125000e+02
2.850673522949218750e+02
2.862964477539062500e+02
2.884928894042968750e+02
2.878793945312500000e+02
2.854214172363281250e+02
2.853035583496093750e+02
2.856926879882812500e+02
2.872959594726562500e+02
2.872908630371093750e+02
2.876411437988281250e+02
2.862699890136718750e+02
2.867649536132812500e+02
2.874918518066406250e+02
2.888457336425781250e+02
2.864392395019531250e+02
2.857073059082031250e+02
2.867038879394531250e+02
2.860856323242187500e+02
2.853565368652343750e+02
2.866990966796875000e+02
2.863066406250000000e+02
2.866691284179687500e+02
2.872698669433593750e+02
2.862964477539062500e+02
2.876248168945312500e+02
2.866587219238281250e+02
2.857120361328125000e+02
2.880010986328125000e+02
2.855647583007812500e+02
2.861839904785156250e+02
2.863165893554687500e+02
2.831104736328125000e+02
2.844695129394531250e+02
2.854265747070312500e+02
2.859128417968750000e+02
2.867757568359375000e+02
2.852827148437500000e+02
2.856877136230468750e+02
2.833500061035156250e+02
2.854563598632812500e+02
2.860662536621093750e+02
2.838641357421875000e+02
2.855889892578125000e+02
2.867966918945312500e+02
2.866691284179687500e+02
2.858106384277343750e+02
2.827240295410156250e+02
2.827372741699218750e+02
2.838174743652343750e+02
2.851650085449218750e+02
2.829727783203125000e+02
2.806120300292968750e+02
2.813641052246093750e+02
2.818600769042968750e+02
2.836027221679687500e+02
2.829817504882812500e+02
2.854563598632812500e+02
2.847349548339843750e+02
2.848352966308593750e+02
2.827195129394531250e+02
2.832347412109375000e+02
2.851954956054687500e+02
2.798291015625000000e+02
2.791050720214843750e+02
2.792387084960937500e+02
2.802615966796875000e+02
2.815014648437500000e+02
2.810003356933593750e+02
2.835394897460937500e+02
2.810792541503906250e+02
2.791195983886718750e+02
2.818962707519531250e+02
2.829541931152343750e+02
2.792237243652343750e+02
2.779625854492187500e+02
2.792387084960937500e+02
2.761979064941406250e+02
2.765807800292968750e+02
2.827415771484375000e+02
2.817556762695312500e+02
2.817351379394531250e+02
2.811053771972656250e+02
2.814722595214843750e+02
2.860407714843750000e+02
2.808825683593750000e+02
2.811217651367187500e+02
2.782267761230468750e+02
2.767050781250000000e+02
2.757918395996093750e+02
2.785601806640625000e+02
2.798537902832031250e+02
2.804864501953125000e+02
2.817041931152343750e+02
2.869697265625000000e+02
2.767175598144531250e+02
2.767205505371093750e+02
2.799796752929687500e+02
2.820921630859375000e+02
2.823368530273437500e+02
2.828204040527343750e+02
2.804658203125000000e+02
2.763287048339843750e+02
2.758318786621093750e+02
2.722255554199218750e+02
2.780665283203125000e+02
2.778393249511718750e+02
2.759678955078125000e+02
2.817221984863281250e+02
2.773513488769531250e+02
2.769497985839843750e+02
2.767114257812500000e+02
2.777193908691406250e+02
2.801133422851562500e+02
2.803648071289062500e+02
2.817351379394531250e+02
2.837175598144531250e+02
2.823034057617187500e+02
2.805825805664062500e+02
2.785765380859375000e+02
2.768190917968750000e+02
2.783534851074218750e+02
2.823504333496093750e+02
2.794911193847656250e+02
2.793791809082031250e+02
2.811257324218750000e+02
2.798729248046875000e+02
2.808588867187500000e+02
2.797356567382812500e+02
2.802311401367187500e+02
2.827583007812500000e+02
2.823635253906250000e+02
2.841074829101562500e+02
2.854417419433593750e+02
2.821306152343750000e+02
2.779931335449218750e+02
2.792758178710937500e+02
2.795123291015625000e+02
2.826376953125000000e+02
2.831060791015625000e+02
2.833545227050781250e+02
2.838320312500000000e+02
2.813515014648437500e+02
2.817517089843750000e+02
2.817556762695312500e+02
2.817308959960937500e+02
2.843727416992187500e+02
2.854705505371093750e+02
2.840795898437500000e+02
2.854417419433593750e+02
2.844648132324218750e+02
2.852147827148437500e+02
2.834830932617187500e+02
2.811372985839843750e+02
2.863015747070312500e+02
2.861528625488281250e+02
2.833454589843750000e+02
2.843220214843750000e+02
2.842080688476562500e+02
2.866742553710937500e+02
2.844600830078125000e+02
2.852773437500000000e+02
2.847955017089843750e+02
2.817435302734375000e+02
2.842445983886718750e+02
2.864292297363281250e+02
2.866427001953125000e+02
2.852004089355468750e+02
2.865617980957031250e+02
2.899626159667968750e+02
2.840698547363281250e+02
2.848352966308593750e+02
2.877630004882812500e+02
2.850623474121093750e+02
2.848493957519531250e+02
2.817087402343750000e+02
2.848207702636718750e+02
2.825995483398437500e+02
2.864241333007812500e+02
2.888624877929687500e+02
2.890880737304687500e+02
2.872856750488281250e+02
2.887131347656250000e+02
2.883079528808593750e+02
2.840844116210937500e+02
2.865310058593750000e+02
2.870202331542968750e+02
2.896926879882812500e+02
2.914723205566406250e+02
2.872698669433593750e+02
2.866317749023437500e+02
2.881282653808593750e+02
2.909091186523437500e+02
2.874862060546875000e+02
2.848539733886718750e+02
2.876569824218750000e+02
2.865517883300781250e+02
2.883713989257812500e+02
2.872804565429687500e+02
2.866691284179687500e+02
2.869190063476562500e+02
2.884873352050781250e+02
2.871259460449218750e+02
2.879844665527343750e+02
2.864292297363281250e+02
2.862859802246093750e+02
2.866427001953125000e+02
2.888457336425781250e+02
2.890937500000000000e+02
2.896810302734375000e+02
2.891917114257812500e+02
2.865362854003906250e+02
2.868980102539062500e+02
2.861789245605468750e+02
2.872959594726562500e+02
2.872908630371093750e+02
2.871634826660156250e+02
2.880225524902343750e+02
2.882498474121093750e+02
2.878955078125000000e+02
2.882552795410156250e+02
2.881227416992187500e+02
2.887131347656250000e+02
2.883433227539062500e+02
2.866691284179687500e+02
2.872804565429687500e+02
2.886252136230468750e+02
2.870308532714843750e+02
2.881227416992187500e+02
2.867703857421875000e+02
2.871369628906250000e+02
2.883768310546875000e+02
2.871634826660156250e+02
2.879111633300781250e+02
2.863116760253906250e+02
2.872751464843750000e+02
2.884983520507812500e+02
2.884873352050781250e+02
2.884928894042968750e+02
2.860562438964843750e+02
2.869291687011718750e+02
2.872908630371093750e+02
2.871477050781250000e+02
2.879844665527343750e+02
2.874862060546875000e+02
2.866480712890625000e+02
2.867757568359375000e+02
2.872959594726562500e+02
2.865617980957031250e+02
2.870412597656250000e+02
2.872644653320312500e+02
2.881060791015625000e+02
2.901453247070312500e+02
2.872424011230468750e+02
2.869033508300781250e+02
2.860510864257812500e+02
2.863066406250000000e+02
2.872480163574218750e+02
2.855495605468750000e+02
2.856776123046875000e+02
2.842080688476562500e+02
2.838320312500000000e+02
2.832213134765625000e+02
2.833407897949218750e+02
2.842267761230468750e+02
2.854563598632812500e+02
2.840599060058593750e+02
2.864342651367187500e+02
2.847070922851562500e+02
2.848256835937500000e+02
2.848352966308593750e+02
2.859483642578125000e+02
2.860808715820312500e+02
2.850914611816406250e+02
2.843550415039062500e+02
2.853284301757812500e+02
2.876357727050781250e+02
2.848400573730468750e+02
2.851007690429687500e+02
2.862178344726562500e+02
2.850961303710937500e+02
2.852147827148437500e+02
2.853235473632812500e+02
2.866534423828125000e+02
2.841935119628906250e+02
2.848207702636718750e+02
2.827329101562500000e+02
2.826083984375000000e+02
2.828573608398437500e+02
2.842221679687500000e+02
2.838596801757812500e+02
2.849634399414062500e+02
2.858156127929687500e+02
2.858350524902343750e+02
2.846157836914062500e+02
2.844965209960937500e+02
2.836289062500000000e+02
2.844648132324218750e+02
2.854317016601562500e+02
2.857795104980468750e+02
2.813339233398437500e+02
2.804571838378906250e+02
2.810881652832031250e+02
2.841733703613281250e+02
2.853948974609375000e+02
2.838075256347656250e+02
2.822388000488281250e+02
2.838771057128906250e+02
2.836289062500000000e+02
2.844695129394531250e+02
2.838414611816406250e+02
2.843317260742187500e+02
2.854417419433593750e+02
2.841029663085937500e+02
2.833846130371093750e+02
2.835047302246093750e+02
2.838685302734375000e+02
2.845883789062500000e+02
2.866793212890625000e+02
2.857901000976562500e+02
2.832258300781250000e+02
2.829905090332031250e+02
2.811295776367187500e+02
2.814974365234375000e+02
2.796096801757812500e+02
2.801054382324218750e+02
2.816184692382812500e+02
2.808748474121093750e+02
2.811295776367187500e+02
2.798692016601562500e+02
2.829947814941406250e+02
2.803648071289062500e+02
2.829636230468750000e+02
2.822167968750000000e+02
2.813471984863281250e+02
2.818470764160156250e+02
2.801054382324218750e+02
2.798654479980468750e+02
2.798765869140625000e+02
2.798802795410156250e+02
2.772303161621093750e+02
2.798802795410156250e+02
2.791195983886718750e+02
2.818643188476562500e+02
2.809842834472656250e+02
2.807123107910156250e+02
2.813515014648437500e+02
2.801133422851562500e+02
2.806199340820312500e+02
2.811217651367187500e+02
2.808825683593750000e+02
2.804824218750000000e+02
2.815793151855468750e+02
2.818725891113281250e+02
2.817711791992187500e+02
2.808825683593750000e+02
2.803608398437500000e+02
2.829772949218750000e+02
2.804742126464843750e+02
2.829682312011718750e+02
2.835842285156250000e+02
2.829727783203125000e+02
2.822345275878906250e+02
2.864241333007812500e+02
2.838367614746093750e+02
2.854466552734375000e+02
2.846023254394531250e+02
2.841074829101562500e+02
2.840984191894531250e+02
2.833677368164062500e+02
2.854563598632812500e+02
2.827240295410156250e+02
2.857953186035156250e+02
2.829682312011718750e+02
2.824924316406250000e+02
2.823719482421875000e+02
2.826170349121093750e+02
2.811295776367187500e+02
2.824924316406250000e+02
2.822513122558593750e+02
2.833762512207031250e+02
2.826417236328125000e+02
2.831399230957031250e+02
2.813762817382812500e+02
2.824924316406250000e+02
2.811177368164062500e+02
2.838461303710937500e+02
2.813515014648437500e+02
2.829541931152343750e+02
2.817041931152343750e+02
2.866317749023437500e+02
2.792118530273437500e+02
2.785994873046875000e+02
2.774847717285156250e+02
2.797646789550781250e+02
2.784972229003906250e+02
2.801094055175781250e+02
2.755730590820312500e+02
2.744179382324218750e+02
2.754306335449218750e+02
2.755645446777343750e+02
2.763255615234375000e+02
2.802543334960937500e+02
2.811177368164062500e+02
2.811053771972656250e+02
2.793575134277343750e+02
2.788596801757812500e+02
2.778597106933593750e+02
2.772303161621093750e+02
2.782500610351562500e+02
2.802651672363281250e+02
2.774785156250000000e+02
2.798654479980468750e+02
2.773348388671875000e+02
2.789712219238281250e+02
2.774477233886718750e+02
2.816101379394531250e+02
2.809883728027343750e+02
2.807375183105468750e+02
2.828346557617187500e+02
2.795089111328125000e+02
2.806276855468750000e+02
2.811295776367187500e+02
2.809883728027343750e+02
2.835598754882812500e+02
2.816995239257812500e+02
2.774619445800781250e+02
2.763192138671875000e+02
2.814974365234375000e+02
2.783463439941406250e+02
2.800973510742187500e+02
2.827009277343750000e+02
2.838075256347656250e+02
2.822077026367187500e+02
2.822831115722656250e+02
2.810747375488281250e+02
2.795980224609375000e+02
2.798654479980468750e+02
2.787471618652343750e+02
2.773606567382812500e+02
2.773576049804687500e+02
2.792563476562500000e+02
2.802543334960937500e+02
2.769785766601562500e+02
2.818600769042968750e+02
2.823719482421875000e+02
2.849819335937500000e+02
2.820136108398437500e+02
2.836203613281250000e+02
2.843683776855468750e+02
2.817476196289062500e+02
2.836072082519531250e+02
2.817596435546875000e+02
2.803909912109375000e+02
2.810118408203125000e+02
2.817635192871093750e+02
2.823921813964843750e+02
2.828988342285156250e+02
2.823921813964843750e+02
2.835130004882812500e+02
2.829990234375000000e+02
2.817556762695312500e+02
2.833589782714843750e+02
2.847304382324218750e+02
2.842312927246093750e+02
2.822472229003906250e+02
2.850867614746093750e+02
2.856926879882812500e+02
2.817476196289062500e+02
2.792563476562500000e+02
2.805306701660156250e+02
2.809009094238281250e+02
2.810299987792968750e+02
2.805203247070312500e+02
2.791299438476562500e+02
2.808825683593750000e+02
2.798654479980468750e+02
2.809842834472656250e+02
2.804742126464843750e+02
2.833266601562500000e+02
2.843020019531250000e+02
2.821097412109375000e+02
2.805095214843750000e+02
2.820016174316406250e+02
2.819849243164062500e+02
2.825995483398437500e+02
2.844600830078125000e+02
2.838414611816406250e+02
2.828484497070312500e+02
2.843364868164062500e+02
2.842127990722656250e+02
2.854367370605468750e+02
2.826376953125000000e+02
2.824924316406250000e+02
2.830831604003906250e+02
2.827240295410156250e+02
2.811095581054687500e+02
2.808709411621093750e+02
2.803686828613281250e+02
2.813682250976562500e+02
2.789787597656250000e+02
2.798654479980468750e+02
2.789824523925781250e+02
2.798498229980468750e+02
2.810837097167968750e+02
2.808332824707031250e+02
2.798375549316406250e+02
2.796385192871093750e+02
2.786335754394531250e+02
2.800133361816406250e+02
2.802686767578125000e+02
2.813722839355468750e+02
2.811295776367187500e+02
2.827372741699218750e+02
2.839745788574218750e+02
2.833633728027343750e+02
2.834830932617187500e+02
2.839745788574218750e+02
2.843268737792968750e+02
2.854265747070312500e+02
2.854265747070312500e+02
2.823414611816406250e+02
2.816016235351562500e+02
2.811136474609375000e+02
2.823677368164062500e+02
2.823677368164062500e+02
2.838552246093750000e+02
2.825420532226562500e+02
2.841629638671875000e+02
2.829298400878906250e+02
2.829494628906250000e+02
2.835746154785156250e+02
2.820966796875000000e+02
2.832258300781250000e+02
2.832347412109375000e+02
2.832347412109375000e+02
2.834602050781250000e+02
2.844648132324218750e+02
2.839699707031250000e+02
2.848493957519531250e+02
2.847258605957031250e+02
2.847394409179687500e+02
2.849773864746093750e+02
2.844787292480468750e+02
2.853426818847656250e+02
2.847118835449218750e+02
2.845976867675781250e+02
2.838461303710937500e+02
2.838367614746093750e+02
2.835888977050781250e+02
2.838223571777343750e+02
2.859283142089843750e+02
2.841885681152343750e+02
2.865148925781250000e+02
2.846824645996093750e+02
2.843070983886718750e+02
2.822123107910156250e+02
2.825812377929687500e+02
2.819849243164062500e+02
2.832477416992187500e+02
2.834830932617187500e+02
2.852194824218750000e+02
2.848305053710937500e+02
2.870412597656250000e+02
2.864190063476562500e+02
2.876303100585937500e+02
2.875029296875000000e+02
2.856826782226562500e+02
2.862912597656250000e+02
2.856976013183593750e+02
2.847165832519531250e+02
2.838461303710937500e+02
2.824881286621093750e+02
2.832303161621093750e+02
2.844553222656250000e+02
2.836985473632812500e+02
2.848157958984375000e+02
2.860302734375000000e+02
2.878793945312500000e+02
2.881060791015625000e+02
2.868980102539062500e+02
2.837401428222656250e+02
2.844356384277343750e+02
2.848352966308593750e+02
2.858055725097656250e+02
2.860085144042968750e+02
2.854110107421875000e+02
2.846925048828125000e+02
2.836160583496093750e+02
2.844648132324218750e+02
2.865517883300781250e+02
2.854417419433593750e+02
2.883928527832031250e+02
2.848108215332031250e+02
2.860459594726562500e+02
2.855391845703125000e+02
2.866372375488281250e+02
2.843317260742187500e+02
2.834875793457031250e+02
2.832303161621093750e+02
2.848305053710937500e+02
2.850673522949218750e+02
2.847023010253906250e+02
2.842032775878906250e+02
2.850623474121093750e+02
2.834208068847656250e+02
2.815556945800781250e+02
2.843121337890625000e+02
2.848256835937500000e+02
2.848256835937500000e+02
2.849490661621093750e+02
2.850820007324218750e+02
2.844255065917968750e+02
2.843020019531250000e+02
2.860407714843750000e+02
2.857953186035156250e+02
2.824750061035156250e+02
2.838461303710937500e+02
2.876464843750000000e+02
2.872751464843750000e+02
2.871315002441406250e+02
2.863814697265625000e+02
2.860510864257812500e+02
2.854057006835937500e+02
2.852880249023437500e+02
2.860248718261718750e+02
2.857305908203125000e+02
2.863406677246093750e+02
2.866942138671875000e+02
2.869190063476562500e+02
2.869033508300781250e+02
2.862964477539062500e+02
2.875084533691406250e+02
2.874862060546875000e+02
2.878399047851562500e+02
2.866427001953125000e+02
2.856724853515625000e+02
2.860302734375000000e+02
2.870308532714843750e+02
2.875452575683593750e+02
2.871788024902343750e+02
2.881442871093750000e+02
2.884761657714843750e+02
2.866317749023437500e+02
2.883490600585937500e+02
2.856620483398437500e+02
2.861789245605468750e+02
2.869033508300781250e+02
2.851954956054687500e+02
2.852004089355468750e+02
2.855746154785156250e+02
2.850820007324218750e+02
2.872856750488281250e+02
2.890937500000000000e+02
2.860562438964843750e+02
2.860459594726562500e+02
2.870308532714843750e+02
2.872590026855468750e+02
2.870202331542968750e+02
2.865148925781250000e+02
2.855285644531250000e+02
2.865094299316406250e+02
2.872480163574218750e+02
2.863814697265625000e+02
2.872310485839843750e+02
2.874747924804687500e+02
2.871147460937500000e+02
2.884704589843750000e+02
2.887073364257812500e+02
2.875084533691406250e+02
2.873699340820312500e+02
2.878399047851562500e+02
2.856350402832031250e+02
2.862699890136718750e+02
2.850771484375000000e+02
2.848305053710937500e+02
2.853379821777343750e+02
2.849538574218750000e+02
2.855697326660156250e+02
2.860407714843750000e+02
2.866587219238281250e+02
2.867915039062500000e+02
2.869190063476562500e+02
2.853136901855468750e+02
2.848108215332031250e+02
2.856672973632812500e+02
2.841733703613281250e+02
2.839362487792968750e+02
2.844203186035156250e+02
2.857795104980468750e+02
2.850470886230468750e+02
2.866639404296875000e+02
2.866639404296875000e+02
2.863066406250000000e+02
2.860510864257812500e+02
2.851954956054687500e+02
2.866587219238281250e+02
2.866534423828125000e+02
2.861738281250000000e+02
2.869341735839843750e+02
2.852194824218750000e+02
2.857167663574218750e+02
2.854611511230468750e+02
2.860711364746093750e+02
2.856976013183593750e+02
2.866793212890625000e+02
2.861738281250000000e+02
2.864241333007812500e+02
2.862807312011718750e+02
2.878627929687500000e+02
2.866205749511718750e+02
2.856350402832031250e+02
2.860194702148437500e+02
2.848157958984375000e+02
2.834875793457031250e+02
2.860459594726562500e+02
2.867810668945312500e+02
2.881227416992187500e+02
2.882498474121093750e+02
2.883490600585937500e+02
2.888400878906250000e+02
2.895543212890625000e+02
2.862912597656250000e+02
2.845931091308593750e+02
2.866893005371093750e+02
2.850867614746093750e+02
2.863116760253906250e+02
2.867915039062500000e+02
2.892148437500000000e+02
2.878901977539062500e+02
2.866691284179687500e+02
2.858004760742187500e+02
2.866480712890625000e+02
2.865256958007812500e+02
2.890765380859375000e+02
2.898249816894531250e+02
2.882443542480468750e+02
2.881282653808593750e+02
2.899514160156250000e+02
2.900547485351562500e+02
2.904279174804687500e+02
2.885037536621093750e+02
2.882659606933593750e+02
2.869241333007812500e+02
2.874974365234375000e+02
2.881003723144531250e+02
2.874918518066406250e+02
2.887188110351562500e+02
2.888400878906250000e+02
2.896810302734375000e+02
2.860355529785156250e+02
2.875138549804687500e+02
2.873918762207031250e+02
2.879788208007812500e+02
2.861310424804687500e+02
2.856620483398437500e+02
2.863015747070312500e+02
2.854563598632812500e+02
2.854563598632812500e+02
2.860711364746093750e+02
2.865414733886718750e+02
2.862964477539062500e+02
2.868980102539062500e+02
2.860302734375000000e+02
2.882161560058593750e+02
2.876192932128906250e+02
2.866427001953125000e+02
2.857901000976562500e+02
2.870255737304687500e+02
2.860562438964843750e+02
2.849634399414062500e+02
2.854563598632812500e+02
2.871530151367187500e+02
2.879956359863281250e+02
2.891798706054687500e+02
2.856724853515625000e+02
2.850673522949218750e+02
2.817308959960937500e+02
2.818600769042968750e+02
2.821182556152343750e+02
2.828745727539062500e+02
2.853473815917968750e+02
2.858254394531250000e+02
2.864392395019531250e+02
2.858106384277343750e+02
2.854317016601562500e+02
2.862859802246093750e+02
2.856724853515625000e+02
2.843458862304687500e+02
2.841119384765625000e+02
2.852147827148437500e+02
2.854466552734375000e+02
2.855391845703125000e+02
2.836072082519531250e+02
2.854515686035156250e+02
2.835746154785156250e+02
2.801210021972656250e+02
2.864032592773437500e+02
2.852932434082031250e+02
2.848057861328125000e+02
2.843220214843750000e+02
2.817476196289062500e+02
2.785882568359375000e+02
2.829541931152343750e+02
2.818470764160156250e+02
2.829905090332031250e+02
2.829861450195312500e+02
2.830924682617187500e+02
2.832073364257812500e+02
2.822167968750000000e+02
2.813515014648437500e+02
2.811053771972656250e+02
2.813641052246093750e+02
2.829947814941406250e+02
2.838685302734375000e+02
2.822472229003906250e+02
2.832303161621093750e+02
2.835981750488281250e+02
2.836072082519531250e+02
2.829990234375000000e+02
2.816225891113281250e+02
2.839791259765625000e+02
2.882712402343750000e+02
2.844648132324218750e+02
2.835842285156250000e+02
2.852932434082031250e+02
2.836985473632812500e+02
2.820921630859375000e+02
2.841681823730468750e+02
2.835648498535156250e+02
2.817177734375000000e+02
2.814808959960937500e+02
2.798802795410156250e+02
2.803909912109375000e+02
2.800133361816406250e+02
2.820056762695312500e+02
2.789824523925781250e+02
2.817265625000000000e+02
2.817221984863281250e+02
2.827149658203125000e+02
2.829772949218750000e+02
2.824881286621093750e+02
2.796134643554687500e+02
2.817308959960937500e+02
2.833120422363281250e+02
2.824705505371093750e+02
2.823275756835937500e+02
2.819934082031250000e+02
2.824567871093750000e+02
2.789861145019531250e+02
2.787259826660156250e+02
2.783534851074218750e+02
2.788596801757812500e+02
2.798907165527343750e+02
2.763434143066406250e+02
2.817596435546875000e+02
2.816101379394531250e+02
2.811011657714843750e+02
2.786238708496093750e+02
2.774687194824218750e+02
2.801285095214843750e+02
2.767375183105468750e+02
2.742967529296875000e+02
2.749396667480468750e+02
2.765959472656250000e+02
2.773348388671875000e+02
2.778357543945312500e+02
2.820875854492187500e+02
2.806460266113281250e+02
2.808709411621093750e+02
2.813762817382812500e+02
2.814974365234375000e+02
2.822213439941406250e+02
2.795774841308593750e+02
2.770838623046875000e+02
2.778629455566406250e+02
2.763346862792968750e+02
2.770968017578125000e+02
2.765776062011718750e+02
2.765776062011718750e+02
2.775924377441406250e+02
2.777193908691406250e+02
2.772042541503906250e+02
2.783463439941406250e+02
2.774513244628906250e+02
2.824227905273437500e+02
2.794797973632812500e+02
2.788633117675781250e+02
2.789750366210937500e+02
2.813641052246093750e+02
2.812220764160156250e+02
2.802579956054687500e+02
2.773544616699218750e+02
2.811053771972656250e+02
2.844455871582031250e+02
2.839653015136718750e+02
2.801133422851562500e+02
2.805020446777343750e+02
2.816101684570312500e+02
2.824794616699218750e+02
2.854515686035156250e+02
2.831148376464843750e+02
2.832434692382812500e+02
2.830878601074218750e+02
2.840393981933593750e+02
2.802271118164062500e+02
2.780929565429687500e+02
