2.897600097656250000e+02
2.867852172851562500e+02
2.865454711914062500e+02
2.877506408691406250e+02
2.867367553710937500e+02
2.878303833007812500e+02
2.861992797851562500e+02
2.856544799804687500e+02
2.852259521484375000e+02
2.857390441894531250e+02
2.860494079589843750e+02
2.865187988281250000e+02
2.860494079589843750e+02
2.858566589355468750e+02
2.865237121582031250e+02
2.860917053222656250e+02
2.860444946289062500e+02
2.862366333007812500e+02
2.851413574218750000e+02
2.858895874023437500e+02
2.859270629882812500e+02
2.864389953613281250e+02
2.867852172851562500e+02
2.883819274902343750e+02
2.885715637207031250e+02
2.883023071289062500e+02
2.882593688964843750e+02
2.886511535644531250e+02
2.894996032714843750e+02
2.883451843261718750e+02
2.908132629394531250e+02
2.890059204101562500e+02
2.879219665527343750e+02
2.881491699218750000e+02
2.891585388183593750e+02
2.903447875976562500e+02
2.886511535644531250e+02
2.871731872558593750e+02
2.867479248046875000e+02
2.878732910156250000e+02
2.877936096191406250e+02
2.852918090820312500e+02
2.860339660644531250e+02
2.876277160644531250e+02
2.870134582519531250e+02
2.866254272460937500e+02
2.878364868164062500e+02
2.854519958496093750e+02
2.857720336914062500e+02
2.869820556640625000e+02
2.870246276855468750e+02
2.876829223632812500e+02
2.889928894042968750e+02
2.891883850097656250e+02
2.858143920898437500e+02
2.844037475585937500e+02
2.851880798339843750e+02
2.857767333984375000e+02
2.849523010253906250e+02
2.864763488769531250e+02
2.860819702148437500e+02
2.850280456542968750e+02
2.852259521484375000e+02
2.870812377929687500e+02
2.866733398437500000e+02
2.858143920898437500e+02
2.867532043457031250e+02
2.850701904296875000e+02
2.862842407226562500e+02
2.859319458007812500e+02
2.870246276855468750e+02
2.871044311523437500e+02
2.875719604492187500e+02
2.871468505859375000e+02
2.871416015625000000e+02
2.868650512695312500e+02
2.871731872558593750e+02
2.867479248046875000e+02
2.876829223632812500e+02
2.871731872558593750e+02
2.883326110839843750e+02
2.893768310546875000e+02
2.901499938964843750e+02
2.894996032714843750e+02
2.879530029296875000e+02
2.889199523925781250e+02
2.817843933105468750e+02
2.879530029296875000e+02
2.874067382812500000e+02
2.882227172851562500e+02
2.880632934570312500e+02
2.880694885253906250e+02
2.890790405273437500e+02
2.881062927246093750e+02
2.891519470214843750e+02
2.894563598632812500e+02
2.887243041992187500e+02
2.863265686035156250e+02
2.865611572265625000e+02
2.856213989257812500e+02
2.853480529785156250e+02
2.861292724609375000e+02
2.865611572265625000e+02
2.865562438964843750e+02
2.864439697265625000e+02
2.872585449218750000e+02
2.870671081542968750e+02
2.872956542968750000e+02
2.869075927734375000e+02
2.874125061035156250e+02
2.870618591308593750e+02
2.880694885253906250e+02
2.885349731445312500e+02
2.896947631835937500e+02
2.886145324707031250e+02
2.865137023925781250e+02
2.866733398437500000e+02
2.867532043457031250e+02
2.865237121582031250e+02
2.863640747070312500e+02
2.875662841796875000e+02
2.874864807128906250e+02
2.896878051757812500e+02
2.880326843261718750e+02
2.869873962402343750e+02
2.863640747070312500e+02
2.865986328125000000e+02
2.866360168457031250e+02
2.862792053222656250e+02
2.867367553710937500e+02
2.860711669921875000e+02
2.850989074707031250e+02
2.846782531738281250e+02
2.850742797851562500e+02
2.828651123046875000e+02
2.853522033691406250e+02
2.849523010253906250e+02
2.851123046875000000e+02
2.858988342285156250e+02
2.857811889648437500e+02
2.861715698242187500e+02
2.878792724609375000e+02
2.862842407226562500e+02
2.868703308105468750e+02
2.853101196289062500e+02
2.841323547363281250e+02
2.826270751953125000e+02
2.822306823730468750e+02
2.831831665039062500e+02
2.836195983886718750e+02
2.823912353515625000e+02
2.838152160644531250e+02
2.846856689453125000e+02
2.843691101074218750e+02
2.857344360351562500e+02
2.834143371582031250e+02
2.828976135253906250e+02
2.833340759277343750e+02
2.851413574218750000e+02
2.840369262695312500e+02
2.854519958496093750e+02
2.789898376464843750e+02
2.795521850585937500e+02
2.815119323730468750e+02
2.818703002929687500e+02
2.815900573730468750e+02
2.827045593261718750e+02
2.847201843261718750e+02
2.838536987304687500e+02
2.836966857910156250e+02
2.836933593750000000e+02
2.845219726562500000e+02
2.844419250488281250e+02
2.830227050781250000e+02
2.820699768066406250e+02
2.827073059082031250e+02
2.851123046875000000e+02
2.825052185058593750e+02
2.833724365234375000e+02
2.850657958984375000e+02
2.845094604492187500e+02
2.809549865722656250e+02
2.804769287109375000e+02
2.821526184082031250e+02
2.835329589843750000e+02
2.797954711914062500e+02
2.819942016601562500e+02
2.789125976562500000e+02
2.830613708496093750e+02
2.816727905273437500e+02
2.825467834472656250e+02
2.787098388671875000e+02
2.799539794921875000e+02
2.804359436035156250e+02
2.807958374023437500e+02
2.797954711914062500e+02
2.808744812011718750e+02
2.785083312988281250e+02
2.821449890136718750e+02
2.807939453125000000e+02
2.816679382324218750e+02
2.818648376464843750e+02
2.832801513671875000e+02
2.805935363769531250e+02
2.798748168945312500e+02
2.830932006835937500e+02
2.823414611816406250e+02
2.818261108398437500e+02
2.804323425292968750e+02
2.783480834960937500e+02
2.785083312988281250e+02
2.796342468261718750e+02
2.791932678222656250e+02
2.811531982421875000e+02
2.815924072265625000e+02
2.784288635253906250e+02
2.770959777832031250e+02
2.770553894042968750e+02
2.759592285156250000e+02
2.785891723632812500e+02
2.819920349121093750e+02
2.795932312011718750e+02
2.784683227539062500e+02
2.773386840820312500e+02
2.778637084960937500e+02
2.760820007324218750e+02
2.799157409667968750e+02
2.803142700195312500e+02
2.798338012695312500e+02
2.819481506347656250e+02
2.815095214843750000e+02
2.827818908691406250e+02
2.812336425781250000e+02
2.827015686035156250e+02
2.821837158203125000e+02
2.822253723144531250e+02
2.813119812011718750e+02
2.824664611816406250e+02
2.822669677734375000e+02
2.825439453125000000e+02
2.821477661132812500e+02
2.827818908691406250e+02
2.796724548339843750e+02
2.801924438476562500e+02
2.785482788085937500e+02
2.816289672851562500e+02
2.809116210937500000e+02
2.816650390625000000e+02
2.823057861328125000e+02
2.789920043945312500e+02
2.828940734863281250e+02
2.852437438964843750e+02
2.838292541503906250e+02
2.804716491699218750e+02
2.788713378906250000e+02
2.771365356445312500e+02
2.815119323730468750e+02
2.811900024414062500e+02
2.818230895996093750e+02
2.821419372558593750e+02
2.802748107910156250e+02
2.784689636230468750e+02
2.781467590332031250e+02
2.785905151367187500e+02
2.770549621582031250e+02
2.812355957031250000e+02
2.812355957031250000e+02
2.812373657226562500e+02
2.807578735351562500e+02
2.802379150390625000e+02
2.818747558593750000e+02
2.813964233398437500e+02
2.819530029296875000e+02
2.822695922851562500e+02
2.837767944335937500e+02
2.795944824218750000e+02
2.822695922851562500e+02
2.781864929199218750e+02
2.840870666503906250e+02
2.834945678710937500e+02
2.802748107910156250e+02
2.781864929199218750e+02
2.781064147949218750e+02
2.775407409667968750e+02
2.773385620117187500e+02
2.791932678222656250e+02
2.791126098632812500e+02
2.809530029296875000e+02
2.813485412597656250e+02
2.795932312011718750e+02
2.807563781738281250e+02
2.791134033203125000e+02
2.780659179687500000e+02
2.807563781738281250e+02
2.787106323242187500e+02
2.787098388671875000e+02
2.773386840820312500e+02
2.809507446289062500e+02
2.828205261230468750e+02
2.826242370605468750e+02
2.817944030761718750e+02
2.818355712890625000e+02
2.813945312500000000e+02
2.817898864746093750e+02
2.825825805664062500e+02
2.787497558593750000e+02
2.780256347656250000e+02
2.782275390625000000e+02
2.783882141113281250e+02
2.792739562988281250e+02
2.786705627441406250e+02
2.783886718750000000e+02
2.807563781738281250e+02
2.779043273925781250e+02
2.815510253906250000e+02
2.828590698242187500e+02
2.805108947753906250e+02
2.836439208984375000e+02
2.832118530273437500e+02
2.791126098632812500e+02
2.766500244140625000e+02
2.781061401367187500e+02
2.762854309082031250e+02
2.785083312988281250e+02
2.791910400390625000e+02
2.821837158203125000e+02
2.818261108398437500e+02
2.839608764648437500e+02
2.834107666015625000e+02
2.819481506347656250e+02
2.793524780273437500e+02
2.788313293457031250e+02
2.763248596191406250e+02
2.770543212890625000e+02
2.761595458984375000e+02
2.785498352050781250e+02
2.781050720214843750e+02
2.792754211425781250e+02
2.790740966796875000e+02
2.807973937988281250e+02
2.785095825195312500e+02
2.819920349121093750e+02
2.818335266113281250e+02
2.831415710449218750e+02
2.835009155273437500e+02
2.851502075195312500e+02
2.837734985351562500e+02
2.833791809082031250e+02
2.819138793945312500e+02
2.818335266113281250e+02
2.823498535156250000e+02
2.823498535156250000e+02
2.832989501953125000e+02
2.813119812011718750e+02
2.833374633789062500e+02
2.805953674316406250e+02
2.797531127929687500e+02
2.803930664062500000e+02
2.820257568359375000e+02
2.823445434570312500e+02
2.809530029296875000e+02
2.817898864746093750e+02
2.862739257812500000e+02
2.845896606445312500e+02
2.832538146972656250e+02
2.842775878906250000e+02
2.823445434570312500e+02
2.835675964355468750e+02
2.826629333496093750e+02
2.834561462402343750e+02
2.828590698242187500e+02
2.838806762695312500e+02
2.850612792968750000e+02
2.857245178222656250e+02
2.853555908203125000e+02
2.860593566894531250e+02
2.802688293457031250e+02
2.803910217285156250e+02
2.790717163085937500e+02
2.807563781738281250e+02
2.793545532226562500e+02
2.804373474121093750e+02
2.800769042968750000e+02
2.814337463378906250e+02
2.823085021972656250e+02
2.829779052734375000e+02
2.849901733398437500e+02
2.838044433593750000e+02
2.835635986328125000e+02
2.822576599121093750e+02
2.800723876953125000e+02
2.817483215332031250e+02
2.803553771972656250e+02
2.809942626953125000e+02
2.831858520507812500e+02
2.822306823730468750e+02
2.838536987304687500e+02
2.845219726562500000e+02
2.824690856933593750e+02
2.829867553710937500e+02
2.835747680664062500e+02
2.818312988281250000e+02
2.822306823730468750e+02
2.827487182617187500e+02
2.817552490234375000e+02
2.818312988281250000e+02
2.830967102050781250e+02
2.827015686035156250e+02
2.827045593261718750e+02
2.828263244628906250e+02
2.817118530273437500e+02
2.849009399414062500e+02
2.837281188964843750e+02
2.804278564453125000e+02
2.799143981933593750e+02
2.800371704101562500e+02
2.791142883300781250e+02
2.791142883300781250e+02
2.783886413574218750e+02
2.792350158691406250e+02
2.804792480468750000e+02
2.818747558593750000e+02
2.815160827636718750e+02
2.833791809082031250e+02
2.823473205566406250e+02
2.826948852539062500e+02
2.835675964355468750e+02
2.825408325195312500e+02
2.823085021972656250e+02
2.820310363769531250e+02
2.819116516113281250e+02
2.840138549804687500e+02
2.832989501953125000e+02
2.837317199707031250e+02
2.831734924316406250e+02
2.838082885742187500e+02
2.825079650878906250e+02
2.834527587890625000e+02
2.842775878906250000e+02
2.851790161132812500e+02
2.825794372558593750e+02
2.832118530273437500e+02
2.833724365234375000e+02
2.837663269042968750e+02
2.835329589843750000e+02
2.831769409179687500e+02
2.844073791503906250e+02
2.846401367187500000e+02
2.840906677246093750e+02
2.838884887695312500e+02
2.848342590332031250e+02
2.837663269042968750e+02
2.845981445312500000e+02
2.832603759765625000e+02
2.844874572753906250e+02
2.831831665039062500e+02
2.857854003906250000e+02
2.838920288085937500e+02
2.846020507812500000e+02
2.844799804687500000e+02
2.847542114257812500e+02
2.841594238281250000e+02
2.861618652343750000e+02
2.870618591308593750e+02
2.861618652343750000e+02
2.850322875976562500e+02
2.842540283203125000e+02
2.846890258789062500e+02
2.863312072753906250e+02
2.858566589355468750e+02
2.847120666503906250e+02
2.840030212402343750e+02
2.849056701660156250e+02
2.849101257324218750e+02
2.828976135253906250e+02
2.830128173828125000e+02
2.827752685546875000e+02
2.817038574218750000e+02
2.838847045898437500e+02
2.854144287109375000e+02
2.847877807617187500e+02
2.852967529296875000e+02
2.849901733398437500e+02
2.814768066406250000e+02
2.819158020019531250e+02
2.819530029296875000e+02
2.833406066894531250e+02
2.846361389160156250e+02
2.863640747070312500e+02
2.862043151855468750e+02
2.853101196289062500e+02
2.844838562011718750e+02
2.856635131835937500e+02
2.841289062500000000e+02
2.855878601074218750e+02
2.840488281250000000e+02
2.852342529296875000e+02
2.838920288085937500e+02
2.845638732910156250e+02
2.840488281250000000e+02
2.850322875976562500e+02
2.845940246582031250e+02
2.858096008300781250e+02
2.854894714355468750e+02
2.858045349121093750e+02
2.863911437988281250e+02
2.869022216796875000e+02
2.861992797851562500e+02
2.856920776367187500e+02
2.867852172851562500e+02
2.856070251464843750e+02
2.859593505859375000e+02
2.860339660644531250e+02
2.866997070312500000e+02
2.866997070312500000e+02
2.870134582519531250e+02
2.839566650390625000e+02
2.848255920410156250e+02
2.851836853027343750e+02
2.845560913085937500e+02
2.852637329101562500e+02
2.852259521484375000e+02
2.852637329101562500e+02
2.876144409179687500e+02
2.852259521484375000e+02
2.877312316894531250e+02
2.881123352050781250e+02
2.876032104492187500e+02
2.865768127441406250e+02
2.887176208496093750e+02
2.880934143066406250e+02
2.861618652343750000e+02
2.840488281250000000e+02
2.834561462402343750e+02
2.841289062500000000e+02
2.839686584472656250e+02
2.851880798339843750e+02
2.845219726562500000e+02
2.838152160644531250e+02
2.859786987304687500e+02
2.853858947753906250e+02
2.871468505859375000e+02
2.854614868164062500e+02
2.875719604492187500e+02
2.865083312988281250e+02
2.860393676757812500e+02
2.857135620117187500e+02
2.865337524414062500e+02
2.865707092285156250e+02
2.873513793945312500e+02
2.861825866699218750e+02
2.862043151855468750e+02
2.862366333007812500e+02
2.859645690917968750e+02
2.862792053222656250e+02
2.856871032714843750e+02
2.868595275878906250e+02
2.883756713867187500e+02
2.883083801269531250e+02
2.856920776367187500e+02
2.855368652343750000e+02
2.860767211914062500e+02
2.872900085449218750e+02
2.853014831542968750e+02
2.854237060546875000e+02
2.852637329101562500e+02
2.865986328125000000e+02
2.877312316894531250e+02
2.873807678222656250e+02
2.889264221191406250e+02
2.892745056152343750e+02
2.874921875000000000e+02
2.870618591308593750e+02
2.851036071777343750e+02
2.850989074707031250e+02
2.872471313476562500e+02
2.885778503417968750e+02
2.883819274902343750e+02
2.884615783691406250e+02
2.895063171386718750e+02
2.894996032714843750e+02
2.888468933105468750e+02
2.887243041992187500e+02
2.926412963867187500e+02
2.878671264648437500e+02
2.886446838378906250e+02
2.891451721191406250e+02
2.895720825195312500e+02
2.879835815429687500e+02
2.879404602050781250e+02
2.892610473632812500e+02
2.877873535156250000e+02
2.889496459960937500e+02
2.873382873535156250e+02
2.872213439941406250e+02
2.861244506835937500e+02
2.876032104492187500e+02
2.871672973632812500e+02
2.879468688964843750e+02
2.897165832519531250e+02
2.869448242187500000e+02
2.860070495605468750e+02
2.881123352050781250e+02
2.853014831542968750e+02
2.864015808105468750e+02
2.853059387207031250e+02
2.855414123535156250e+02
2.862091369628906250e+02
2.855368652343750000e+02
2.867107238769531250e+02
2.888102722167968750e+02
2.882655639648437500e+02
2.860019531250000000e+02
2.858471069335937500e+02
2.860494079589843750e+02
2.874975891113281250e+02
2.875347595214843750e+02
2.879958190917968750e+02
2.868965454101562500e+02
2.873269348144531250e+02
2.880632934570312500e+02
2.892314758300781250e+02
2.866784362792968750e+02
2.859365234375000000e+02
2.867629699707031250e+02
2.862137145996093750e+02
2.854320068359375000e+02
2.868004760742187500e+02
2.866360168457031250e+02
2.870246276855468750e+02
2.876829223632812500e+02
2.867107238769531250e+02
2.881062927246093750e+02
2.870989990234375000e+02
2.858988342285156250e+02
2.883819274902343750e+02
2.859694824218750000e+02
2.865187988281250000e+02
2.865611572265625000e+02
2.834561462402343750e+02
2.847962951660156250e+02
2.859645690917968750e+02
2.864710693359375000e+02
2.872529907226562500e+02
2.859966735839843750e+02
2.860869445800781250e+02
2.837700195312500000e+02
2.857390441894531250e+02
2.863640747070312500e+02
2.840906677246093750e+02
2.857811889648437500e+02
2.871044311523437500e+02
2.870246276855468750e+02
2.862043151855468750e+02
2.832154235839843750e+02
2.830999450683593750e+02
2.844716186523437500e+02
2.858419494628906250e+02
2.834527587890625000e+02
2.810726928710937500e+02
2.817898864746093750e+02
2.823057861328125000e+02
2.839686584472656250e+02
2.833759460449218750e+02
2.857390441894531250e+02
2.848801879882812500e+02
2.851880798339843750e+02
2.832538146972656250e+02
2.835747680664062500e+02
2.856168518066406250e+02
2.806282958984375000e+02
2.795932312011718750e+02
2.796342468261718750e+02
2.804373474121093750e+02
2.817922668457031250e+02
2.813141174316406250e+02
2.844621887207031250e+02
2.818618164062500000e+02
2.794342956542968750e+02
2.819550170898437500e+02
2.836057739257812500e+02
2.797926635742187500e+02
2.785482788085937500e+02
2.796342468261718750e+02
2.766505126953125000e+02
2.770150451660156250e+02
2.830613708496093750e+02
2.819920349121093750e+02
2.821866149902343750e+02
2.816289672851562500e+02
2.820645446777343750e+02
2.865509948730468750e+02
2.811158752441406250e+02
2.814729003906250000e+02
2.786698913574218750e+02
2.771770019531250000e+02
2.765696716308593750e+02
2.795072021484375000e+02
2.803930664062500000e+02
2.809530029296875000e+02
2.824570922851562500e+02
2.878173828125000000e+02
2.770148010253906250e+02
2.769741210937500000e+02
2.805129699707031250e+02
2.826983642578125000e+02
2.829744262695312500e+02
2.835635986328125000e+02
2.811484375000000000e+02
2.767314147949218750e+02
2.760401306152343750e+02
2.726064147949218750e+02
2.789075317382812500e+02
2.783875732421875000e+02
2.760389709472656250e+02
2.823028259277343750e+02
2.776621398925781250e+02
2.775405883789062500e+02
2.770959777832031250e+02
2.781864929199218750e+02
2.805542602539062500e+02
2.807939453125000000e+02
2.821866149902343750e+02
2.841634216308593750e+02
2.832421569824218750e+02
2.813457946777343750e+02
2.793495178222656250e+02
2.774596862792968750e+02
2.787905883789062500e+02
2.828590698242187500e+02
2.798748168945312500e+02
2.795955200195312500e+02
2.814337463378906250e+02
2.801957702636718750e+02
2.813510437011718750e+02
2.801942138671875000e+02
2.807526550292968750e+02
2.829065246582031250e+02
2.827432861328125000e+02
2.843655700683593750e+02
2.858520202636718750e+02
2.823498535156250000e+02
2.781871337890625000e+02
2.791948547363281250e+02
2.796362304687500000e+02
2.827487182617187500e+02
2.834945678710937500e+02
2.837317199707031250e+02
2.843578186035156250e+02
2.819065551757812500e+02
2.820310363769531250e+02
2.819920349121093750e+02
2.822253723144531250e+02
2.844491271972656250e+02
2.856257019042968750e+02
2.845940246582031250e+02
2.858520202636718750e+02
2.848342590332031250e+02
2.854658508300781250e+02
2.838118896484375000e+02
2.813160400390625000e+02
2.866733398437500000e+02
2.867424621582031250e+02
2.838082885742187500e+02
2.848678283691406250e+02
2.846741638183593750e+02
2.869873962402343750e+02
2.848721923828125000e+02
2.860339660644531250e+02
2.854894714355468750e+02
2.821088867187500000e+02
2.843691101074218750e+02
2.867532043457031250e+02
2.872101440429687500e+02
2.855791931152343750e+02
2.867956542968750000e+02
2.900915832519531250e+02
2.846697692871093750e+02
2.851880798339843750e+02
2.881123352050781250e+02
2.855744934082031250e+02
2.850742797851562500e+02
2.824186096191406250e+02
2.853014831542968750e+02
2.830967102050781250e+02
2.867905578613281250e+02
2.891220092773437500e+02
2.894632568359375000e+02
2.875719604492187500e+02
2.891883850097656250e+02
2.890946350097656250e+02
2.845560913085937500e+02
2.870191345214843750e+02
2.874864807128906250e+02
2.900416870117187500e+02
2.919109802246093750e+02
2.876829223632812500e+02
2.872840881347656250e+02
2.884615783691406250e+02
2.911227722167968750e+02
2.880999755859375000e+02
2.850363464355468750e+02
2.878849792480468750e+02
2.868703308105468750e+02
2.886940917968750000e+02
2.876089782714843750e+02
2.870246276855468750e+02
2.872213439941406250e+02
2.888468933105468750e+02
2.877138061523437500e+02
2.884919433593750000e+02
2.867532043457031250e+02
2.867852172851562500e+02
2.872101440429687500e+02
2.892314758300781250e+02
2.894268188476562500e+02
2.901139221191406250e+02
2.896878051757812500e+02
2.869820556640625000e+02
2.873698120117187500e+02
2.865562438964843750e+02
2.874975891113281250e+02
2.875347595214843750e+02
2.874551086425781250e+02
2.882346191406250000e+02
2.885778503417968750e+02
2.881550598144531250e+02
2.885411071777343750e+02
2.884982910156250000e+02
2.891883850097656250e+02
2.888768920898437500e+02
2.870246276855468750e+02
2.876089782714843750e+02
2.888530883789062500e+02
2.874125061035156250e+02
2.884982910156250000e+02
2.872900085449218750e+02
2.876401367187500000e+02
2.886573791503906250e+02
2.874551086425781250e+02
2.880441894531250000e+02
2.865986328125000000e+02
2.876459655761718750e+02
2.887736511230468750e+02
2.888468933105468750e+02
2.888102722167968750e+02
2.864389953613281250e+02
2.871468505859375000e+02
2.875347595214843750e+02
2.875662841796875000e+02
2.884919433593750000e+02
2.880999755859375000e+02
2.871731872558593750e+02
2.872529907226562500e+02
2.874975891113281250e+02
2.867956542968750000e+02
2.873382873535156250e+02
2.877198486328125000e+02
2.886081848144531250e+02
2.906830139160156250e+02
2.878671264648437500e+02
2.873327026367187500e+02
2.864763488769531250e+02
2.866360168457031250e+02
2.878303833007812500e+02
2.860819702148437500e+02
2.861618652343750000e+02
2.846741638183593750e+02
2.843578186035156250e+02
2.836898498535156250e+02
2.838464965820312500e+02
2.845219726562500000e+02
2.857390441894531250e+02
2.847453918457031250e+02
2.867158508300781250e+02
2.851080932617187500e+02
2.852637329101562500e+02
2.851880798339843750e+02
2.862091369628906250e+02
2.862514038085937500e+02
2.853480529785156250e+02
2.846020507812500000e+02
2.856591186523437500e+02
2.880326843261718750e+02
2.851502075195312500e+02
2.852722473144531250e+02
2.862558288574218750e+02
2.853101196289062500e+02
2.854658508300781250e+02
2.856968078613281250e+02
2.871360778808593750e+02
2.847877807617187500e+02
2.853014831542968750e+02
2.831384582519531250e+02
2.830196838378906250e+02
2.832572326660156250e+02
2.845600585937500000e+02
2.841289062500000000e+02
2.852680969238281250e+02
2.861668395996093750e+02
2.860163879394531250e+02
2.847239074707031250e+02
2.845673828125000000e+02
2.837382507324218750e+02
2.848342590332031250e+02
2.859270629882812500e+02
2.864284057617187500e+02
2.820614624023437500e+02
2.812262878417968750e+02
2.817843933105468750e+02
2.849385986328125000e+02
2.861883850097656250e+02
2.845472412109375000e+02
2.826242370605468750e+02
2.839754333496093750e+02
2.837382507324218750e+02
2.847962951660156250e+02
2.842816772460937500e+02
2.847921447753906250e+02
2.858520202636718750e+02
2.844037475585937500e+02
2.834622802734375000e+02
2.836195983886718750e+02
2.840522460937500000e+02
2.849523010253906250e+02
2.869500732421875000e+02
2.863538818359375000e+02
2.836515197753906250e+02
2.832989501953125000e+02
2.813945312500000000e+02
2.818312988281250000e+02
2.800740966796875000e+02
2.806329040527343750e+02
2.819896240234375000e+02
2.811944580078125000e+02
2.813945312500000000e+02
2.802353515625000000e+02
2.832603759765625000e+02
2.807939453125000000e+02
2.835292968750000000e+02
2.828171997070312500e+02
2.819453430175781250e+02
2.824218750000000000e+02
2.806329040527343750e+02
2.802748107910156250e+02
2.801561889648437500e+02
2.801165466308593750e+02
2.774599609375000000e+02
2.801165466308593750e+02
2.794342956542968750e+02
2.822669677734375000e+02
2.814705505371093750e+02
2.814263305664062500e+02
2.819065551757812500e+02
2.805542602539062500e+02
2.809942626953125000e+02
2.814729003906250000e+02
2.811158752441406250e+02
2.809921875000000000e+02
2.823381652832031250e+02
2.821892395019531250e+02
2.818355712890625000e+02
2.811158752441406250e+02
2.808332214355468750e+02
2.834143371582031250e+02
2.810704040527343750e+02
2.834910888671875000e+02
2.841213684082031250e+02
2.834527587890625000e+02
2.826629333496093750e+02
2.867905578613281250e+02
2.843197937011718750e+02
2.858143920898437500e+02
2.848382873535156250e+02
2.843655700683593750e+02
2.844419250488281250e+02
2.836164855957031250e+02
2.857390441894531250e+02
2.832154235839843750e+02
2.863165588378906250e+02
2.834910888671875000e+02
2.828235473632812500e+02
2.826658325195312500e+02
2.829424743652343750e+02
2.813945312500000000e+02
2.828235473632812500e+02
2.825079650878906250e+02
2.835394897460937500e+02
2.827098083496093750e+02
2.831858520507812500e+02
2.816727905273437500e+02
2.828235473632812500e+02
2.815119323730468750e+02
2.842435302734375000e+02
2.819065551757812500e+02
2.836057739257812500e+02
2.824570922851562500e+02
2.872840881347656250e+02
2.799110412597656250e+02
2.791115722656250000e+02
2.777025146484375000e+02
2.798770446777343750e+02
2.787111511230468750e+02
2.805935363769531250e+02
2.758371887207031250e+02
2.747370300292968750e+02
2.759199829101562500e+02
2.759601440429687500e+02
2.767720642089843750e+02
2.805164489746093750e+02
2.815119323730468750e+02
2.816289672851562500e+02
2.798338012695312500e+02
2.792729492187500000e+02
2.781466979980468750e+02
2.774599609375000000e+02
2.783888854980468750e+02
2.803977355957031250e+02
2.777833557128906250e+02
2.802748107910156250e+02
2.778637084960937500e+02
2.795521850585937500e+02
2.781449890136718750e+02
2.820674133300781250e+02
2.814315185546875000e+02
2.811923828125000000e+02
2.834490356445312500e+02
2.796761169433593750e+02
2.809156494140625000e+02
2.813945312500000000e+02
2.814315185546875000e+02
2.843111877441406250e+02
2.824955749511718750e+02
2.779847412109375000e+02
2.768532104492187500e+02
2.818312988281250000e+02
2.788703918457031250e+02
2.807112731933593750e+02
2.834069519042968750e+02
2.845472412109375000e+02
2.828940734863281250e+02
2.833939819335937500e+02
2.819004211425781250e+02
2.801924438476562500e+02
2.802748107910156250e+02
2.789927368164062500e+02
2.775407409667968750e+02
2.775812683105468750e+02
2.794351806640625000e+02
2.805164489746093750e+02
2.771765136718750000e+02
2.823057861328125000e+02
2.826658325195312500e+02
2.851162719726562500e+02
2.821526184082031250e+02
2.838152160644531250e+02
2.844874572753906250e+02
2.820699768066406250e+02
2.839303588867187500e+02
2.819530029296875000e+02
2.805178527832031250e+02
2.811963195800781250e+02
2.819138793945312500e+02
2.824714660644531250e+02
2.828701477050781250e+02
2.824714660644531250e+02
2.835423889160156250e+02
2.832218017578125000e+02
2.819920349121093750e+02
2.836933593750000000e+02
2.849182739257812500e+02
2.844838562011718750e+02
2.825467834472656250e+02
2.853858947753906250e+02
2.860494079589843750e+02
2.820699768066406250e+02
2.794351806640625000e+02
2.804792480468750000e+02
2.809187011718750000e+02
2.809990844726562500e+02
2.805982666015625000e+02
2.793146362304687500e+02
2.811158752441406250e+02
2.802748107910156250e+02
2.814705505371093750e+02
2.810704040527343750e+02
2.839608764648437500e+02
2.850187988281250000e+02
2.825439453125000000e+02
2.807168884277343750e+02
2.822695922851562500e+02
2.824248657226562500e+02
2.830967102050781250e+02
2.848721923828125000e+02
2.842816772460937500e+02
2.833340759277343750e+02
2.847542114257812500e+02
2.846361389160156250e+02
2.858895874023437500e+02
2.827487182617187500e+02
2.828235473632812500e+02
2.836860656738281250e+02
2.832154235839843750e+02
2.815900573730468750e+02
2.812336425781250000e+02
2.807546386718750000e+02
2.817508850097656250e+02
2.794729003906250000e+02
2.802748107910156250e+02
2.794331970214843750e+02
2.804323425292968750e+02
2.818230895996093750e+02
2.815845642089843750e+02
2.805500793457031250e+02
2.797566833496093750e+02
2.787114257812500000e+02
2.801574401855468750e+02
2.803580627441406250e+02
2.817118530273437500e+02
2.813945312500000000e+02
2.830999450683593750e+02
2.843236389160156250e+02
2.836549682617187500e+02
2.838118896484375000e+02
2.843236389160156250e+02
2.848300170898437500e+02
2.859645690917968750e+02
2.859645690917968750e+02
2.829360351562500000e+02
2.821449890136718750e+02
2.815510253906250000e+02
2.827045593261718750e+02
2.827045593261718750e+02
2.841671447753906250e+02
2.835549621582031250e+02
2.850137634277343750e+02
2.837960510253906250e+02
2.836439208984375000e+02
2.841974182128906250e+02
2.826598205566406250e+02
2.836515197753906250e+02
2.835747680664062500e+02
2.835747680664062500e+02
2.840030212402343750e+02
2.848342590332031250e+02
2.843618164062500000e+02
2.850742797851562500e+02
2.849563598632812500e+02
2.848420410156250000e+02
2.851542663574218750e+02
2.847201843261718750e+02
2.855457458496093750e+02
2.850701904296875000e+02
2.848763427734375000e+02
2.842435302734375000e+02
2.843197937011718750e+02
2.840832214355468750e+02
2.844336853027343750e+02
2.863591003417968750e+02
2.848255920410156250e+02
2.871303100585937500e+02
2.852967529296875000e+02
2.849811401367187500e+02
2.828556518554687500e+02
2.832501831054687500e+02
2.824248657226562500e+02
2.834593200683593750e+02
2.838118896484375000e+02
2.854280090332031250e+02
2.852259521484375000e+02
2.873382873535156250e+02
2.868278198242187500e+02
2.880694885253906250e+02
2.879898071289062500e+02
2.861244506835937500e+02
2.867479248046875000e+02
2.860118408203125000e+02
2.850322875976562500e+02
2.842435302734375000e+02
2.828622131347656250e+02
2.836132202148437500e+02
2.849101257324218750e+02
2.843155822753906250e+02
2.853391418457031250e+02
2.866254272460937500e+02
2.882655639648437500e+02
2.886081848144531250e+02
2.873698120117187500e+02
2.839721069335937500e+02
2.850612792968750000e+02
2.851880798339843750e+02
2.862417907714843750e+02
2.867737731933593750e+02
2.860767211914062500e+02
2.852214050292968750e+02
2.838536987304687500e+02
2.848342590332031250e+02
2.868703308105468750e+02
2.858520202636718750e+02
2.885470275878906250e+02
2.853768005371093750e+02
2.865137023925781250e+02
2.861566772460937500e+02
2.872471313476562500e+02
2.847921447753906250e+02
2.837734985351562500e+02
2.836132202148437500e+02
2.852259521484375000e+02
2.855368652343750000e+02
2.851459045410156250e+02
2.847120666503906250e+02
2.855744934082031250e+02
2.843064880371093750e+02
2.825301818847656250e+02
2.849434509277343750e+02
2.852637329101562500e+02
2.852637329101562500e+02
2.853815307617187500e+02
2.854237060546875000e+02
2.851365356445312500e+02
2.850187988281250000e+02
2.865509948730468750e+02
2.863165588378906250e+02
2.829779052734375000e+02
2.842435302734375000e+02
2.879589538574218750e+02
2.876459655761718750e+02
2.876770324707031250e+02
2.870874023437500000e+02
2.864763488769531250e+02
2.861139831542968750e+02
2.859593505859375000e+02
2.866625976562500000e+02
2.857475585937500000e+02
2.863732910156250000e+02
2.868379211425781250e+02
2.872213439941406250e+02
2.873327026367187500e+02
2.867107238769531250e+02
2.879530029296875000e+02
2.880999755859375000e+02
2.885218200683593750e+02
2.872101440429687500e+02
2.861992797851562500e+02
2.866254272460937500e+02
2.874125061035156250e+02
2.876940612792968750e+02
2.873435058593750000e+02
2.883511047363281250e+02
2.889199523925781250e+02
2.872840881347656250e+02
2.888403930664062500e+02
2.862739257812500000e+02
2.865562438964843750e+02
2.873327026367187500e+02
2.856168518066406250e+02
2.855791931152343750e+02
2.858943481445312500e+02
2.854237060546875000e+02
2.875719604492187500e+02
2.894268188476562500e+02
2.864389953613281250e+02
2.865137023925781250e+02
2.874125061035156250e+02
2.877567749023437500e+02
2.874864807128906250e+02
2.871303100585937500e+02
2.862312011718750000e+02
2.871672973632812500e+02
2.878303833007812500e+02
2.870874023437500000e+02
2.879404602050781250e+02
2.881731567382812500e+02
2.877873535156250000e+02
2.889564514160156250e+02
2.892247009277343750e+02
2.879530029296875000e+02
2.879468688964843750e+02
2.885218200683593750e+02
2.864597778320312500e+02
2.868965454101562500e+02
2.854614868164062500e+02
2.852259521484375000e+02
2.855836486816406250e+02
2.853437194824218750e+02
2.859319458007812500e+02
2.865509948730468750e+02
2.870989990234375000e+02
2.871416015625000000e+02
2.872213439941406250e+02
2.857720336914062500e+02
2.853768005371093750e+02
2.862366333007812500e+02
2.849385986328125000e+02
2.846274414062500000e+02
2.851741333007812500e+02
2.864284057617187500e+02
2.856871032714843750e+02
2.870618591308593750e+02
2.870618591308593750e+02
2.866360168457031250e+02
2.864763488769531250e+02
2.856168518066406250e+02
2.870989990234375000e+02
2.871360778808593750e+02
2.865935058593750000e+02
2.871095581054687500e+02
2.854280090332031250e+02
2.858610534667968750e+02
2.857013244628906250e+02
2.863265686035156250e+02
2.860118408203125000e+02
2.869500732421875000e+02
2.865935058593750000e+02
2.867905578613281250e+02
2.868223571777343750e+02
2.883756713867187500e+02
2.873577880859375000e+02
2.864597778320312500e+02
2.866997070312500000e+02
2.853391418457031250e+02
2.837734985351562500e+02
2.865137023925781250e+02
2.872158813476562500e+02
2.884982910156250000e+02
2.885778503417968750e+02
2.888403930664062500e+02
2.892679138183593750e+02
2.900345153808593750e+02
2.867479248046875000e+02
2.849143066406250000e+02
2.868754272460937500e+02
2.853858947753906250e+02
2.865986328125000000e+02
2.871416015625000000e+02
2.895426635742187500e+02
2.881919555664062500e+02
2.870246276855468750e+02
2.862792053222656250e+02
2.871731872558593750e+02
2.870562744140625000e+02
2.895358581542968750e+02
2.900848083496093750e+02
2.886145324707031250e+02
2.884615783691406250e+02
2.901641845703125000e+02
2.903880310058593750e+02
2.906619873046875000e+02
2.887369079589843750e+02
2.884674987792968750e+02
2.871841125488281250e+02
2.880265808105468750e+02
2.886446838378906250e+02
2.880632934570312500e+02
2.891519470214843750e+02
2.892679138183593750e+02
2.901139221191406250e+02
2.865882263183593750e+02
2.879161682128906250e+02
2.877995910644531250e+02
2.885285339355468750e+02
2.868906555175781250e+02
2.862739257812500000e+02
2.866733398437500000e+02
2.857390441894531250e+02
2.857390441894531250e+02
2.863265686035156250e+02
2.869448242187500000e+02
2.867107238769531250e+02
2.873698120117187500e+02
2.866254272460937500e+02
2.887972412109375000e+02
2.881430053710937500e+02
2.872101440429687500e+02
2.863538818359375000e+02
2.874495239257812500e+02
2.864389953613281250e+02
2.852680969238281250e+02
2.857390441894531250e+02
2.875292968750000000e+02
2.884186706542968750e+02
2.897600097656250000e+02
2.861992797851562500e+02
2.855368652343750000e+02
2.822253723144531250e+02
2.823057861328125000e+02
2.824664611816406250e+02
2.831029663085937500e+02
2.855079040527343750e+02
2.860917053222656250e+02
2.866784362792968750e+02
2.862043151855468750e+02
2.859270629882812500e+02
2.867852172851562500e+02
2.861992797851562500e+02
2.846782531738281250e+02
2.843273620605468750e+02
2.854658508300781250e+02
2.858143920898437500e+02
2.861566772460937500e+02
2.839303588867187500e+02
2.857767333984375000e+02
2.841974182128906250e+02
2.804754028320312500e+02
2.869393310546875000e+02
2.859219665527343750e+02
2.854144287109375000e+02
2.848678283691406250e+02
2.820699768066406250e+02
2.792307128906250000e+02
2.836057739257812500e+02
2.824218750000000000e+02
2.832989501953125000e+02
2.833374633789062500e+02
2.836096191406250000e+02
2.838044433593750000e+02
2.828171997070312500e+02
2.819065551757812500e+02
2.816289672851562500e+02
2.817898864746093750e+02
2.832603759765625000e+02
2.840522460937500000e+02
2.825467834472656250e+02
2.836132202148437500e+02
2.840068969726562500e+02
2.839303588867187500e+02
2.832218017578125000e+02
2.819506530761718750e+02
2.842854919433593750e+02
2.884306945800781250e+02
2.848342590332031250e+02
2.841213684082031250e+02
2.859219665527343750e+02
2.843155822753906250e+02
2.826983642578125000e+02
2.849762268066406250e+02
2.842733459472656250e+02
2.823414611816406250e+02
2.819869689941406250e+02
2.801165466308593750e+02
2.805178527832031250e+02
2.801574401855468750e+02
2.822306823730468750e+02
2.794331970214843750e+02
2.822640991210937500e+02
2.823028259277343750e+02
2.832921752929687500e+02
2.834143371582031250e+02
2.828622131347656250e+02
2.800346069335937500e+02
2.822253723144531250e+02
2.840748901367187500e+02
2.830163574218750000e+02
2.830511779785156250e+02
2.823473205566406250e+02
2.831315002441406250e+02
2.793934631347656250e+02
2.792320556640625000e+02
2.787905883789062500e+02
2.792729492187500000e+02
2.799973754882812500e+02
2.765275878906250000e+02
2.819530029296875000e+02
2.820674133300781250e+02
2.816679382324218750e+02
2.788319396972656250e+02
2.779043273925781250e+02
2.803963928222656250e+02
2.767292480468750000e+02
2.744901428222656250e+02
2.751026000976562500e+02
2.768118286132812500e+02
2.778637084960937500e+02
2.784275207519531250e+02
2.827367858886718750e+02
2.807182922363281250e+02
2.812336425781250000e+02
2.816727905273437500e+02
2.818312988281250000e+02
2.827787170410156250e+02
2.803887329101562500e+02
2.775811767578125000e+02
2.781064147949218750e+02
2.766500244140625000e+02
2.774196166992187500e+02
2.770556030273437500e+02
2.770556030273437500e+02
2.780655822753906250e+02
2.781864929199218750e+02
2.777828369140625000e+02
2.788703918457031250e+02
2.781050109863281250e+02
2.833985900878906250e+02
2.799935302734375000e+02
2.792331542968750000e+02
2.795125732421875000e+02
2.817898864746093750e+02
2.818261108398437500e+02
2.804769287109375000e+02
2.776217346191406250e+02
2.816289672851562500e+02
2.849857788085937500e+02
2.843999023437500000e+02
2.805542602539062500e+02
2.807958068847656250e+02
2.820673828125000000e+02
2.829393920898437500e+02
2.857767333984375000e+02
2.834176940917968750e+02
2.834978942871093750e+02
2.836478271484375000e+02
2.848960266113281250e+02
2.807919006347656250e+02
2.786291198730468750e+02
