2.848332872353359448e+02
2.794307527855839908e+02
2.828726930524157410e+02
2.836857376996675839e+02
2.784206473687817720e+02
2.820094759624124663e+02
2.851023904978758878e+02
2.787571809609696061e+02
2.783664920902745052e+02
2.805714886116955995e+02
2.817321505940936390e+02
2.846158212652411521e+02
2.834564368413823559e+02
2.797068928334848579e+02
2.813668470451724488e+02
2.808790527555871677e+02
2.824447610323072126e+02
2.827983205873674706e+02
2.846689370058425652e+02
2.847124255512908348e+02
2.815231090001132088e+02
2.840402347697957453e+02
2.847135950484027376e+02
2.800630148002178430e+02
2.792426135774844624e+02
2.816619765877541681e+02
2.889015550909359149e+02
2.846372862593448758e+02
2.814836561265121873e+02
2.862109988775708302e+02
2.836757199968351983e+02
2.834194796380824641e+02
2.831386523618687079e+02
2.844958821300190834e+02
2.888870129424097399e+02
2.800124434495143078e+02
2.843550162178377718e+02
2.792849907624016623e+02
2.820229052232745062e+02
2.835861247832542062e+02
2.875393326798425733e+02
2.893510851962155357e+02
2.880301471376822064e+02
2.891140548101291756e+02
2.855469781634653827e+02
2.846633058163268402e+02
2.847101662176461332e+02
2.882645577006575763e+02
2.834202856182246819e+02
2.834933065463563935e+02
2.847467827191603646e+02
2.858967187834131778e+02
2.845066664145143704e+02
2.899040897585067569e+02
2.892884658715013302e+02
2.872253291501000376e+02
2.865328287459030889e+02
2.853675295862399821e+02
2.873859996686796876e+02
2.875898539415775303e+02
2.877649331127603318e+02
2.880639372817256003e+02
2.868533181640540874e+02
2.855087791587196193e+02
2.870354171695043419e+02
2.848519037272055812e+02
2.849913978486684414e+02
2.851023904978758878e+02
2.850382088907791740e+02
2.853940386630841317e+02
2.844163304841245576e+02
2.841716659034703412e+02
2.868404550260297583e+02
2.846158212652411521e+02
2.857158602442085567e+02
2.845452962590192669e+02
2.850755897635449401e+02
2.868318934096924409e+02
2.889685899336128045e+02
2.846664518769547385e+02
2.894951788440686755e+02
2.882931978536744282e+02
2.853168141983466057e+02
2.893668024329359127e+02
2.871880496983727085e+02
2.847316785828612637e+02
2.822370185690944027e+02
2.849828025424153566e+02
2.847917508095762855e+02
2.864463171064392100e+02
2.853208055627176236e+02
2.846779351379665286e+02
2.852584444774658436e+02
2.825111233626449803e+02
2.789199057721956478e+02
2.813705543333225023e+02
2.795072788420470715e+02
2.822717104658423182e+02
2.863487705258007168e+02
2.848643297008636068e+02
2.849070949511334447e+02
2.857173390109738875e+02
2.846456873984627123e+02
2.828576801097519251e+02
2.824611326815643793e+02
2.828091525702053559e+02
2.834623326599457300e+02
2.820244123751001553e+02
2.822662088699666469e+02
2.812338604950812169e+02
2.827483663803383820e+02
2.783225389140184234e+02
2.812338604950812169e+02
2.864999688680990744e+02
2.827506062343537678e+02
2.788537516250469253e+02
2.803394028252264434e+02
2.821110445248937140e+02
2.825591229248316267e+02
2.824378770371111500e+02
2.817380062922858315e+02
2.804428612160260741e+02
2.828981893929940838e+02
2.845167284929316907e+02
2.831449717965286368e+02
2.831680859033527895e+02
2.821110445248937140e+02
2.798052931011851001e+02
2.808303340918984645e+02
2.827181729954366460e+02
2.800874384933396186e+02
2.783100156940159309e+02
2.799943423384645484e+02
2.800802534836820996e+02
2.811512733440345642e+02
2.807735666139671480e+02
2.806755918974295696e+02
2.808790527555871677e+02
2.821562740584537323e+02
2.803689359315292791e+02
2.816838966192931935e+02
2.803687696244767267e+02
2.843550162178377718e+02
2.845754407367432464e+02
2.845452962590192669e+02
2.843719601025874226e+02
2.789295612052445676e+02
2.785057090583086392e+02
2.794148318013509993e+02
2.823461680844341117e+02
2.785327245406940619e+02
2.783018171589951635e+02
2.782297218069358564e+02
2.796782326788110140e+02
2.762376062190076027e+02
2.797716172636233409e+02
2.789495891891223778e+02
2.787504326871963372e+02
2.789136727699201970e+02
2.785914075717807918e+02
2.784989326520418444e+02
2.747817980057414502e+02
2.767000095901700547e+02
2.761739350566481335e+02
2.783854780192145313e+02
2.790646162624254885e+02
2.822475020681275737e+02
2.785652776222840998e+02
2.813058130841121169e+02
2.812065421877902054e+02
2.813785535606680810e+02
2.806474280467225526e+02
2.790592198930231689e+02
2.783156181281585191e+02
2.782297218069358564e+02
2.790199218675327302e+02
2.785439363717622996e+02
2.784009276865054971e+02
2.780836660319437783e+02
2.783713081927841131e+02
2.785234484999332381e+02
2.786695588082425274e+02
2.785914075717807918e+02
2.780239768759885237e+02
2.785716771826506601e+02
2.787734446036344593e+02
2.797643481296469190e+02
2.808790527555871677e+02
2.803525513152873714e+02
2.793628489341350587e+02
2.784014012576193409e+02
2.788403084772100442e+02
2.792095260997348305e+02
2.810787321508653349e+02
2.784265521139879525e+02
2.787247104914797546e+02
2.827817985113807140e+02
2.866677547208362853e+02
2.829786514995930702e+02
2.792536773848775056e+02
2.782458421104227000e+02
2.786892486996704292e+02
2.822796791195422657e+02
2.833791095726642197e+02
2.849070949511334447e+02
2.836857376996675839e+02
2.827809646958545500e+02
2.833718219382107577e+02
2.808446345544290352e+02
2.790199218675327302e+02
