2.863132324218750000e+02
2.762343750000000000e+02
2.850810241699218750e+02
2.856958618164062500e+02
2.778877868652343750e+02
2.828742980957031250e+02
2.872336120605468750e+02
2.805018310546875000e+02
2.792736816406250000e+02
2.820802612304687500e+02
2.844622497558593750e+02
2.859486083984375000e+02
2.856385498046875000e+02
2.821879882812500000e+02
2.834257812500000000e+02
2.853565063476562500e+02
2.842340087890625000e+02
2.841583251953125000e+02
2.859523925781250000e+02
2.858654785156250000e+02
2.836214904785156250e+02
2.853923034667968750e+02
2.857823486328125000e+02
2.824966125488281250e+02
2.819626464843750000e+02
2.853006286621093750e+02
2.899903564453125000e+02
2.861700439453125000e+02
2.831176147460937500e+02
2.872365417480468750e+02
2.856126098632812500e+02
2.855551147460937500e+02
2.856936035156250000e+02
2.865342712402343750e+02
2.901023864746093750e+02
2.825257568359375000e+02
2.862820129394531250e+02
2.845721130371093750e+02
2.847989196777343750e+02
2.853884277343750000e+02
2.887955932617187500e+02
2.905466308593750000e+02
2.903236999511718750e+02
2.898791809082031250e+02
2.876803588867187500e+02
2.867579956054687500e+02
2.882086486816406250e+02
2.907682189941406250e+02
2.847194824218750000e+02
2.851389770507812500e+02
2.860606079101562500e+02
2.880151977539062500e+02
2.869815979003906250e+02
2.922358703613281250e+02
2.906597290039062500e+02
2.880467529296875000e+02
2.875715637207031250e+02
2.864251403808593750e+02
2.882410583496093750e+02
2.889900207519531250e+02
2.890183105468750000e+02
2.892126770019531250e+02
2.891002807617187500e+02
2.885988159179687500e+02
2.890167541503906250e+02
2.880970764160156250e+02
2.872314453125000000e+02
2.872336120605468750e+02
2.874570617675781250e+02
2.880136108398437500e+02
2.878458862304687500e+02
2.867012023925781250e+02
2.891282958984375000e+02
2.859486083984375000e+02
2.882648620605468750e+02
2.877622680664062500e+02
2.872601623535156250e+02
2.887941284179687500e+02
2.900736389160156250e+02
2.862271423339843750e+02
2.907686157226562500e+02
2.894352722167968750e+02
2.879584655761718750e+02
2.896847229003906250e+02
2.891844787597656250e+02
2.864795532226562500e+02
2.839876403808593750e+02
2.873453369140625000e+02
2.870919494628906250e+02
2.889055480957031250e+02
2.873168640136718750e+02
2.863390502929687500e+02
2.887102966308593750e+02
2.842955322265625000e+02
2.807517395019531250e+02
2.832008972167968750e+02
2.817960205078125000e+02
2.842414245605468750e+02
2.888222656250000000e+02
2.874553833007812500e+02
2.868414001464843750e+02
2.879867858886718750e+02
2.873154907226562500e+02
2.853309631347656250e+02
2.837089843750000000e+02
2.839336547851562500e+02
2.855294189453125000e+02
2.848536682128906250e+02
2.841290893554687500e+02
2.839006958007812500e+02
2.855815429687500000e+02
2.799373168945312500e+02
2.839006958007812500e+02
2.866165161132812500e+02
2.851354064941406250e+02
2.817046813964843750e+02
2.828887634277343750e+02
2.845169982910156250e+02
2.838213500976562500e+02
2.835965881347656250e+02
2.832886657714843750e+02
2.828342590332031250e+02
2.848566894531250000e+02
2.859198608398437500e+02
2.854144287109375000e+02
2.858610534667968750e+02
2.845170288085937500e+02
2.846558837890625000e+02
2.853002014160156250e+02
2.840391845703125000e+02
2.824095458984375000e+02
2.793190002441406250e+02
2.814338073730468750e+02
2.813211059570312500e+02
2.829759216308593750e+02
2.829435119628906250e+02
2.847965698242187500e+02
2.848519592285156250e+02
2.847129211425781250e+02
2.826675720214843750e+02
2.830344238281250000e+02
2.828052062988281250e+02
2.862820129394531250e+02
2.864491271972656250e+02
2.877622680664062500e+02
2.882925109863281250e+02
2.816208496093750000e+02
2.815631408691406250e+02
2.812323608398437500e+02
2.839820251464843750e+02
2.765313720703125000e+02
2.781804504394531250e+02
2.765560607910156250e+02
2.759075622558593750e+02
2.762303771972656250e+02
2.805314636230468750e+02
2.819043273925781250e+02
2.788934936523437500e+02
2.788115234375000000e+02
2.793153076171875000e+02
2.784155578613281250e+02
2.757568664550781250e+02
2.757212829589843750e+02
2.759292602539062500e+02
2.764390869140625000e+02
2.815371398925781250e+02
2.842638244628906250e+02
2.791539001464843750e+02
2.828387756347656250e+02
2.828926086425781250e+02
2.833133239746093750e+02
2.812618713378906250e+02
2.817080993652343750e+02
2.786568908691406250e+02
2.766483154296875000e+02
2.784950256347656250e+02
2.767159118652343750e+02
2.761621704101562500e+02
2.778894958496093750e+02
2.769251403808593750e+02
2.791300354003906250e+02
2.806389160156250000e+02
2.793153076171875000e+02
2.785471801757812500e+02
2.797411193847656250e+02
2.808059692382812500e+02
2.825510559082031250e+02
2.851880187988281250e+02
2.835596923828125000e+02
2.812536926269531250e+02
2.776524658203125000e+02
2.808895874023437500e+02
2.812571411132812500e+02
2.832262268066406250e+02
2.792611999511718750e+02
2.789733886718750000e+02
2.849111022949218750e+02
2.889889221191406250e+02
2.854966125488281250e+02
2.814244079589843750e+02
2.786026306152343750e+02
2.789191284179687500e+02
2.846006469726562500e+02
2.860013427734375000e+02
2.868414001464843750e+02
2.856958618164062500e+02
2.850232849121093750e+02
2.863086547851562500e+02
2.838969421386718750e+02
2.784950256347656250e+02
