2.846722412109375000e+02
2.732093200683593750e+02
2.833120117187500000e+02
2.837973327636718750e+02
2.760506896972656250e+02
2.817351379394531250e+02
2.853948974609375000e+02
2.787029113769531250e+02
2.781000366210937500e+02
2.804658203125000000e+02
2.824327697753906250e+02
2.841733398437500000e+02
2.835394592285156250e+02
2.801973266601562500e+02
2.815746765136718750e+02
2.822454528808593750e+02
2.813956909179687500e+02
2.825811767578125000e+02
2.845640869140625000e+02
2.841784667968750000e+02
2.816948242187500000e+02
2.839461059570312500e+02
2.841835021972656250e+02
2.804438171386718750e+02
2.799461364746093750e+02
2.827747192382812500e+02
2.879316101074218750e+02
2.840288085937500000e+02
2.813294067382812500e+02
2.857848205566406250e+02
2.838024291992187500e+02
2.835446166992187500e+02
2.834051818847656250e+02
2.845278320312500000e+02
2.884412841796875000e+02
2.805736999511718750e+02
2.841523437500000000e+02
2.821638183593750000e+02
2.828056335449218750e+02
2.835548400878906250e+02
2.871090393066406250e+02
2.889259033203125000e+02
2.882956848144531250e+02
2.878101196289062500e+02
2.858859252929687500e+02
2.847743225097656250e+02
2.859801330566406250e+02
2.883917541503906250e+02
2.832025451660156250e+02
2.835697631835937500e+02
2.842968444824218750e+02
2.862535095214843750e+02
2.850205688476562500e+02
2.904746398925781250e+02
2.894335937500000000e+02
2.867703857421875000e+02
2.861528320312500000e+02
2.847955017089843750e+02
2.868872070312500000e+02
2.872252807617187500e+02
2.873529357910156250e+02
2.874689941406250000e+02
2.869579162597656250e+02
2.862131652832031250e+02
2.865737609863281250e+02
2.858576354980468750e+02
2.846121215820312500e+02
2.853948974609375000e+02
2.856405639648437500e+02
2.858633728027343750e+02
2.854839782714843750e+02
2.845169982910156250e+02
2.870857849121093750e+02
2.841733398437500000e+02
2.862365112304687500e+02
2.854897766113281250e+02
2.851325378417968750e+02
2.867197570800781250e+02
2.879254760742187500e+02
2.842864074707031250e+02
2.891678161621093750e+02
2.877124633789062500e+02
2.859973449707031250e+02
2.876946105957031250e+02
2.873413085937500000e+02
2.846617736816406250e+02
2.821982727050781250e+02
2.855177612304687500e+02
2.847522583007812500e+02
2.868418273925781250e+02
2.853894348144531250e+02
2.844098510742187500e+02
2.863354797363281250e+02
2.824425048828125000e+02
2.786906433105468750e+02
2.813248291015625000e+02
2.799548339843750000e+02
2.825765380859375000e+02
2.868476562500000000e+02
2.852498474121093750e+02
2.847688903808593750e+02
2.861254577636718750e+02
2.849983825683593750e+02
2.832969055175781250e+02
2.820830078125000000e+02
2.823322143554687500e+02
2.838074951171875000e+02
2.826713867187500000e+02
2.824520568847656250e+02
2.818100280761718750e+02
2.832813110351562500e+02
2.780704650878906250e+02
2.818100280761718750e+02
2.841304626464843750e+02
2.831779785156250000e+02
2.791689758300781250e+02
2.806852416992187500e+02
2.822984008789062500e+02
2.822077026367187500e+02
2.819583129882812500e+02
2.817132568359375000e+02
2.808198242187500000e+02
2.830639038085937500e+02
2.840445861816406250e+02
2.832916870117187500e+02
2.833944091796875000e+02
2.822984008789062500e+02
2.821586914062500000e+02
2.823807373046875000e+02
2.816705932617187500e+02
2.800536804199218750e+02
2.775709838867187500e+02
2.798417053222656250e+02
2.797158203125000000e+02
2.810746765136718750e+02
2.805505981445312500e+02
2.824125976562500000e+02
2.822778625488281250e+02
2.824176940917968750e+02
2.808288269042968750e+02
2.813338928222656250e+02
2.806899108886718750e+02
2.841523437500000000e+02
2.841415100097656250e+02
2.854897766113281250e+02
2.855830078125000000e+02
2.791734924316406250e+02
2.789124145507812500e+02
2.793255615234375000e+02
2.814110717773437500e+02
2.741261596679687500e+02
2.759054565429687500e+02
2.738593444824218750e+02
2.724417114257812500e+02
2.740068664550781250e+02
2.788331909179687500e+02
2.796858520507812500e+02
2.766663513183593750e+02
2.770665283203125000e+02
2.771748352050781250e+02
2.766882324218750000e+02
2.728680725097656250e+02
2.716851501464843750e+02
2.737581787109375000e+02
2.739976196289062500e+02
2.791779785156250000e+02
2.819198608398437500e+02
2.775783386230468750e+02
2.812132873535156250e+02
2.810792541503906250e+02
2.814497680664062500e+02
2.794557495117187500e+02
2.795645141601562500e+02
2.762805175781250000e+02
2.739879150390625000e+02
2.766846923828125000e+02
2.743830261230468750e+02
2.736116638183593750e+02
2.756536254882812500e+02
2.743731689453125000e+02
2.770516357421875000e+02
2.785643615722656250e+02
2.771748352050781250e+02
2.769463195800781250e+02
2.779476318359375000e+02
2.785559997558593750e+02
2.803092651367187500e+02
2.822565002441406250e+02
2.806462097167968750e+02
2.786647338867187500e+02
2.752665710449218750e+02
2.785516967773437500e+02
2.790606994628906250e+02
2.810607299804687500e+02
2.773095397949218750e+02
2.766625061035156250e+02
2.829298400878906250e+02
2.868359069824218750e+02
2.828934326171875000e+02
2.790519409179687500e+02
2.764154663085937500e+02
2.767973632812500000e+02
2.822933349609375000e+02
2.836472778320312500e+02
2.847688903808593750e+02
2.837973327636718750e+02
2.830539550781250000e+02
2.834960021972656250e+02
2.810211791992187500e+02
2.766846923828125000e+02
