2.851603326874516142e+02
2.811391236647197047e+02
2.828532140598342153e+02
2.834014201533218511e+02
2.790811162512129044e+02
2.820754695307318798e+02
2.848203889218728477e+02
2.784675186759466214e+02
2.782858008519969530e+02
2.798015309575680476e+02
2.811310917523485386e+02
2.842604878897428193e+02
2.833384838424066743e+02
2.794044225912832644e+02
2.813904869630802636e+02
2.821577275001927205e+02
2.806411506581768549e+02
2.827485761201573951e+02
2.846420839075461231e+02
2.844293137881511484e+02
2.811492527981525882e+02
2.839504292828850112e+02
2.843096822625317941e+02
2.797990595211837217e+02
2.791120739495595444e+02
2.817686514163078755e+02
2.878548250663277486e+02
2.841761135207606799e+02
2.811287252545640740e+02
2.861563334068492281e+02
2.836266254949229619e+02
2.830444074854848395e+02
2.833640226178342232e+02
2.841918192698358325e+02
2.887922639387942354e+02
2.799335702975813547e+02
2.842721175059481311e+02
2.806214744121845683e+02
2.816823135986626312e+02
2.831633125264050932e+02
2.873674539784672106e+02
2.893290072881301853e+02
2.881933204778555933e+02
2.877165799207322152e+02
2.854858598721939416e+02
2.843084418778232703e+02
2.851190645490211182e+02
2.830609241659981308e+02
2.832313999835641312e+02
2.832850530484060982e+02
2.844461568436251468e+02
2.860794041099059086e+02
2.844413138535707049e+02
2.885879883428577841e+02
2.890404631740031505e+02
2.872246829738182328e+02
2.864564589236665597e+02
2.853040616873045678e+02
2.871300375907224520e+02
2.872820498821996580e+02
2.876660582111859981e+02
2.875952456998263642e+02
2.864928381447758170e+02
2.840419043948051012e+02
2.834883773845098176e+02
2.850000676156629993e+02
2.841574307271159796e+02
2.848203889218728477e+02
2.851279371706609709e+02
2.853478662914922097e+02
2.843784308772334839e+02
2.846387766331363878e+02
2.870891574811585656e+02
2.842604878897428193e+02
2.858466444005396170e+02
2.847432650402292893e+02
2.848926245402977315e+02
2.865038605685325592e+02
2.866675333347880041e+02
2.839055555652564067e+02
2.895379138331733770e+02
2.878977639157313888e+02
2.854725337744990838e+02
2.880320642257284476e+02
2.873323644330358775e+02
2.844739612453603854e+02
2.819415555210013054e+02
2.849672445551488522e+02
2.845582903302075692e+02
2.866973202281353679e+02
2.847233478055082401e+02
2.840043954884314985e+02
2.840878555261663791e+02
2.817514870361254680e+02
2.784257960238786040e+02
2.810737260902128583e+02
2.784297001240603890e+02
2.824802500817658029e+02
2.866965400251423262e+02
2.848913415499580992e+02
2.845667543085679085e+02
2.856558880308719495e+02
2.845965359774995136e+02
2.826499838775228568e+02
2.822650201691424741e+02
2.825318900040251151e+02
2.837550758437673153e+02
2.818318716797531351e+02
2.824087130249077404e+02
2.804911023816416105e+02
2.831112464689549029e+02
2.782262688649205415e+02
2.804911023816416105e+02
2.843077484830319577e+02
2.823248882003410927e+02
2.794641197457694943e+02
2.798106032970455885e+02
2.811840959002491900e+02
2.824061717871405222e+02
2.821061979444029362e+02
2.815829087833415656e+02
2.802526968018956950e+02
2.824635858112172855e+02
2.837697240111157839e+02
2.829572395768626620e+02
2.832235637133339878e+02
2.811840959002491900e+02
2.803677975753436158e+02
2.821521161436011766e+02
2.802856174464013748e+02
2.795159636809738117e+02
2.782565938869577735e+02
2.798111901951696723e+02
2.796924635560393426e+02
2.807104170548483353e+02
2.800363974049550961e+02
2.811124905467657982e+02
2.806419416574138950e+02
2.813767299285737522e+02
2.801568941242801429e+02
2.810277560373314714e+02
2.799165884492097121e+02
2.842721175059481311e+02
2.843555090064172077e+02
2.847432650402292893e+02
2.831930099138083392e+02
2.786690342504480213e+02
2.803468257644489086e+02
2.780677996544815187e+02
2.796446958763485782e+02
2.780488626336542097e+02
2.784473761305913513e+02
2.798142554891754799e+02
2.821693349219997913e+02
2.770949044454692967e+02
2.788968636645402626e+02
2.787919386555211645e+02
2.788562604282213897e+02
2.786473554836993003e+02
2.787579038601408001e+02
2.788525661073268793e+02
2.748736048304508586e+02
2.796259534105217313e+02
2.773136754036432308e+02
2.780815649541795551e+02
2.782036494658610195e+02
2.805535222199093255e+02
2.783684305269268862e+02
2.806734781604703812e+02
2.806547203179641201e+02
2.812389080741286875e+02
2.782513299149817954e+02
2.787969513342638379e+02
2.793481324629146343e+02
2.796139157147100605e+02
2.788740503864813718e+02
2.780710414543307820e+02
2.783700446514748705e+02
2.780458107745901657e+02
2.790714077243968632e+02
2.783284665199094547e+02
2.784677055020024454e+02
2.787579038601408001e+02
2.781885502479300385e+02
2.782411914340719932e+02
2.781177297039516247e+02
2.795133597370867733e+02
2.820525061586188826e+02
2.808484831922580724e+02
2.792442140990116854e+02
2.787551918202718184e+02
2.776921570417355838e+02
2.783629800450565881e+02
2.800373715198454079e+02
2.780211160293317221e+02
2.792228647755488282e+02
2.818892820253064997e+02
2.862998211956457908e+02
2.822829735334625525e+02
2.780649761995301219e+02
2.783562476220159851e+02
2.783354701785629004e+02
2.811409647219608701e+02
2.837130268116820275e+02
2.845667543085679085e+02
2.834014201533218511e+02
2.821043847458400933e+02
2.832475632396126457e+02
2.806621672482622216e+02
2.788740503864813718e+02
