2.853718872070312500e+02
2.743352661132812500e+02
2.840748901367187500e+02
2.846226806640625000e+02
2.767721252441406250e+02
2.821865844726562500e+02
2.861883850097656250e+02
2.794697570800781250e+02
2.785491333007812500e+02
2.811484375000000000e+02
2.833224792480468750e+02
2.849385986328125000e+02
2.844621582031250000e+02
2.810650939941406250e+02
2.823766479492187500e+02
2.836580200195312500e+02
2.826784667968750000e+02
2.832501525878906250e+02
2.851413269042968750e+02
2.849009399414062500e+02
2.825339965820312500e+02
2.845517578125000000e+02
2.848632507324218750e+02
2.813428039550781250e+02
2.808259887695312500e+02
2.839047241210937500e+02
2.888193664550781250e+02
2.849710693359375000e+02
2.821000366210937500e+02
2.863911132812500000e+02
2.845849914550781250e+02
2.844244689941406250e+02
2.844195556640625000e+02
2.854040832519531250e+02
2.891380615234375000e+02
2.814234008789062500e+02
2.850887451171875000e+02
2.832376708984375000e+02
2.836777343750000000e+02
2.843489379882812500e+02
2.878240356445312500e+02
2.896009521484375000e+02
2.891668395996093750e+02
2.887034606933593750e+02
2.866567687988281250e+02
2.856390686035156250e+02
2.869580993652343750e+02
2.894263000488281250e+02
2.838425598144531250e+02
2.842353210449218750e+02
2.850563964843750000e+02
2.870075073242187500e+02
2.858738098144531250e+02
2.912060852050781250e+02
2.899189758300781250e+02
2.872900085449218750e+02
2.867424926757812500e+02
2.854895019531250000e+02
2.874436645507812500e+02
2.879770202636718750e+02
2.880567932128906250e+02
2.882096862792968750e+02
2.878904113769531250e+02
2.872647399902343750e+02
2.876506958007812500e+02
2.868412475585937500e+02
2.857817993164062500e+02
2.861883850097656250e+02
2.864226684570312500e+02
2.868045043945312500e+02
2.865274658203125000e+02
2.854787292480468750e+02
2.879702758789062500e+02
2.849385986328125000e+02
2.871180419921875000e+02
2.864906311035156250e+02
2.860654296875000000e+02
2.876211242675781250e+02
2.888554992675781250e+02
2.851314697265625000e+02
2.898321533203125000e+02
2.884420776367187500e+02
2.868475952148437500e+02
2.885511779785156250e+02
2.881298828125000000e+02
2.854468078613281250e+02
2.829707336425781250e+02
2.863055419921875000e+02
2.857879028320312500e+02
2.877375488281250000e+02
2.862255249023437500e+02
2.852491149902343750e+02
2.873812866210937500e+02
2.832462463378906250e+02
2.795880432128906250e+02
2.821386108398437500e+02
2.807480163574218750e+02
2.832884216308593750e+02
2.877009582519531250e+02
2.862196044921875000e+02
2.856763305664062500e+02
2.869275817871093750e+02
2.860223388671875000e+02
2.841884460449218750e+02
2.827752685546875000e+02
2.830128173828125000e+02
2.845472106933593750e+02
2.836353149414062500e+02
2.831697998046875000e+02
2.827294311523437500e+02
2.843015747070312500e+02
2.788678894042968750e+02
2.827294311523437500e+02
2.852380981445312500e+02
2.840325012207031250e+02
2.803026123046875000e+02
2.816586914062500000e+02
2.832801513671875000e+02
2.828940734863281250e+02
2.826564331054687500e+02
2.823800659179687500e+02
2.817006530761718750e+02
2.838383483886718750e+02
2.848583984375000000e+02
2.842261962890625000e+02
2.844946289062500000e+02
2.832801513671875000e+02
2.832756347656250000e+02
2.837009887695312500e+02
2.827254028320312500e+02
2.811008300781250000e+02
2.783057250976562500e+02
2.805108642578125000e+02
2.803909912109375000e+02
2.819004211425781250e+02
2.816166076660156250e+02
2.834744873046875000e+02
2.834318847656250000e+02
2.834365539550781250e+02
2.816232910156250000e+02
2.820614318847656250e+02
2.816201171875000000e+02
2.850887451171875000e+02
2.851635131835937500e+02
2.864906311035156250e+02
2.867912597656250000e+02
2.802636718750000000e+02
2.801020507812500000e+02
2.801489562988281250e+02
2.825642700195312500e+02
2.749860839843750000e+02
2.768523864746093750e+02
2.748644714355468750e+02
2.735183410644531250e+02
2.747409057617187500e+02
2.795505065917968750e+02
2.806646118164062500e+02
2.776193542480468750e+02
2.777821655273437500e+02
2.781028442382812500e+02
2.773786926269531250e+02
2.733059082031250000e+02
2.724904479980468750e+02
2.743726196289062500e+02
2.748639221191406250e+02
2.802246704101562500e+02
2.829626159667968750e+02
2.782258300781250000e+02
2.819035949707031250e+02
2.818617858886718750e+02
2.822576599121093750e+02
2.802296447753906250e+02
2.805059204101562500e+02
2.772962036132812500e+02
2.749865722656250000e+02
2.774189147949218750e+02
2.752302246093750000e+02
2.744972229003906250e+02
2.765693359375000000e+02
2.753525085449218750e+02
2.779421691894531250e+02
2.794678649902343750e+02
2.781028442382812500e+02
2.775808410644531250e+02
2.787076110839843750e+02
2.795465393066406250e+02
2.813008422851562500e+02
2.835828552246093750e+02
2.819659423828125000e+02
2.798233032226562500e+02
2.762452392578125000e+02
2.795857849121093750e+02
2.800266418457031250e+02
2.820160827636718750e+02
2.781439514160156250e+02
2.776592712402343750e+02
2.837960205078125000e+02
2.877740783691406250e+02
2.840604248046875000e+02
2.801048278808593750e+02
2.773371887207031250e+02
2.777003173828125000e+02
2.833181152343750000e+02
2.846927795410156250e+02
2.856763305664062500e+02
2.846226806640625000e+02
2.839142761230468750e+02
2.847620239257812500e+02
2.823223876953125000e+02
2.774189147949218750e+02
