2.839460449218750000e+02
2.849048461914062500e+02
2.829308471679687500e+02
2.848147583007812500e+02
2.842500000000000000e+02
2.841008605957031250e+02
2.846548461914062500e+02
2.840585327148437500e+02
2.828406372070312500e+02
2.838023986816406250e+02
2.834388427734375000e+02
2.826198425292968750e+02
2.832778015136718750e+02
2.819545593261718750e+02
2.824641418457031250e+02
2.835287475585937500e+02
2.835287475585937500e+02
2.833197326660156250e+02
2.828113403320312500e+02
2.826617126464843750e+02
2.827634887695312500e+02
2.828712158203125000e+02
2.829250488281250000e+02
2.842555847167968750e+02
2.839995422363281250e+02
2.828829040527343750e+02
2.837375183105468750e+02
2.830745544433593750e+02
2.840895080566406250e+02
2.840359497070312500e+02
2.848935241699218750e+02
2.837853698730468750e+02
2.851966857910156250e+02
2.856060791015625000e+02
2.853510131835937500e+02
2.847981262207031250e+02
2.858021850585937500e+02
2.849411926269531250e+02
2.844353332519531250e+02
2.841372985839843750e+02
2.842863464355468750e+02
2.842385864257812500e+02
2.848458251953125000e+02
2.846014709472656250e+02
2.842500000000000000e+02
2.848570556640625000e+02
2.840473937988281250e+02
2.835403442382812500e+02
2.845058898925781250e+02
2.856224060058593750e+02
2.837489318847656250e+02
2.846014709472656250e+02
2.834866943359375000e+02
2.838389282226562500e+02
2.830324707031250000e+02
2.825659179687500000e+02
2.838331604003906250e+02
2.837317504882812500e+02
2.852023315429687500e+02
2.854995727539062500e+02
2.845480651855468750e+02
2.845423583984375000e+02
2.839403686523437500e+02
2.853510131835937500e+02
2.847981262207031250e+02
2.843876037597656250e+02
2.835287475585937500e+02
2.837853698730468750e+02
2.830267028808593750e+02
2.829250488281250000e+02
2.828770751953125000e+02
2.843456115722656250e+02
2.832299499511718750e+02
2.838331604003906250e+02
2.832778015136718750e+02
2.842385864257812500e+02
2.850058898925781250e+02
2.840895080566406250e+02
2.838331604003906250e+02
2.842443237304687500e+02
2.842921142578125000e+02
2.837317504882812500e+02
2.836302795410156250e+02
2.834809265136718750e+02
2.833256530761718750e+02
2.837317504882812500e+02
2.842863464355468750e+02
2.834750671386718750e+02
2.836838684082031250e+02
2.831761779785156250e+02
2.841965026855468750e+02
2.834866943359375000e+02
2.832357177734375000e+02
2.839460449218750000e+02
2.845480651855468750e+02
2.838925170898437500e+02
2.838389282226562500e+02
2.843990783691406250e+02
2.833851928710937500e+02
2.838981933593750000e+02
2.841487426757812500e+02
2.841008605957031250e+02
2.831820373535156250e+02
2.843990783691406250e+02
2.836360473632812500e+02
2.842443237304687500e+02
2.840416870117187500e+02
2.832836608886718750e+02
2.837911071777343750e+02
2.834388427734375000e+02
2.837911071777343750e+02
2.833373107910156250e+02
2.843990783691406250e+02
2.839938964843750000e+02
2.842443237304687500e+02
2.843990783691406250e+02
2.837853698730468750e+02
2.849525451660156250e+02
2.846492309570312500e+02
2.853620910644531250e+02
2.848515014648437500e+02
2.831761779785156250e+02
2.837317504882812500e+02
2.820025329589843750e+02
2.821524353027343750e+02
2.825059814453125000e+02
2.823562622070312500e+02
2.826078186035156250e+02
2.829669494628906250e+02
2.835228576660156250e+02
2.829190979003906250e+02
2.833734741210937500e+02
2.833734741210937500e+02
2.829729003906250000e+02
2.830207824707031250e+02
2.838389282226562500e+02
2.831224365234375000e+02
2.845423583984375000e+02
2.845957946777343750e+02
2.838272705078125000e+02
2.832181396484375000e+02
2.834212951660156250e+02
2.836302795410156250e+02
2.837853698730468750e+02
2.843456115722656250e+02
2.848992004394531250e+02
2.848992004394531250e+02
2.847924194335937500e+02
2.846377868652343750e+02
2.844888610839843750e+02
2.838867492675781250e+02
2.849581298828125000e+02
2.864227905273437500e+02
2.851601867675781250e+02
2.846014709472656250e+02
2.841372985839843750e+02
2.825599365234375000e+02
2.832658996582031250e+02
2.833136596679687500e+02
2.835168151855468750e+02
2.838272705078125000e+02
2.852976684570312500e+02
2.860457153320312500e+02
2.847866210937500000e+02
2.852861633300781250e+02
2.840241394042968750e+02
2.840301208496093750e+02
2.847866210937500000e+02
2.834690551757812500e+02
2.820922241210937500e+02
2.823917541503906250e+02
2.817319641113281250e+02
2.826973266601562500e+02
2.825955200195312500e+02
2.822482299804687500e+02
2.826556701660156250e+02
2.835228576660156250e+02
2.831224365234375000e+02
2.833793640136718750e+02
2.829729003906250000e+02
2.824161987304687500e+02
2.818105773925781250e+02
2.821644592285156250e+02
2.803251342773437500e+02
2.760299377441406250e+02
2.787171325683593750e+02
2.765413818359375000e+02
2.800530700683593750e+02
2.788134765625000000e+02
2.783532409667968750e+02
2.819484863281250000e+02
2.823376770019531250e+02
2.813776245117187500e+02
2.803542480468750000e+02
2.812274780273437500e+02
2.815819702148437500e+02
2.819423217773437500e+02
2.816361389160156250e+02
2.817319641113281250e+02
2.813233642578125000e+02
2.819360961914062500e+02
2.813297119140625000e+02
2.806135864257812500e+02
2.811795043945312500e+02
2.820443115234375000e+02
2.813297119140625000e+02
2.812691040039062500e+02
2.816777343750000000e+02
2.823376770019531250e+02
2.812211303710937500e+02
2.816298828125000000e+02
2.814318847656250000e+02
2.822482299804687500e+02
2.817985229492187500e+02
2.809812316894531250e+02
2.834866943359375000e+02
2.820684509277343750e+02
2.827332153320312500e+02
2.818585815429687500e+02
2.799985656738281250e+02
2.807159729003906250e+02
2.825059814453125000e+02
2.812691040039062500e+02
2.819902038574218750e+02
2.807159729003906250e+02
2.833197326660156250e+02
2.801556396484375000e+02
2.818464660644531250e+02
2.796774902343750000e+02
2.804436645507812500e+02
2.807030944824218750e+02
2.805047607421875000e+02
2.797387390136718750e+02
2.801492004394531250e+02
2.802100830078125000e+02
2.794371032714843750e+02
2.808726501464843750e+02
2.808246459960937500e+02
2.761957702636718750e+02
2.769072265625000000e+02
2.753999328613281250e+02
2.778374938964843750e+02
2.772175903320312500e+02
2.784629211425781250e+02
2.772726745605468750e+02
2.807159729003906250e+02
2.804022521972656250e+02
2.806679687500000000e+02
2.805718688964843750e+02
2.820085754394531250e+02
2.830207824707031250e+02
2.816841125488281250e+02
2.814192199707031250e+02
2.816298828125000000e+02
2.815402526855468750e+02
2.783181457519531250e+02
2.763894042968750000e+02
2.771692810058593750e+02
2.756077270507812500e+02
2.788134765625000000e+02
2.770038757324218750e+02
2.801011657714843750e+02
2.797452392578125000e+02
2.815881958007812500e+02
2.798959655761718750e+02
2.795879516601562500e+02
2.788682250976562500e+02
2.789711303710937500e+02
2.782983398437500000e+02
2.777756958007812500e+02
2.796425476074218750e+02
2.753515014648437500e+02
2.786623229980468750e+02
2.806071777343750000e+02
2.797387390136718750e+02
2.795814208984375000e+02
2.799920654296875000e+02
2.798959655761718750e+02
2.801011657714843750e+02
2.797997741699218750e+02
2.802581481933593750e+02
2.779956359863281250e+02
2.810772399902343750e+02
2.806742248535156250e+02
2.807285156250000000e+02
2.797516174316406250e+02
2.803125915527343750e+02
2.804756774902343750e+02
2.804213562011718750e+02
2.807766113281250000e+02
2.796971130371093750e+02
2.805175170898437500e+02
2.794917297363281250e+02
2.805175170898437500e+02
2.795944519042968750e+02
2.816423645019531250e+02
2.813839111328125000e+02
2.818403015136718750e+02
2.815756530761718750e+02
2.812211303710937500e+02
2.821524353027343750e+02
2.795462646484375000e+02
2.829308471679687500e+02
2.813001708984375000e+02
2.783532409667968750e+02
2.780438842773437500e+02
2.785526428222656250e+02
2.802100830078125000e+02
2.805718688964843750e+02
2.808308410644531250e+02
2.818045959472656250e+02
2.787586364746093750e+02
2.781816101074218750e+02
2.789510498046875000e+02
2.798762207031250000e+02
2.796774902343750000e+02
2.804022521972656250e+02
2.806071777343750000e+02
2.804502258300781250e+02
2.805526733398437500e+02
2.795747985839843750e+02
2.798828735351562500e+02
2.808533630371093750e+02
2.809557495117187500e+02
2.801840515136718750e+02
2.810036621093750000e+02
2.794653320312500000e+02
2.799854736328125000e+02
2.791635742187500000e+02
2.798414001464843750e+02
2.819423217773437500e+02
2.813776245117187500e+02
2.825059814453125000e+02
2.814255676269531250e+02
2.801906433105468750e+02
2.804502258300781250e+02
2.805047607421875000e+02
2.835287475585937500e+02
2.797997741699218750e+02
2.792249755859375000e+02
2.796841125488281250e+02
2.798348388671875000e+02
2.801427001953125000e+02
2.820380859375000000e+02
2.797321777343750000e+02
2.815819702148437500e+02
2.790674133300781250e+02
2.829609375000000000e+02
2.839764404296875000e+02
2.824458312988281250e+02
2.812147521972656250e+02
2.809078369140625000e+02
2.816235351562500000e+02
2.805591430664062500e+02
2.823980102539062500e+02
2.781884765625000000e+02
2.769968872070312500e+02
2.784428405761718750e+02
2.795267028808593750e+02
2.786489257812500000e+02
2.807095947265625000e+02
2.786489257812500000e+02
2.790126342773437500e+02
2.775139770507812500e+02
2.795267028808593750e+02
2.803542480468750000e+02
2.830686645507812500e+02
2.823562622070312500e+02
2.828652343750000000e+02
2.785526428222656250e+02
2.789645385742187500e+02
2.787038269042968750e+02
2.789163818359375000e+02
2.816903381347656250e+02
2.800466613769531250e+02
2.822003479003906250e+02
2.813297119140625000e+02
2.832778015136718750e+02
2.821584777832031250e+02
2.782501525878906250e+02
2.768381042480468750e+02
2.747540588378906250e+02
2.765130310058593750e+02
2.784771118164062500e+02
2.791499938964843750e+02
2.795200500488281250e+02
2.798828735351562500e+02
2.807030944824218750e+02
2.821274108886718750e+02
2.800335083007812500e+02
2.815627136230468750e+02
2.810101318359375000e+02
2.803957214355468750e+02
2.835645751953125000e+02
2.816777343750000000e+02
2.837198486328125000e+02
2.814192199707031250e+02
2.818819580078125000e+02
2.812147521972656250e+02
2.810101318359375000e+02
2.837735900878906250e+02
2.809206848144531250e+02
2.813839111328125000e+02
2.823083496093750000e+02
2.803606567382812500e+02
2.814318847656250000e+02
2.821400451660156250e+02
2.834212951660156250e+02
2.862052307128906250e+02
2.846912536621093750e+02
2.840359497070312500e+02
2.852976684570312500e+02
2.843398742675781250e+02
2.826138610839843750e+02
2.822003479003906250e+02
2.829130859375000000e+02
2.826617126464843750e+02
2.824641418457031250e+02
2.828712158203125000e+02
2.847559814453125000e+02
2.861261596679687500e+02
2.877439270019531250e+02
2.812399291992187500e+02
2.790192871093750000e+02
2.791702575683593750e+02
2.797933349609375000e+02
2.807766113281250000e+02
2.821044921875000000e+02
2.817025451660156250e+02
2.815944213867187500e+02
2.814563293457031250e+02
2.823202514648437500e+02
2.802997436523437500e+02
2.792249755859375000e+02
2.799854736328125000e+02
2.801427001953125000e+02
2.815277099609375000e+02
2.815819702148437500e+02
2.807639770507812500e+02
2.813169555664062500e+02
2.813776245117187500e+02
2.819484863281250000e+02
2.804567260742187500e+02
2.800946350097656250e+02
2.797801818847656250e+02
2.790606994628906250e+02
2.795200500488281250e+02
2.794786376953125000e+02
2.795814208984375000e+02
2.791833801269531250e+02
2.797452392578125000e+02
2.817444458007812500e+02
2.822482299804687500e+02
2.809206848144531250e+02
2.811795043945312500e+02
2.825180053710937500e+02
2.810354309082031250e+02
2.815043945312500000e+02
2.861261596679687500e+02
2.795398559570312500e+02
2.783397827148437500e+02
2.784840698242187500e+02
2.787931518554687500e+02
2.799788513183593750e+02
2.799309082031250000e+02
2.806006774902343750e+02
2.809622497558593750e+02
2.814381103515625000e+02
2.829250488281250000e+02
2.805175170898437500e+02
2.800466613769531250e+02
2.802452697753906250e+02
2.804022521972656250e+02
2.814192199707031250e+02
2.812691040039062500e+02
2.815340576171875000e+02
2.823022460937500000e+02
2.827095947265625000e+02
2.833256530761718750e+02
2.833315429687500000e+02
2.824759521484375000e+02
2.816545410156250000e+02
2.813359680175781250e+02
2.813839111328125000e+02
2.819902038574218750e+02
2.809686279296875000e+02
2.816841125488281250e+02
2.808726501464843750e+02
2.804694213867187500e+02
2.817505187988281250e+02
2.809749755859375000e+02
2.817319641113281250e+02
2.806071777343750000e+02
2.819902038574218750e+02
2.804567260742187500e+02
2.806679687500000000e+02
2.816423645019531250e+02
2.810354309082031250e+02
2.818045959472656250e+02
2.817025451660156250e+02
2.826138610839843750e+02
2.827156066894531250e+02
2.832181396484375000e+02
2.828591918945312500e+02
2.830025939941406250e+02
2.818277282714843750e+02
2.809078369140625000e+02
2.805047607421875000e+02
2.818403015136718750e+02
2.811795043945312500e+02
2.823022460937500000e+02
2.822063903808593750e+02
2.825659179687500000e+02
2.850002746582031250e+02
2.835460205078125000e+02
2.844156188964843750e+02
2.827332153320312500e+02
2.830267028808593750e+02
2.801744384765625000e+02
2.985806884765625000e+02
2.816064758300781250e+02
2.822604370117187500e+02
2.794786376953125000e+02
2.789097290039062500e+02
2.794786376953125000e+02
2.807639770507812500e+02
2.806199035644531250e+02
2.806199035644531250e+02
2.814922790527343750e+02
2.817444458007812500e+02
2.806679687500000000e+02
2.819964294433593750e+02
2.810772399902343750e+02
2.816361389160156250e+02
2.814798278808593750e+02
2.801492004394531250e+02
2.806135864257812500e+02
2.810772399902343750e+02
2.804213562011718750e+02
2.812399291992187500e+02
2.811498718261718750e+02
2.822183532714843750e+02
2.812520141601562500e+02
2.822183532714843750e+02
2.822183532714843750e+02
2.823143615722656250e+02
2.815524597167968750e+02
2.815043945312500000e+02
2.805903015136718750e+02
2.809995117187500000e+02
2.820742797851562500e+02
2.829845886230468750e+02
2.823202514648437500e+02
2.836474914550781250e+02
2.832893981933593750e+02
2.823202514648437500e+02
2.817025451660156250e+02
2.826138610839843750e+02
2.817985229492187500e+02
2.830626220703125000e+02
2.819964294433593750e+02
2.836183776855468750e+02
2.825538330078125000e+02
2.831224365234375000e+02
2.838867492675781250e+02
2.832893981933593750e+02
2.843034362792968750e+02
2.840530090332031250e+02
2.858663635253906250e+02
2.843568115234375000e+02
2.840952453613281250e+02
2.818525390625000000e+02
2.816423645019531250e+02
2.823562622070312500e+02
2.837795104980468750e+02
2.826617126464843750e+02
2.835706176757812500e+02
2.829609375000000000e+02
2.822961120605468750e+02
2.814860839843750000e+02
2.817923583984375000e+02
2.819484863281250000e+02
2.819484863281250000e+02
2.822124633789062500e+02
2.821164855957031250e+02
2.834981079101562500e+02
2.835036315917968750e+02
2.848733520507812500e+02
2.842611083984375000e+02
2.848201599121093750e+02
2.850222167968750000e+02
2.832470703125000000e+02
2.841008605957031250e+02
2.830861816406250000e+02
2.827215881347656250e+02
2.831340942382812500e+02
2.831820373535156250e+02
2.853143615722656250e+02
2.862161865234375000e+02
2.834330444335937500e+02
2.837853698730468750e+02
2.835403442382812500e+02
2.848570556640625000e+02
2.848570556640625000e+02
2.834809265136718750e+02
2.816964721679687500e+02
2.826078186035156250e+02
2.829130859375000000e+02
2.834152832031250000e+02
2.826017150878906250e+02
2.848342590332031250e+02
2.845900878906250000e+02
2.848935241699218750e+02
2.843456115722656250e+02
2.832778015136718750e+02
2.835345764160156250e+02
2.833793640136718750e+02
2.844524841308593750e+02
2.847026062011718750e+02
2.851656494140625000e+02
2.834445190429687500e+02
2.824759521484375000e+02
2.819723510742187500e+02
2.832893981933593750e+02
2.852023315429687500e+02
2.841430358886718750e+02
2.845423583984375000e+02
2.833793640136718750e+02
2.850956726074218750e+02
2.845423583984375000e+02
2.847503662109375000e+02
2.845480651855468750e+02
2.842021789550781250e+02
2.852078857421875000e+02
2.849103698730468750e+02
2.851601867675781250e+02
2.846070556640625000e+02
2.852134399414062500e+02
2.850646667480468750e+02
2.850591430664062500e+02
2.841487426757812500e+02
2.859561767578125000e+02
2.844945983886718750e+02
2.838331604003906250e+02
2.825180053710937500e+02
2.831283264160156250e+02
2.827274169921875000e+02
2.835403442382812500e+02
2.827274169921875000e+02
2.836896972656250000e+02
2.851601867675781250e+02
2.854575195312500000e+02
2.839403686523437500e+02
2.836360473632812500e+02
2.840952453613281250e+02
2.848037414550781250e+02
2.846603698730468750e+02
2.824161987304687500e+02
2.815944213867187500e+02
2.832718811035156250e+02
2.819545593261718750e+02
2.824581298828125000e+02
2.821584777832031250e+02
2.841008605957031250e+02
2.833909301757812500e+02
2.842555847167968750e+02
2.850646667480468750e+02
2.848201599121093750e+02
2.841652832031250000e+02
2.846658325195312500e+02
2.836896972656250000e+02
2.839403686523437500e+02
2.838809509277343750e+02
2.836780395507812500e+02
2.823562622070312500e+02
2.829669494628906250e+02
2.829729003906250000e+02
2.843934020996093750e+02
2.837432556152343750e+02
2.845536804199218750e+02
2.835939331054687500e+02
2.846548461914062500e+02
2.851124267578125000e+02
2.846070556640625000e+02
2.849048461914062500e+02
2.847503662109375000e+02
2.843398742675781250e+02
2.846435546875000000e+02
2.849468994140625000e+02
2.824581298828125000e+02
2.814860839843750000e+02
2.822482299804687500e+02
2.819423217773437500e+02
2.821463012695312500e+02
2.812274780273437500e+02
2.832120666503906250e+02
2.827574768066406250e+02
2.837198486328125000e+02
2.830148010253906250e+02
2.830148010253906250e+02
2.834272155761718750e+02
2.838809509277343750e+02
2.839345397949218750e+02
2.844888610839843750e+02
2.833793640136718750e+02
2.839881286621093750e+02
2.845480651855468750e+02
2.849525451660156250e+02
2.849525451660156250e+02
2.845423583984375000e+02
2.850536499023437500e+02
2.849468994140625000e+02
2.849945983886718750e+02
2.848935241699218750e+02
2.845900878906250000e+02
2.852976684570312500e+02
2.847447204589843750e+02
2.848458251953125000e+02
2.847447204589843750e+02
2.847924194335937500e+02
2.849468994140625000e+02
2.860037536621093750e+02
2.846912536621093750e+02
2.841908264160156250e+02
2.833793640136718750e+02
2.828712158203125000e+02
2.820025329589843750e+02
2.815402526855468750e+02
2.820984191894531250e+02
2.822543334960937500e+02
2.825599365234375000e+02
2.819545593261718750e+02
2.825718688964843750e+02
2.825718688964843750e+02
2.826256713867187500e+02
2.832357177734375000e+02
2.824700622558593750e+02
2.827753601074218750e+02
2.833793640136718750e+02
2.834330444335937500e+02
2.843512573242187500e+02
2.844524841308593750e+02
2.844046630859375000e+02
2.840473937988281250e+02
2.824700622558593750e+02
2.825180053710937500e+02
2.825059814453125000e+02
2.824041442871093750e+02
2.828113403320312500e+02
2.834750671386718750e+02
2.841850585937500000e+02
2.836780395507812500e+02
2.843876037597656250e+02
2.845423583984375000e+02
2.779339294433593750e+02
2.784496154785156250e+02
2.804567260742187500e+02
2.808663330078125000e+02
2.825238952636718750e+02
2.777825012207031250e+02
2.783809814453125000e+02
2.798762207031250000e+02
2.813169555664062500e+02
2.814734802246093750e+02
2.821941528320312500e+02
2.819423217773437500e+02
2.834212951660156250e+02
2.830745544433593750e+02
2.820625610351562500e+02
2.801138610839843750e+02
2.809749755859375000e+02
2.797387390136718750e+02
2.826556701660156250e+02
2.853089294433593750e+02
2.828113403320312500e+02
2.826017150878906250e+02
2.829548034667968750e+02
2.829548034667968750e+02
2.834690551757812500e+02
2.840241394042968750e+02
2.827574768066406250e+02
2.829250488281250000e+02
2.830267028808593750e+02
2.858609008789062500e+02
2.836780395507812500e+02
2.835765686035156250e+02
2.830324707031250000e+02
2.802517395019531250e+02
2.835765686035156250e+02
2.837375183105468750e+02
2.850114135742187500e+02
2.818105773925781250e+02
2.822722778320312500e+02
2.834330444335937500e+02
2.830207824707031250e+02
2.823202514648437500e+02
2.843623352050781250e+02
2.813421020507812500e+02
2.832658996582031250e+02
2.830207824707031250e+02
2.836896972656250000e+02
2.850536499023437500e+02
2.836243896484375000e+02
2.837735900878906250e+02
2.832299499511718750e+02
2.818464660644531250e+02
2.832718811035156250e+02
2.858077697753906250e+02
2.857601013183593750e+02
2.811315307617187500e+02
2.824759521484375000e+02
2.833315429687500000e+02
2.838809509277343750e+02
2.827574768066406250e+02
2.852023315429687500e+02
2.864650573730468750e+02
2.845002746582031250e+02
2.818585815429687500e+02
2.846969909667968750e+02
2.847447204589843750e+02
2.858553771972656250e+02
2.865180053710937500e+02
2.847503662109375000e+02
2.842385864257812500e+02
2.835287475585937500e+02
2.840301208496093750e+02
2.863168029785156250e+02
2.844468383789062500e+02
2.817923583984375000e+02
2.849411926269531250e+02
2.847924194335937500e+02
2.842327575683593750e+02
2.851013488769531250e+02
2.861154785156250000e+02
2.848092956542968750e+02
2.846492309570312500e+02
2.849525451660156250e+02
2.848570556640625000e+02
2.850058898925781250e+02
2.855051879882812500e+02
2.857601013183593750e+02
2.853089294433593750e+02
2.858132324218750000e+02
2.844468383789062500e+02
2.843512573242187500e+02
2.847615051269531250e+02
2.844468383789062500e+02
2.846377868652343750e+02
2.846377868652343750e+02
2.847924194335937500e+02
2.845842895507812500e+02
2.835228576660156250e+02
2.849888610839843750e+02
2.846854553222656250e+02
2.844888610839843750e+02
2.851013488769531250e+02
2.840416870117187500e+02
2.849525451660156250e+02
2.856060791015625000e+02
2.843934020996093750e+02
2.845423583984375000e+02
2.846969909667968750e+02
2.842443237304687500e+02
2.847082214355468750e+02
2.838446655273437500e+02
2.841965026855468750e+02
2.833315429687500000e+02
2.830207824707031250e+02
2.837853698730468750e+02
2.848458251953125000e+02
2.863059387207031250e+02
2.847447204589843750e+02
2.852976684570312500e+02
2.855528564453125000e+02
2.852443237304687500e+02
2.841314697265625000e+02
2.840837097167968750e+02
2.840359497070312500e+02
2.834330444335937500e+02
2.841487426757812500e+02
2.847026062011718750e+02
2.838389282226562500e+02
2.848935241699218750e+02
2.839823303222656250e+02
2.842327575683593750e+02
2.847447204589843750e+02
2.858077697753906250e+02
2.847981262207031250e+02
2.853565979003906250e+02
2.870249023437500000e+02
2.867152099609375000e+02
2.836302795410156250e+02
2.840837097167968750e+02
2.853565979003906250e+02
2.848992004394531250e+02
2.852556152343750000e+02
2.844945983886718750e+02
2.838867492675781250e+02
2.827694702148437500e+02
2.836780395507812500e+02
2.835706176757812500e+02
2.833197326660156250e+02
2.842863464355468750e+02
2.846912536621093750e+02
2.817505187988281250e+02
2.832718811035156250e+02
2.832658996582031250e+02
2.830148010253906250e+02
2.833197326660156250e+02
2.837735900878906250e+02
2.833734741210937500e+02
2.845365905761718750e+02
2.845307312011718750e+02
2.840718688964843750e+02
2.837676086425781250e+02
2.839227600097656250e+02
2.839823303222656250e+02
2.834809265136718750e+02
2.830804138183593750e+02
2.849048461914062500e+02
2.844468383789062500e+02
2.833734741210937500e+02
2.836243896484375000e+02
2.831104431152343750e+02
2.822003479003906250e+02
2.812817077636718750e+02
2.823022460937500000e+02
2.816361389160156250e+02
2.836183776855468750e+02
2.831042785644531250e+02
2.831042785644531250e+02
2.823917541503906250e+02
2.820922241210937500e+02
2.829130859375000000e+02
2.831820373535156250e+02
2.824161987304687500e+02
2.824161987304687500e+02
2.824161987304687500e+02
2.825659179687500000e+02
2.829787597656250000e+02
2.828291625976562500e+02
2.841430358886718750e+02
2.847389526367187500e+02
2.837198486328125000e+02
2.831042785644531250e+02
2.835168151855468750e+02
2.843876037597656250e+02
2.833197326660156250e+02
2.833197326660156250e+02
2.838690490722656250e+02
2.791961975097656250e+02
2.766653747558593750e+02
2.783116149902343750e+02
2.792315673828125000e+02
2.789229736328125000e+02
2.805111694335937500e+02
2.790258483886718750e+02
2.799087829589843750e+02
2.808851013183593750e+02
2.826256713867187500e+02
2.815524597167968750e+02
2.827812194824218750e+02
2.807347106933593750e+02
2.802164001464843750e+02
2.788747863769531250e+02
2.802644958496093750e+02
2.796425476074218750e+02
2.799440307617187500e+02
2.791221618652343750e+02
2.782983398437500000e+02
2.795944519042968750e+02
2.804694213867187500e+02
2.803732299804687500e+02
2.799693908691406250e+02
2.785241699218750000e+02
2.775826721191406250e+02
2.794371032714843750e+02
2.800946350097656250e+02
2.788134765625000000e+02
2.804086914062500000e+02
2.813839111328125000e+02
2.813962097167968750e+02
2.812940979003906250e+02
2.813962097167968750e+02
2.812337341308593750e+02
2.810645446777343750e+02
2.806551513671875000e+02
2.810645446777343750e+02
2.811731872558593750e+02
2.814318847656250000e+02
2.812337341308593750e+02
2.814922790527343750e+02
2.821105346679687500e+02
2.822124633789062500e+02
2.816545410156250000e+02
2.814442443847656250e+02
2.790740051269531250e+02
2.812274780273437500e+02
2.791221618652343750e+02
2.818944396972656250e+02
2.790740051269531250e+02
2.816903381347656250e+02
2.802517395019531250e+02
2.820380859375000000e+02
2.819902038574218750e+02
2.804022521972656250e+02
2.824998474121093750e+02
2.810709533691406250e+02
2.832718811035156250e+02
2.833734741210937500e+02
2.818403015136718750e+02
2.815881958007812500e+02
2.820922241210937500e+02
2.822898864746093750e+02
2.822420349121093750e+02
2.815277099609375000e+02
2.814192199707031250e+02
2.817256164550781250e+02
2.813712768554687500e+02
2.811188964843750000e+02
2.807095947265625000e+02
2.823501281738281250e+02
2.796906433105468750e+02
2.806199035644531250e+02
2.821584777832031250e+02
2.829250488281250000e+02
2.780987854003906250e+02
2.767968444824218750e+02
2.795333557128906250e+02
2.801619567871093750e+02
2.768037414550781250e+02
2.751364746093750000e+02
2.765343933105468750e+02
2.764237060546875000e+02
2.772658691406250000e+02
2.799375000000000000e+02
2.805526733398437500e+02
2.816903381347656250e+02
2.802581481933593750e+02
2.773760375976562500e+02
2.776309509277343750e+02
2.800401000976562500e+02
2.794720458984375000e+02
2.797255249023437500e+02
2.787519226074218750e+02
2.773277282714843750e+02
2.810772399902343750e+02
2.789229736328125000e+02
2.825538330078125000e+02
2.802036743164062500e+02
2.825599365234375000e+02
2.830148010253906250e+02
2.809686279296875000e+02
2.808054809570312500e+02
2.804436645507812500e+02
2.816713867187500000e+02
2.808533630371093750e+02
2.804981994628906250e+02
2.811188964843750000e+02
2.822482299804687500e+02
2.800530700683593750e+02
2.816484680175781250e+02
2.826736755371093750e+02
2.794562377929687500e+02
2.778789367675781250e+02
2.798478698730468750e+02
2.821584777832031250e+02
2.830745544433593750e+02
2.814983520507812500e+02
2.820625610351562500e+02
2.835939331054687500e+02
2.805237731933593750e+02
2.790674133300781250e+02
2.793759155273437500e+02
2.806679687500000000e+02
2.799985656738281250e+02
2.802452697753906250e+02
2.801906433105468750e+02
2.824458312988281250e+02
2.805461730957031250e+02
2.827451171875000000e+02
2.814127502441406250e+02
2.818755493164062500e+02
2.803891296386718750e+02
2.815692138671875000e+02
2.799788513183593750e+02
2.800401000976562500e+02
2.799309082031250000e+02
2.812147521972656250e+02
2.802386474609375000e+02
2.818277282714843750e+02
2.816170654296875000e+02
2.806485900878906250e+02
2.797255249023437500e+02
2.806551513671875000e+02
2.793144531250000000e+02
2.811059570312500000e+02
2.806485900878906250e+02
2.805940856933593750e+02
2.804502258300781250e+02
2.802932128906250000e+02
2.810101318359375000e+02
2.811603698730468750e+02
2.812691040039062500e+02
2.809143066406250000e+02
2.809622497558593750e+02
2.814255676269531250e+02
2.821879272460937500e+02
2.824331970214843750e+02
2.825892333984375000e+02
2.812147521972656250e+02
2.793759155273437500e+02
2.792249755859375000e+02
2.789163818359375000e+02
2.804631347656250000e+02
2.805718688964843750e+02
2.814922790527343750e+02
2.815944213867187500e+02
2.820984191894531250e+02
2.835765686035156250e+02
2.821463012695312500e+02
2.819423217773437500e+02
2.820505065917968750e+02
2.815881958007812500e+02
2.816361389160156250e+02
2.838272705078125000e+02
2.843818054199218750e+02
2.840778198242187500e+02
2.838272705078125000e+02
2.835228576660156250e+02
2.837317504882812500e+02
2.840359497070312500e+02
2.842327575683593750e+02
2.828052673339843750e+02
2.817798461914062500e+02
2.811668395996093750e+02
2.810166320800781250e+02
2.810292663574218750e+02
2.808789367675781250e+02
2.809812316894531250e+02
2.818944396972656250e+02
2.817985229492187500e+02
2.818045959472656250e+02
2.801619567871093750e+02
2.800594482421875000e+02
2.801556396484375000e+02
2.810772399902343750e+02
2.813962097167968750e+02
2.830324707031250000e+02
2.822242431640625000e+02
2.808431091308593750e+02
2.804275512695312500e+02
2.774725952148437500e+02
2.794653320312500000e+02
2.808119506835937500e+02
2.797387390136718750e+02
2.799920654296875000e+02
2.813233642578125000e+02
2.811731872558593750e+02
2.808726501464843750e+02
2.814381103515625000e+02
2.815944213867187500e+02
2.819066162109375000e+02
2.832836608886718750e+02
2.822663879394531250e+02
2.808726501464843750e+02
2.810709533691406250e+02
2.810166320800781250e+02
2.813601379394531250e+02
2.819665222167968750e+02
2.812460327148437500e+02
2.825718688964843750e+02
2.819005432128906250e+02
2.820565185546875000e+02
2.810230102539062500e+02
2.813359680175781250e+02
2.803125915527343750e+02
2.835287475585937500e+02
2.826617126464843750e+02
2.822482299804687500e+02
2.822961120605468750e+02
2.826017150878906250e+02
2.829548034667968750e+02
2.819964294433593750e+02
2.823980102539062500e+02
2.821524353027343750e+02
2.817923583984375000e+02
2.814860839843750000e+02
2.827095947265625000e+02
2.807222900390625000e+02
2.819005432128906250e+02
2.817025451660156250e+02
2.823622741699218750e+02
2.819606018066406250e+02
2.824700622558593750e+02
2.809393005371093750e+02
2.817085266113281250e+02
2.809934997558593750e+02
2.804336547851562500e+02
2.823260803222656250e+02
2.810476074218750000e+02
2.807407836914062500e+02
2.808308410644531250e+02
2.816777343750000000e+02
2.805526733398437500e+02
2.820317993164062500e+02
2.811188964843750000e+02
2.808726501464843750e+02
2.811795043945312500e+02
2.805718688964843750e+02
2.814860839843750000e+02
2.823622741699218750e+02
2.845957946777343750e+02
2.824161987304687500e+02
2.830745544433593750e+02
2.830745544433593750e+02
2.835287475585937500e+02
2.822124633789062500e+02
2.818525390625000000e+02
2.816484680175781250e+02
2.794981079101562500e+02
2.812399291992187500e+02
2.810354309082031250e+02
2.800175476074218750e+02
2.844411621093750000e+02
2.824641418457031250e+02
2.830148010253906250e+02
2.833315429687500000e+02
2.824220581054687500e+02
2.829190979003906250e+02
2.803670043945312500e+02
2.824817199707031250e+02
2.837544555664062500e+02
2.820145568847656250e+02
2.825659179687500000e+02
2.812817077636718750e+02
2.805175170898437500e+02
2.813359680175781250e+02
2.826617126464843750e+02
2.838809509277343750e+02
2.846912536621093750e+02
2.840895080566406250e+02
2.851490173339843750e+02
2.849581298828125000e+02
2.847136535644531250e+02
2.865711669921875000e+02
2.856647644042968750e+02
2.842385864257812500e+02
2.834272155761718750e+02
2.840301208496093750e+02
2.835824279785156250e+02
2.842921142578125000e+02
2.833851928710937500e+02
2.845480651855468750e+02
2.824700622558593750e+02
2.841008605957031250e+02
2.815103454589843750e+02
2.820262145996093750e+02
2.813717041015625000e+02
2.810112915039062500e+02
2.814442443847656250e+02
2.811376953125000000e+02
2.836780395507812500e+02
2.823562622070312500e+02
2.841008605957031250e+02
2.849635925292968750e+02
2.850591430664062500e+02
2.845957946777343750e+02
2.834272155761718750e+02
2.835287475585937500e+02
2.838809509277343750e+02
2.842385864257812500e+02
2.837853698730468750e+02
2.834866943359375000e+02
2.835403442382812500e+02
2.830919189453125000e+02
2.834981079101562500e+02
2.832893981933593750e+02
2.830324707031250000e+02
2.826795043945312500e+02
2.824336853027343750e+02
2.820204162597656250e+02
2.831398620605468750e+02
2.831398620605468750e+02
2.846070556640625000e+02
2.819360961914062500e+02
2.826017150878906250e+02
2.819423217773437500e+02
2.818464660644531250e+02
2.825599365234375000e+02
2.842385864257812500e+02
2.833315429687500000e+02
2.840416870117187500e+02
2.832836608886718750e+02
2.835516052246093750e+02
2.837009887695312500e+02
2.845592346191406250e+02
2.840473937988281250e+02
2.837375183105468750e+02
2.849103698730468750e+02
2.849581298828125000e+02
2.851546325683593750e+02
2.833256530761718750e+02
2.848400878906250000e+02
2.839227600097656250e+02
2.839227600097656250e+02
2.829070129394531250e+02
2.828291625976562500e+02
2.842021789550781250e+02
2.841542663574218750e+02
2.837009887695312500e+02
2.842555847167968750e+02
2.821164855957031250e+02
2.810415649414062500e+02
2.819066162109375000e+02
2.812399291992187500e+02
2.821524353027343750e+02
2.833734741210937500e+02
2.838331604003906250e+02
2.853453674316406250e+02
2.857013549804687500e+02
2.845957946777343750e+02
2.836838684082031250e+02
2.839403686523437500e+02
2.835882263183593750e+02
2.844046630859375000e+02
2.857124633789062500e+02
2.869715270996093750e+02
2.863221740722656250e+02
2.837489318847656250e+02
2.846548461914062500e+02
2.846969909667968750e+02
2.843456115722656250e+02
2.864704284667968750e+02
2.847559814453125000e+02
2.850591430664062500e+02
2.838389282226562500e+02
2.821584777832031250e+02
2.819005432128906250e+02
2.823083496093750000e+02
2.817505187988281250e+02
2.827156066894531250e+02
2.829729003906250000e+02
2.828712158203125000e+02
2.827694702148437500e+02
2.831340942382812500e+02
2.838446655273437500e+02
2.834924621582031250e+02
2.842500000000000000e+02
2.847026062011718750e+02
2.855107116699218750e+02
2.850002746582031250e+02
2.835824279785156250e+02
2.850422973632812500e+02
2.845900878906250000e+02
2.840359497070312500e+02
2.838867492675781250e+02
2.834330444335937500e+02
2.827694702148437500e+02
2.846435546875000000e+02
2.835287475585937500e+02
2.841314697265625000e+02
2.824041442871093750e+02
2.835706176757812500e+02
2.827634887695312500e+02
2.829130859375000000e+02
2.823562622070312500e+02
2.828113403320312500e+02
2.825120544433593750e+02
2.826138610839843750e+02
2.829250488281250000e+02
2.832893981933593750e+02
2.838023986816406250e+02
2.829845886230468750e+02
2.831164855957031250e+02
2.818464660644531250e+02
2.829669494628906250e+02
2.832240600585937500e+02
2.836302795410156250e+02
2.833734741210937500e+02
2.843398742675781250e+02
2.843398742675781250e+02
2.846969909667968750e+02
2.841850585937500000e+02
2.839287109375000000e+02
2.841791992187500000e+02
2.841314697265625000e+02
2.842805175781250000e+02
2.842327575683593750e+02
2.853453674316406250e+02
2.845423583984375000e+02
2.843934020996093750e+02
2.837853698730468750e+02
2.844411621093750000e+02
2.837795104980468750e+02
2.842327575683593750e+02
2.843340759277343750e+02
2.852919616699218750e+02
2.848877868652343750e+02
2.851909790039062500e+02
2.847924194335937500e+02
2.839287109375000000e+02
2.847447204589843750e+02
2.847389526367187500e+02
2.846377868652343750e+02
2.845900878906250000e+02
2.841908264160156250e+02
2.845957946777343750e+02
2.841430358886718750e+02
2.842921142578125000e+02
2.842921142578125000e+02
2.841908264160156250e+02
2.853089294433593750e+02
2.842921142578125000e+02
2.846492309570312500e+02
2.834866943359375000e+02
2.842021789550781250e+02
2.849581298828125000e+02
2.856115722656250000e+02
2.831702575683593750e+02
2.824041442871093750e+02
2.826556701660156250e+02
2.825059814453125000e+02
2.839287109375000000e+02
2.831761779785156250e+02
2.837375183105468750e+02
2.831877746582031250e+02
2.839403686523437500e+02
2.839881286621093750e+02
2.837853698730468750e+02
2.852443237304687500e+02
2.841372985839843750e+02
2.837795104980468750e+02
2.846912536621093750e+02
2.847981262207031250e+02
2.858021850585937500e+02
2.856060791015625000e+02
2.854042968750000000e+02
2.842385864257812500e+02
2.840778198242187500e+02
2.837198486328125000e+02
2.824998474121093750e+02
2.833734741210937500e+02
2.825599365234375000e+02
2.826617126464843750e+02
2.830207824707031250e+02
2.826677246093750000e+02
2.846969909667968750e+02
2.833674926757812500e+02
2.843758850097656250e+02
2.842268676757812500e+02
2.851433410644531250e+02
2.850956726074218750e+02
2.842805175781250000e+02
2.842805175781250000e+02
2.835824279785156250e+02
2.826556701660156250e+02
2.833614501953125000e+02
2.840301208496093750e+02
2.832778015136718750e+02
2.849468994140625000e+02
2.832718811035156250e+02
2.836780395507812500e+02
2.816903381347656250e+02
2.822063903808593750e+02
2.830804138183593750e+02
2.823022460937500000e+02
2.818464660644531250e+02
2.823562622070312500e+02
2.814503479003906250e+02
2.821105346679687500e+02
2.822663879394531250e+02
2.823622741699218750e+02
2.826078186035156250e+02
2.824519958496093750e+02
2.823501281738281250e+02
2.823980102539062500e+02
2.822961120605468750e+02
2.824041442871093750e+02
2.830686645507812500e+02
2.826138610839843750e+02
2.817382507324218750e+02
2.810709533691406250e+02
2.823439331054687500e+02
2.826433105468750000e+02
2.829008789062500000e+02
2.818882141113281250e+02
2.820443115234375000e+02
2.829669494628906250e+02
2.814983520507812500e+02
2.822604370117187500e+02
2.823622741699218750e+02
2.815043945312500000e+02
2.822124633789062500e+02
2.813482055664062500e+02
2.798414001464843750e+02
2.809078369140625000e+02
2.804436645507812500e+02
2.806071777343750000e+02
2.792731018066406250e+02
2.813359680175781250e+02
2.812337341308593750e+02
2.813297119140625000e+02
2.812211303710937500e+02
2.807095947265625000e+02
2.818944396972656250e+02
2.813297119140625000e+02
2.810835266113281250e+02
2.808789367675781250e+02
2.814922790527343750e+02
2.815881958007812500e+02
2.812817077636718750e+02
2.818403015136718750e+02
2.810230102539062500e+02
2.816298828125000000e+02
2.782297363281250000e+02
2.803477172851562500e+02
2.796906433105468750e+02
2.809622497558593750e+02
2.798828735351562500e+02
2.798348388671875000e+02
2.784909973144531250e+02
2.782297363281250000e+02
2.786489257812500000e+02
2.794172973632812500e+02
2.788480834960937500e+02
2.790674133300781250e+02
2.811731872558593750e+02
2.817319641113281250e+02
2.835046081542968750e+02
2.816713867187500000e+02
2.808599243164062500e+02
2.809749755859375000e+02
2.783598632812500000e+02
2.787038269042968750e+02
2.784496154785156250e+02
2.792315673828125000e+02
2.779956359863281250e+02
2.767001953125000000e+02
2.759192199707031250e+02
2.753515014648437500e+02
2.791155090332031250e+02
2.792116699218750000e+02
2.798894653320312500e+02
2.796906433105468750e+02
2.807222900390625000e+02
2.813962097167968750e+02
2.809269714355468750e+02
2.785044860839843750e+02
2.789163818359375000e+02
2.810709533691406250e+02
2.832181396484375000e+02
2.816361389160156250e+02
2.804502258300781250e+02
2.815692138671875000e+02
2.819776000976562500e+02
2.811668395996093750e+02
2.806071777343750000e+02
2.824519958496093750e+02
2.817861633300781250e+02
2.821400451660156250e+02
2.811731872558593750e+02
2.821400451660156250e+02
2.814255676269531250e+02
2.816235351562500000e+02
2.820859680175781250e+02
2.814860839843750000e+02
2.820145568847656250e+02
2.814860839843750000e+02
