2.837144659230064576e+02
2.851712251471846571e+02
2.829485059904556010e+02
2.847005129421930860e+02
2.840382815041676281e+02
2.838574005667865094e+02
2.845921160310377900e+02
2.842152748681811545e+02
2.827942550292248143e+02
2.837176618099213101e+02
2.832837270532441494e+02
2.830640821148138571e+02
2.836545278854912340e+02
2.823728021093367602e+02
2.829458982583568059e+02
2.840460121161960387e+02
2.840460121161960387e+02
2.838555702934893930e+02
2.834453219188534945e+02
2.833207553342022607e+02
2.834330102315500994e+02
2.833419739239257638e+02
2.832726313492403847e+02
2.839903343225531671e+02
2.837656256613969390e+02
2.829299543692125667e+02
2.837706512278014657e+02
2.835058886397919764e+02
2.843828041731320013e+02
2.845751428059010095e+02
2.857936496890984017e+02
2.840537562344690627e+02
2.860613448036875752e+02
2.865033079476800708e+02
2.862617568780621014e+02
2.854378658220445573e+02
2.860864273980750454e+02
2.856282544514813253e+02
2.850378488664985070e+02
2.847065834544793006e+02
2.849673440874624362e+02
2.848458863089550164e+02
2.857310909996992905e+02
2.846340251927767326e+02
2.840382815041676281e+02
2.849277395057987974e+02
2.838153802467076616e+02
2.833617000782107880e+02
2.842899023087323940e+02
2.855761629267992134e+02
2.836084474969905500e+02
2.846340251927767326e+02
2.834218200418989682e+02
2.838546555626513168e+02
2.830086462106816612e+02
2.830531768493802360e+02
2.843389655678181498e+02
2.842341273155456634e+02
2.860461216305288872e+02
2.861597185572632611e+02
2.847466549499484358e+02
2.852929524520570226e+02
2.839485483952128106e+02
2.862617568780621014e+02
2.854378658220445573e+02
2.851120550162376048e+02
2.840460121161960387e+02
2.840537562344690627e+02
2.833333421163089270e+02
2.832726313492403847e+02
2.830834972061383610e+02
2.844366213036977911e+02
2.834481630088715178e+02
2.843389655678181498e+02
2.836545278854912340e+02
2.848458863089550164e+02
2.853627296773793773e+02
2.843828041731320013e+02
2.843389655678181498e+02
2.842973244693093307e+02
2.846520625293400713e+02
2.842341273155456634e+02
2.841369884096848182e+02
2.838014146736402381e+02
2.838745659741937857e+02
2.842341273155456634e+02
2.849673440874624362e+02
2.840627159878382599e+02
2.839628203511548463e+02
2.835813832331996309e+02
2.840546524003123636e+02
2.834218200418989682e+02
2.831388868954246050e+02
2.837144659230064576e+02
2.847466549499484358e+02
2.837329601727568615e+02
2.838546555626513168e+02
2.843223323630663231e+02
2.833587241141117943e+02
2.836779557675019987e+02
2.839229934369618604e+02
2.838574005667865094e+02
2.832434538642758639e+02
2.843223323630663231e+02
2.836952752839854952e+02
2.842973244693093307e+02
2.840532881292148772e+02
2.832995814597412618e+02
2.836444038126626310e+02
2.832837270532441494e+02
2.836444038126626310e+02
2.832094573322408451e+02
2.843223323630663231e+02
2.838303002507555561e+02
2.842973244693093307e+02
2.843223323630663231e+02
2.840537562344690627e+02
2.854517504312751726e+02
2.849149620844883657e+02
2.858642331298462977e+02
2.852695984648010494e+02
2.835813832331996309e+02
2.842341273155456634e+02
2.824222097271164671e+02
2.826791602792351341e+02
2.831365264170036653e+02
2.829468510635496159e+02
2.832457430588588636e+02
2.836359580643466529e+02
2.840137990000642958e+02
2.835144236084378235e+02
2.839794633144464342e+02
2.839794633144464342e+02
2.834264765392757113e+02
2.836112289408810625e+02
2.838546555626513168e+02
2.837025182512542187e+02
2.852929524520570226e+02
2.851135554783069210e+02
2.842909140360084734e+02
2.837789084574238245e+02
2.839331914136647015e+02
2.841369884096848182e+02
2.840537562344690627e+02
2.844366213036977911e+02
2.855982527614054334e+02
2.855982527614054334e+02
2.856735516641392678e+02
2.853012007663347163e+02
2.852581900377272746e+02
2.841535106728688334e+02
2.851079539541367467e+02
2.866221890290297551e+02
2.854842035807411094e+02
2.846340251927767326e+02
2.847065834544793006e+02
2.832016610491599522e+02
2.838148070146181112e+02
2.840705792869302968e+02
2.843191555708494320e+02
2.842909140360084734e+02
2.861139246502511924e+02
2.841224172578131970e+02
2.853572172691371520e+02
2.850396329102102868e+02
2.849317790158158914e+02
2.845149836826404908e+02
2.853572172691371520e+02
2.839941887561809040e+02
2.826505339322341683e+02
2.825601659360584108e+02
2.820174440097479760e+02
2.829673552314047811e+02
2.828252886995121571e+02
2.828491643943240206e+02
2.832733083834553440e+02
2.840137990000642958e+02
2.837025182512542187e+02
2.837271895532754229e+02
2.834264765392757113e+02
2.828970053019446595e+02
2.821296422548903706e+02
2.826150799144203916e+02
2.801010175709799341e+02
2.769156552800493500e+02
2.787731308532916614e+02
2.772514501694395790e+02
2.802000391292900758e+02
2.784745390513137409e+02
2.779748594709981830e+02
2.824102341874172453e+02
2.822363043828166269e+02
2.817258466092984008e+02
2.804945463202857354e+02
2.815847234347165227e+02
2.819998958126691946e+02
2.824920227991765955e+02
2.821103371915233993e+02
2.820174440097479760e+02
2.814720201554905543e+02
2.822817678008248095e+02
2.817161160211333595e+02
2.808484746490243538e+02
2.814813161379377107e+02
2.826142883076682892e+02
2.817161160211333595e+02
2.812509515355883991e+02
2.817387765162098390e+02
2.822363043828166269e+02
2.813341867579594577e+02
2.818830033807877271e+02
2.818479802409236754e+02
2.828491643943240206e+02
2.821781750702778027e+02
2.812899234599793203e+02
2.834218200418989682e+02
2.823672414285823038e+02
2.829625476186554351e+02
2.823008270353924445e+02
2.802313344601138851e+02
2.809618376708908158e+02
2.831365264170036653e+02
2.812509515355883991e+02
2.825256421936682614e+02
2.809618376708908158e+02
2.838555702934893930e+02
2.802991247414065015e+02
2.822781207187104542e+02
2.790392182010334068e+02
2.801629906034714281e+02
2.805294348630731065e+02
2.804361422011378409e+02
2.798434652720487179e+02
2.802890941063567425e+02
2.802637543564627549e+02
2.796221180981368093e+02
2.810989138170223782e+02
2.810243998073996181e+02
2.763591481849092588e+02
2.773218399157328236e+02
2.763338996201430859e+02
2.775847465120939432e+02
2.774298892752581196e+02
2.788122911105894559e+02
2.773940133951536495e+02
2.809618376708908158e+02
2.803223770999424005e+02
2.808528514209660898e+02
2.807781477379097623e+02
2.824946512329889856e+02
2.836112289408810625e+02
2.821349022427779119e+02
2.814498215822674752e+02
2.818830033807877271e+02
2.818960113855018221e+02
2.784054206191659659e+02
2.769975543450679538e+02
2.773526372717121831e+02
2.764697235071766954e+02
2.784745390513137409e+02
2.777562155496391938e+02
2.803322580456983815e+02
2.799151185651610376e+02
2.820004785275384620e+02
2.801273364255775959e+02
2.797798303782374205e+02
2.787073783937134976e+02
2.788734726462936919e+02
2.779073025166166531e+02
2.777671362612390453e+02
2.798201559691158877e+02
2.762545388157718662e+02
2.783859411821747472e+02
2.805534384796841891e+02
2.798434652720487179e+02
2.794029518996810566e+02
2.798821426131962653e+02
2.801273364255775959e+02
2.803322580456983815e+02
2.798486419932655167e+02
2.804017764143153499e+02
2.778909690171089437e+02
2.813527621958565419e+02
2.809133970927296673e+02
2.810344342223056060e+02
2.797309861263360062e+02
2.803836325772339819e+02
2.805653283885824294e+02
2.806184738710948636e+02
2.810441229561454861e+02
2.797626472470005297e+02
2.806356153616611664e+02
2.796084705622151318e+02
2.806356153616611664e+02
2.796829612585882501e+02
2.820210980861335202e+02
2.817401393844229460e+02
2.823670080171072527e+02
2.816208641666694916e+02
2.813341867579594577e+02
2.826791602792351341e+02
2.795414787347941115e+02
2.829485059904556010e+02
2.813636444260238250e+02
2.779748594709981830e+02
2.776955721238990122e+02
2.781411460809400751e+02
2.802637543564627549e+02
2.807781477379097623e+02
2.811615508855122698e+02
2.822659901549186543e+02
2.783345417592976787e+02
2.770777265484072132e+02
2.777277918192399966e+02
2.791273714627516256e+02
2.790392182010334068e+02
2.803223770999424005e+02
2.805534384796841891e+02
2.801977870580247441e+02
2.803278729882988500e+02
2.789020848826826295e+02
2.793210340460564680e+02
2.808663783395147675e+02
2.810279172458535299e+02
2.796669813342467705e+02
2.811931198120575459e+02
2.784773443421202614e+02
2.794659248019160600e+02
2.783790575784385624e+02
2.799638355201499280e+02
2.824920227991765955e+02
2.817258466092984008e+02
2.831365264170036653e+02
2.816098773003819247e+02
2.797635458862723681e+02
2.801977870580247441e+02
2.804361422011378409e+02
2.840460121161960387e+02
2.798486419932655167e+02
2.791177232779252790e+02
2.795301065440545472e+02
2.794445257607770259e+02
2.798172816876990510e+02
2.824122178354116954e+02
2.793196353113123109e+02
2.819998958126691946e+02
2.787141297724153333e+02
2.835524180213762975e+02
2.845088840427457058e+02
2.829369697493215199e+02
2.812215008713056932e+02
2.808234278601559595e+02
2.816485456929831912e+02
2.807076674236623717e+02
2.830112306503873469e+02
2.778368907221538393e+02
2.768898774883705869e+02
2.776465814393545770e+02
2.790670267698924363e+02
2.778201426611969396e+02
2.806747329914599618e+02
2.778201426611969396e+02
2.784437633172160531e+02
2.771762230529542990e+02
2.790670267698924363e+02
2.804945463202857354e+02
2.837275481417945002e+02
2.829468510635496159e+02
2.835380254485518776e+02
2.781411460809400751e+02
2.785792408420519450e+02
2.781316364544990734e+02
2.786291950379094260e+02
2.821310876013170059e+02
2.801849035361331062e+02
2.827780235595315617e+02
2.817161160211333595e+02
2.836545278854912340e+02
2.826042655704737854e+02
2.778658524346679997e+02
2.761739278009651457e+02
2.767813932971353097e+02
2.765420396478660336e+02
2.767706776895882399e+02
2.778019552484073529e+02
2.786703109429751635e+02
2.793210340460564680e+02
2.805294348630731065e+02
2.822061980033794839e+02
2.794573749361271098e+02
2.819444543198766837e+02
2.809628404659639500e+02
2.800693300393346021e+02
2.846079131998288290e+02
2.817387765162098390e+02
2.845699291749717190e+02
2.814498215822674752e+02
2.819692740379739462e+02
2.812215008713056932e+02
2.809628404659639500e+02
2.842897501386132717e+02
2.812012447409611582e+02
2.817401393844229460e+02
2.828084577053522821e+02
2.805084601318353066e+02
2.818479802409236754e+02
2.825422280516934279e+02
2.839331914136647015e+02
2.857731043782222287e+02
2.855421967002440056e+02
2.845751428059010095e+02
2.861139246502511924e+02
2.849914957077764370e+02
2.831851343361000204e+02
2.827780235595315617e+02
2.835357350955519564e+02
2.833207553342022607e+02
2.829458982583568059e+02
2.833419739239257638e+02
2.847553670856848385e+02
2.856136683603470487e+02
2.829747459760906736e+02
2.816169362613991893e+02
2.787903279376936325e+02
2.788533831462732451e+02
2.800184534598963637e+02
2.810441229561454861e+02
2.825493679428688552e+02
2.821467117263964042e+02
2.819498454165380394e+02
2.815507452419939227e+02
2.825978328125737562e+02
2.802113224847674928e+02
2.791177232779252790e+02
2.794659248019160600e+02
2.798172816876990510e+02
2.817470469989617072e+02
2.819998958126691946e+02
2.809376656677772530e+02
2.813395440165675154e+02
2.817258466092984008e+02
2.824102341874172453e+02
2.805994229299647031e+02
2.799926110456904098e+02
2.791788286645471544e+02
2.782563368420652523e+02
2.786703109429751635e+02
2.792706291657356132e+02
2.794029518996810566e+02
2.794009147095683261e+02
2.799151185651610376e+02
2.821483758886182045e+02
2.828491643943240206e+02
2.812012447409611582e+02
2.814813161379377107e+02
2.829835400882806198e+02
2.813982747144356154e+02
2.817005194076776320e+02
2.856136683603470487e+02
2.797229164129924470e+02
2.775725637518924600e+02
2.769272278461523342e+02
2.773472963453006628e+02
2.793017441672076870e+02
2.792905902782020462e+02
2.803773374762173489e+02
2.808588773535635141e+02
2.817725387366211294e+02
2.832726313492403847e+02
2.806356153616611664e+02
2.801849035361331062e+02
2.799426572757148506e+02
2.803223770999424005e+02
2.814498215822674752e+02
2.812509515355883991e+02
2.819795997363115134e+02
2.829018022975133704e+02
2.833487356535195545e+02
2.838745659741937857e+02
2.835052235669451761e+02
2.826818393117078472e+02
2.820430384020633028e+02
2.816499076122858582e+02
2.817401393844229460e+02
2.825256421936682614e+02
2.811870265441156675e+02
2.821349022427779119e+02
2.810989138170223782e+02
2.806395425852159065e+02
2.821480122148457781e+02
2.812251480211249941e+02
2.820174440097479760e+02
2.805534384796841891e+02
2.825256421936682614e+02
2.805994229299647031e+02
2.808528514209660898e+02
2.820210980861335202e+02
2.813982747144356154e+02
2.822659901549186543e+02
2.821467117263964042e+02
2.831851343361000204e+02
2.833013720525565304e+02
2.837789084574238245e+02
2.834623705908761053e+02
2.834330826889152490e+02
2.818240179863691992e+02
2.808234278601559595e+02
2.804361422011378409e+02
2.823670080171072527e+02
2.814813161379377107e+02
2.829018022975133704e+02
2.826786043628565039e+02
2.830531768493802360e+02
2.857544451480224552e+02
2.834763802636716719e+02
2.851640183513761713e+02
2.829625476186554351e+02
2.833333421163089270e+02
2.797082485243176393e+02
2.803225571005804682e+02
2.818554750733093215e+02
2.827201622783602488e+02
2.792706291657356132e+02
2.783309901553769805e+02
2.792706291657356132e+02
2.809376656677772530e+02
2.807650153754540838e+02
2.807650153754540838e+02
2.818404466109772670e+02
2.821483758886182045e+02
2.808528514209660898e+02
2.825224705710211879e+02
2.813527621958565419e+02
2.821103371915233993e+02
2.818632920674357365e+02
2.802890941063567425e+02
2.808484746490243538e+02
2.813527621958565419e+02
2.806184738710948636e+02
2.816169362613991893e+02
2.810059101101848569e+02
2.825255737927824953e+02
2.811920295639123992e+02
2.825255737927824953e+02
2.825255737927824953e+02
2.828045340679402671e+02
2.819012269811702822e+02
2.817005194076776320e+02
2.799552083799250681e+02
2.806358585005677924e+02
2.821882605689636989e+02
2.829940051155781475e+02
2.825978328125737562e+02
2.835417448047404605e+02
2.832017930279853317e+02
2.825978328125737562e+02
2.821467117263964042e+02
2.831851343361000204e+02
2.821781750702778027e+02
2.836404955424921468e+02
2.825224705710211879e+02
2.844446621462467419e+02
2.831732771539519717e+02
2.837025182512542187e+02
2.841535106728688334e+02
2.832017930279853317e+02
2.840580888353210298e+02
2.838237742313247054e+02
2.866639800649500103e+02
2.840840802404378564e+02
2.839372891199207061e+02
2.822592636843032210e+02
2.820210980861335202e+02
2.829468510635496159e+02
2.843412697812711940e+02
2.833207553342022607e+02
2.840884481173360996e+02
2.835524180213762975e+02
2.828929871911631722e+02
2.818701442003416560e+02
2.822618350371380984e+02
2.824102341874172453e+02
2.824102341874172453e+02
2.827063711278140659e+02
2.824441244461427232e+02
2.835016335241712113e+02
2.836959429426432280e+02
2.856907820839297756e+02
2.844516236558151832e+02
2.855692404150845505e+02
2.856715288339470362e+02
2.832808427730296899e+02
2.838574005667865094e+02
2.830605665709769596e+02
2.831387959260375737e+02
2.830719943732378283e+02
2.832434538642758639e+02
2.855656972894828414e+02
2.870899857914340032e+02
2.835642623243793992e+02
2.840537562344690627e+02
2.833617000782107880e+02
2.849277395057987974e+02
2.849277395057987974e+02
2.838014146736402381e+02
2.820621521060876944e+02
2.832457430588588636e+02
2.835357350955519564e+02
2.841942640056611253e+02
2.832440315906212618e+02
2.854755109636656698e+02
2.854026581535978266e+02
2.857936496890984017e+02
2.844366213036977911e+02
2.836545278854912340e+02
2.836270317387147202e+02
2.837271895532754229e+02
2.842954883971698337e+02
2.848050415982755794e+02
2.851412344760969404e+02
2.834119269949034674e+02
2.826818393117078472e+02
2.820401804442534512e+02
2.832017930279853317e+02
2.860461216305288872e+02
2.841694774535260990e+02
2.852929524520570226e+02
2.837271895532754229e+02
2.859895643911063416e+02
2.852929524520570226e+02
2.850899394409768206e+02
2.847466549499484358e+02
2.839544620390417435e+02
2.857508820337363318e+02
2.848699420323570735e+02
2.854842035807411094e+02
2.844199953554156650e+02
2.853880502539578856e+02
2.849861733752474606e+02
2.852942064239475144e+02
2.839229934369618604e+02
2.864100519185256530e+02
2.849542490393475305e+02
2.843389655678181498e+02
2.829835400882806198e+02
2.833913906312221798e+02
2.828350635415121133e+02
2.833617000782107880e+02
2.828350635415121133e+02
2.835636837588833146e+02
2.854842035807411094e+02
2.863176864604181446e+02
2.839485483952128106e+02
2.836952752839854952e+02
2.839372891199207061e+02
2.849846559711823488e+02
2.844184396923039913e+02
2.828970053019446595e+02
2.819498454165380394e+02
2.838973564273974262e+02
2.823728021093367602e+02
2.830766099572697385e+02
2.826042655704737854e+02
2.838574005667865094e+02
2.832761609579220021e+02
2.839903343225531671e+02
2.849861733752474606e+02
2.855692404150845505e+02
2.850307144785947457e+02
2.849175882569765008e+02
2.835636837588833146e+02
2.839485483952128106e+02
2.844493709724769701e+02
2.842416903618163246e+02
2.829468510635496159e+02
2.836359580643466529e+02
2.834264765392757113e+02
2.847997757046923084e+02
2.835291944276879121e+02
2.844387383387299906e+02
2.834310491266473377e+02
2.845921160310377900e+02
2.852109692997811408e+02
2.844199953554156650e+02
2.851712251471846571e+02
2.850899394409768206e+02
2.849914957077764370e+02
2.854436309011667845e+02
2.858626395398917452e+02
2.830766099572697385e+02
2.818701442003416560e+02
2.828491643943240206e+02
2.824920227991765955e+02
2.827334445476647034e+02
2.815847234347165227e+02
2.839484477026267655e+02
2.833695384249793960e+02
2.845699291749717190e+02
2.836206567621949830e+02
2.836206567621949830e+02
2.839592625556902021e+02
2.844493709724769701e+02
2.844525093302663663e+02
2.852581900377272746e+02
2.837271895532754229e+02
2.842630444868476047e+02
2.847466549499484358e+02
2.854517504312751726e+02
2.854517504312751726e+02
2.852929524520570226e+02
2.856340744993041767e+02
2.858626395398917452e+02
2.858997497008938922e+02
2.857936496890984017e+02
2.854026581535978266e+02
2.861139246502511924e+02
2.855905840018992876e+02
2.857310909996992905e+02
2.855905840018992876e+02
2.856735516641392678e+02
2.858626395398917452e+02
2.859558275784622197e+02
2.855421967002440056e+02
2.845126904826517489e+02
2.837271895532754229e+02
2.833419739239257638e+02
2.824222097271164671e+02
2.818960113855018221e+02
2.826512672203613192e+02
2.828138556938910142e+02
2.832016610491599522e+02
2.823728021093367602e+02
2.829136056162757882e+02
2.829136056162757882e+02
2.827795326841720680e+02
2.831388868954246050e+02
2.828491544678579999e+02
2.830295179877077771e+02
2.837271895532754229e+02
2.835642623243793992e+02
2.841621823023057800e+02
2.842954883971698337e+02
2.841695361140475597e+02
2.838153802467076616e+02
2.828491544678579999e+02
2.829835400882806198e+02
2.831365264170036653e+02
2.830216167526279492e+02
2.834453219188534945e+02
2.840627159878382599e+02
2.848268014113225490e+02
2.842416903618163246e+02
2.851120550162376048e+02
2.852929524520570226e+02
2.779354778868011522e+02
2.780684216729129616e+02
2.805994229299647031e+02
2.810600287675950426e+02
2.827227580558735553e+02
2.777606636667443354e+02
2.768028652395345262e+02
2.791273714627516256e+02
2.813395440165675154e+02
2.815003936439468362e+02
2.827728851606183298e+02
2.824920227991765955e+02
2.839331914136647015e+02
2.835058886397919764e+02
2.825200562988450201e+02
2.801724890231634504e+02
2.812251480211249941e+02
2.798434652720487179e+02
2.832733083834553440e+02
2.859421090741983562e+02
2.834453219188534945e+02
2.832440315906212618e+02
2.836520395646372776e+02
2.836520395646372776e+02
2.839941887561809040e+02
2.849317790158158914e+02
2.833695384249793960e+02
2.832726313492403847e+02
2.833333421163089270e+02
2.868248695071300176e+02
2.842416903618163246e+02
2.841494199713299622e+02
2.830086462106816612e+02
2.803916697429114606e+02
2.841494199713299622e+02
2.837706512278014657e+02
2.850374338971533916e+02
2.821296422548903706e+02
2.825408334393351879e+02
2.835642623243793992e+02
2.836112289408810625e+02
2.825978328125737562e+02
2.845699280195552774e+02
2.817224658545476359e+02
2.838148070146181112e+02
2.836112289408810625e+02
2.835636837588833146e+02
2.856340744993041767e+02
2.840992902746261279e+02
2.842897501386132717e+02
2.834481630088715178e+02
2.822781207187104542e+02
2.838973564273974262e+02
2.866528829536933927e+02
2.867210436983001500e+02
2.814038607150112057e+02
2.826818393117078472e+02
2.835052235669451761e+02
2.844493709724769701e+02
2.833695384249793960e+02
2.860461216305288872e+02
2.870519758765447023e+02
2.844728460668711705e+02
2.823008270353924445e+02
2.852755270085617099e+02
2.855905840018992876e+02
2.864213708495373680e+02
2.871018150390672190e+02
2.850899394409768206e+02
2.848458863089550164e+02
2.840460121161960387e+02
2.845149836826404908e+02
2.871171801510622004e+02
2.845867413486895430e+02
2.822618350371380984e+02
2.856282544514813253e+02
2.856735516641392678e+02
2.847684774258988227e+02
2.859043576195186347e+02
2.870394907641572217e+02
2.847104268193587018e+02
2.849149620844883657e+02
2.854517504312751726e+02
2.849277395057987974e+02
2.853627296773793773e+02
2.864076889915801871e+02
2.867210436983001500e+02
2.859421090741983562e+02
2.867552908953421706e+02
2.845867413486895430e+02
2.841621823023057800e+02
2.845487273960969787e+02
2.845867413486895430e+02
2.853012007663347163e+02
2.853012007663347163e+02
2.856735516641392678e+02
2.851846607774144218e+02
2.840137990000642958e+02
2.854690999117402725e+02
2.852773058362643610e+02
2.852581900377272746e+02
2.859043576195186347e+02
2.840532881292148772e+02
2.854517504312751726e+02
2.865033079476800708e+02
2.847997757046923084e+02
2.852929524520570226e+02
2.852755270085617099e+02
2.842973244693093307e+02
2.845602099878370836e+02
2.836193321865191024e+02
2.840546524003123636e+02
2.835052235669451761e+02
2.836112289408810625e+02
2.840537562344690627e+02
2.857310909996992905e+02
2.856655831762491289e+02
2.855905840018992876e+02
2.861139246502511924e+02
2.863710654487412057e+02
2.858050858317859024e+02
2.846386653434236109e+02
2.846926679841164969e+02
2.845751428059010095e+02
2.835642623243793992e+02
2.839229934369618604e+02
2.848050415982755794e+02
2.838546555626513168e+02
2.857936496890984017e+02
2.845665569196476099e+02
2.847684774258988227e+02
2.855905840018992876e+02
2.866528829536933927e+02
2.854378658220445573e+02
2.861582709679768186e+02
2.866953189565252273e+02
2.865785276950759908e+02
2.841369884096848182e+02
2.846926679841164969e+02
2.861582709679768186e+02
2.855982527614054334e+02
2.859896944884680465e+02
2.849542490393475305e+02
2.841535106728688334e+02
2.832516654617858762e+02
2.842416903618163246e+02
2.840884481173360996e+02
2.838555702934893930e+02
2.849673440874624362e+02
2.855421967002440056e+02
2.821480122148457781e+02
2.838973564273974262e+02
2.838148070146181112e+02
2.836206567621949830e+02
2.838555702934893930e+02
2.842897501386132717e+02
2.839794633144464342e+02
2.851718646989439208e+02
2.853824432398527620e+02
2.852982234596868238e+02
2.849125778354309659e+02
2.848149910536599236e+02
2.845665569196476099e+02
2.838014146736402381e+02
2.831893936777211707e+02
2.851712251471846571e+02
2.845867413486895430e+02
2.839794633144464342e+02
2.840992902746261279e+02
2.838279956993256974e+02
2.827780235595315617e+02
2.816105020568723489e+02
2.829018022975133704e+02
2.821103371915233993e+02
2.844446621462467419e+02
2.835998299824836408e+02
2.835998299824836408e+02
2.825601659360584108e+02
2.826505339322341683e+02
2.835357350955519564e+02
2.832434538642758639e+02
2.828970053019446595e+02
2.828970053019446595e+02
2.828970053019446595e+02
2.830531768493802360e+02
2.831364201668783380e+02
2.828909591976307638e+02
2.841694774535260990e+02
2.854225191285129881e+02
2.845699291749717190e+02
2.835998299824836408e+02
2.843191555708494320e+02
2.851120550162376048e+02
2.838555702934893930e+02
2.838555702934893930e+02
2.850530966903247645e+02
2.790102689479988385e+02
2.762610474978823731e+02
2.787657310749916064e+02
2.794058838730122147e+02
2.790395883042622813e+02
2.807393925746143282e+02
2.791670523211872137e+02
2.798819758131299977e+02
2.811192761582304342e+02
2.827795326841720680e+02
2.819012269811702822e+02
2.828678541758461051e+02
2.806509497743070938e+02
2.803218042874440812e+02
2.791815800437360622e+02
2.803589820100042402e+02
2.798201559691158877e+02
2.800771125374803319e+02
2.789543142555626218e+02
2.779073025166166531e+02
2.796829612585882501e+02
2.806395425852159065e+02
2.804238329531395379e+02
2.795314397335110357e+02
2.785365985018400465e+02
2.775549131922765014e+02
2.796221180981368093e+02
2.799926110456904098e+02
2.784745390513137409e+02
2.806341925800671788e+02
2.817401393844229460e+02
2.817746200614634517e+02
2.816468333811495768e+02
2.817746200614634517e+02
2.815272754917735369e+02
2.809913115304674420e+02
2.804594914039252558e+02
2.809913115304674420e+02
2.814521817156268071e+02
2.818479802409236754e+02
2.815272754917735369e+02
2.818404466109772670e+02
2.826029103909659170e+02
2.827063711278140659e+02
2.820430384020633028e+02
2.818272377243515052e+02
2.790390422220129949e+02
2.815847234347165227e+02
2.789543142555626218e+02
2.823924463640053659e+02
2.790390422220129949e+02
2.821310876013170059e+02
2.803916697429114606e+02
2.824122178354116954e+02
2.825256421936682614e+02
2.803223770999424005e+02
2.831280769888761597e+02
2.813180319729602843e+02
2.838973564273974262e+02
2.839794633144464342e+02
2.823670080171072527e+02
2.820004785275384620e+02
2.826505339322341683e+02
2.824358031073221582e+02
2.826725011564356578e+02
2.817470469989617072e+02
2.814498215822674752e+02
2.817385981007195710e+02
2.813770927993501232e+02
2.811972156471099424e+02
2.806747329914599618e+02
2.829611666411140618e+02
2.799030520621561777e+02
2.807650153754540838e+02
2.826042655704737854e+02
2.832726313492403847e+02
2.779987393687724193e+02
2.775910876651491321e+02
2.795774179480440580e+02
2.802210340793694172e+02
2.772704690622541079e+02
2.761570474911404176e+02
2.771179841473779675e+02
2.758956289349325175e+02
2.777297381265046283e+02
2.795687670312044020e+02
2.803278729882988500e+02
2.821310876013170059e+02
2.804017764143153499e+02
2.774406751041976236e+02
2.775185022095355407e+02
2.796928329056250391e+02
2.787673609023221957e+02
2.789715146654921796e+02
2.779191499940212111e+02
2.776019507520633738e+02
2.813527621958565419e+02
2.790395883042622813e+02
2.831732771539519717e+02
2.804319398074065361e+02
2.832016610491599522e+02
2.836206567621949830e+02
2.811870265441156675e+02
2.806785612299554487e+02
2.801629906034714281e+02
2.818409848184799102e+02
2.808663783395147675e+02
2.802235636887554051e+02
2.811972156471099424e+02
2.828491643943240206e+02
2.802000391292900758e+02
2.820391777613386921e+02
2.829733016875154590e+02
2.791721791183235837e+02
2.777792669352823509e+02
2.800091895521033507e+02
2.826042655704737854e+02
2.835058886397919764e+02
2.819006756332814234e+02
2.825200562988450201e+02
2.834310491266473377e+02
2.807622747017903748e+02
2.787141297724153333e+02
2.791338914224427867e+02
2.808528514209660898e+02
2.802313344601138851e+02
2.799426572757148506e+02
2.797635458862723681e+02
2.829369697493215199e+02
2.803434164852818640e+02
2.826364683846284720e+02
2.817721042990443152e+02
2.819695301272400911e+02
2.800511493330386656e+02
2.817615743586301846e+02
2.793017441672076870e+02
2.796928329056250391e+02
2.792905902782020462e+02
2.812215008713056932e+02
2.798042052934014237e+02
2.818240179863691992e+02
2.819689007207738882e+02
2.805221313174614011e+02
2.789715146654921796e+02
2.804594914039252558e+02
2.783836099892981792e+02
2.813586339110468089e+02
2.805221313174614011e+02
2.804445359520700549e+02
2.801977870580247441e+02
2.799157030454938990e+02
2.809628404659639500e+02
2.813211303725471453e+02
2.812509515355883991e+02
2.809293914692330532e+02
2.808588773535635141e+02
2.816098773003819247e+02
2.823156676009207899e+02
2.822347298738635004e+02
2.822866721153694698e+02
2.812215008713056932e+02
2.791338914224427867e+02
2.791177232779252790e+02
2.786291950379094260e+02
2.806193285158499293e+02
2.807781477379097623e+02
2.818404466109772670e+02
2.819498454165380394e+02
2.826512672203613192e+02
2.841494199713299622e+02
2.827334445476647034e+02
2.824920227991765955e+02
2.825442121937786055e+02
2.820004785275384620e+02
2.821103371915233993e+02
2.842909140360084734e+02
2.849719575013940585e+02
2.846237672232014120e+02
2.842909140360084734e+02
2.840137990000642958e+02
2.842341273155456634e+02
2.845751428059010095e+02
2.847684774258988227e+02
2.834753548206333562e+02
2.818546594259467497e+02
2.811222073835255628e+02
2.810619980145821728e+02
2.812790640116941745e+02
2.811696688515178835e+02
2.812899234599793203e+02
2.823924463640053659e+02
2.821781750702778027e+02
2.822659901549186543e+02
2.802210340793694172e+02
2.800874465176854073e+02
2.802991247414065015e+02
2.813527621958565419e+02
2.817746200614634517e+02
2.830086462106816612e+02
2.825517088223873543e+02
2.804572224620557108e+02
2.802290484598893840e+02
2.777590177185027187e+02
2.784773443421202614e+02
2.808001292247889751e+02
2.798434652720487179e+02
2.798821426131962653e+02
2.814720201554905543e+02
2.814521817156268071e+02
2.810989138170223782e+02
2.817725387366211294e+02
2.819498454165380394e+02
2.823821529570915914e+02
2.832995814597412618e+02
2.827010108090015592e+02
2.810989138170223782e+02
2.813180319729602843e+02
2.810619980145821728e+02
2.810197457175088402e+02
2.822636354272110566e+02
2.814395277397894120e+02
2.829136056162757882e+02
2.822982525175424939e+02
2.824880964699715378e+02
2.813264946339666608e+02
2.816499076122858582e+02
2.803836325772339819e+02
2.840460121161960387e+02
2.833207553342022607e+02
2.828491643943240206e+02
2.828929871911631722e+02
2.832440315906212618e+02
2.836520395646372776e+02
2.825224705710211879e+02
2.830112306503873469e+02
2.826791602792351341e+02
2.822618350371380984e+02
2.818701442003416560e+02
2.833487356535195545e+02
2.808949630515623426e+02
2.822982525175424939e+02
2.821467117263964042e+02
2.828344837872315338e+02
2.824153808461629183e+02
2.828491544678579999e+02
2.809591905450768650e+02
2.819989011935558665e+02
2.808303977278178536e+02
2.798423958446421693e+02
2.826488059344165436e+02
2.808193697139350320e+02
2.802870530863438034e+02
2.811615508855122698e+02
2.817387765162098390e+02
2.803278729882988500e+02
2.819869783285682843e+02
2.811972156471099424e+02
2.810989138170223782e+02
2.814813161379377107e+02
2.807781477379097623e+02
2.818701442003416560e+02
2.828344837872315338e+02
2.851135554783069210e+02
2.828970053019446595e+02
2.835058886397919764e+02
2.835058886397919764e+02
2.840460121161960387e+02
2.827063711278140659e+02
2.822592636843032210e+02
2.820391777613386921e+02
2.793839080792100162e+02
2.816169362613991893e+02
2.813982747144356154e+02
2.797527891646551552e+02
2.851413388679886225e+02
2.829458982583568059e+02
2.836206567621949830e+02
2.835052235669451761e+02
2.826628696653643260e+02
2.835144236084378235e+02
2.804991817814255910e+02
2.826881716394680097e+02
2.838640903705046981e+02
2.823517731019631469e+02
2.830531768493802360e+02
2.816105020568723489e+02
2.806356153616611664e+02
2.816499076122858582e+02
2.833207553342022607e+02
2.844493709724769701e+02
2.855421967002440056e+02
2.843828041731320013e+02
2.860905058512935852e+02
2.851079539541367467e+02
2.845776347690435841e+02
2.869221778279050454e+02
2.863861044952843713e+02
2.848458863089550164e+02
2.839592625556902021e+02
2.845149836826404908e+02
2.838792936956110680e+02
2.846520625293400713e+02
2.833587241141117943e+02
2.847466549499484358e+02
2.828491544678579999e+02
2.838574005667865094e+02
2.815630899067634232e+02
2.816495959811795160e+02
2.801484955417004130e+02
2.800563079657741241e+02
2.818272377243515052e+02
2.815093121474783402e+02
2.842416903618163246e+02
2.829468510635496159e+02
2.838574005667865094e+02
2.848341893340968909e+02
2.852942064239475144e+02
2.851135554783069210e+02
2.839592625556902021e+02
2.840460121161960387e+02
2.844493709724769701e+02
2.848458863089550164e+02
2.840537562344690627e+02
2.834218200418989682e+02
2.833617000782107880e+02
2.832152307112251037e+02
2.835016335241712113e+02
2.832017930279853317e+02
2.830086462106816612e+02
2.828067540483693278e+02
2.822565468566620552e+02
2.823259573863124388e+02
2.832215184199324653e+02
2.832215184199324653e+02
2.844199953554156650e+02
2.822817678008248095e+02
2.832440315906212618e+02
2.824920227991765955e+02
2.822781207187104542e+02
2.832016610491599522e+02
2.848458863089550164e+02
2.835052235669451761e+02
2.840532881292148772e+02
2.832995814597412618e+02
2.836315458017853075e+02
2.836441451221858756e+02
2.842975683682454360e+02
2.838153802467076616e+02
2.837706512278014657e+02
2.848699420323570735e+02
2.851079539541367467e+02
2.858141849615872729e+02
2.838745659741937857e+02
2.855325510314800113e+02
2.848149910536599236e+02
2.848149910536599236e+02
2.835917268060658216e+02
2.828909591976307638e+02
2.839544620390417435e+02
2.839039626812116808e+02
2.836441451221858756e+02
2.839903343225531671e+02
2.824441244461427232e+02
2.811184292656927255e+02
2.823821529570915914e+02
2.816169362613991893e+02
2.826791602792351341e+02
2.839794633144464342e+02
2.843389655678181498e+02
2.858218289180656484e+02
2.861285512752864406e+02
2.851135554783069210e+02
2.839628203511548463e+02
2.839485483952128106e+02
2.834898173106665809e+02
2.841695361140475597e+02
2.866208180941425780e+02
2.867079189812042728e+02
2.866397470339234701e+02
2.836084474969905500e+02
2.845921160310377900e+02
2.852755270085617099e+02
2.844366213036977911e+02
2.869599378989050820e+02
2.847553670856848385e+02
2.852942064239475144e+02
2.838546555626513168e+02
2.826042655704737854e+02
2.822982525175424939e+02
2.828084577053522821e+02
2.821480122148457781e+02
2.833013720525565304e+02
2.834264765392757113e+02
2.833419739239257638e+02
2.832516654617858762e+02
2.830719943732378283e+02
2.836193321865191024e+02
2.833526595000730595e+02
2.840382815041676281e+02
2.848050415982755794e+02
2.863044080373543352e+02
2.857544451480224552e+02
2.838792936956110680e+02
2.857069525038972415e+02
2.854026581535978266e+02
2.845751428059010095e+02
2.841535106728688334e+02
2.835642623243793992e+02
2.832516654617858762e+02
2.854436309011667845e+02
2.840460121161960387e+02
2.846386653434236109e+02
2.830216167526279492e+02
2.840884481173360996e+02
2.834330102315500994e+02
2.835357350955519564e+02
2.829468510635496159e+02
2.834453219188534945e+02
2.830633470109050904e+02
2.831851343361000204e+02
2.832726313492403847e+02
2.832017930279853317e+02
2.837176618099213101e+02
2.829940051155781475e+02
2.837012096687778921e+02
2.822781207187104542e+02
2.836359580643466529e+02
2.837896888672344176e+02
2.841369884096848182e+02
2.839794633144464342e+02
2.849914957077764370e+02
2.849914957077764370e+02
2.852755270085617099e+02
2.848268014113225490e+02
2.843988281495358592e+02
2.847405160047420054e+02
2.846386653434236109e+02
2.848573117916590718e+02
2.847684774258988227e+02
2.858218289180656484e+02
2.852929524520570226e+02
2.847997757046923084e+02
2.840537562344690627e+02
2.851413388679886225e+02
2.843412697812711940e+02
2.847684774258988227e+02
2.849023936854330259e+02
2.854898599452884014e+02
2.854218887567155321e+02
2.855042265989079056e+02
2.856735516641392678e+02
2.843988281495358592e+02
2.855905840018992876e+02
2.854225191285129881e+02
2.853012007663347163e+02
2.854026581535978266e+02
2.845126904826517489e+02
2.851135554783069210e+02
2.841694774535260990e+02
2.846520625293400713e+02
2.846520625293400713e+02
2.845126904826517489e+02
2.859421090741983562e+02
2.846520625293400713e+02
2.849149620844883657e+02
2.834218200418989682e+02
2.839544620390417435e+02
2.851079539541367467e+02
2.864697107494617399e+02
2.838140908836128347e+02
2.830216167526279492e+02
2.832733083834553440e+02
2.831365264170036653e+02
2.843988281495358592e+02
2.835813832331996309e+02
2.837706512278014657e+02
2.831298499159073003e+02
2.839485483952128106e+02
2.842630444868476047e+02
2.840537562344690627e+02
2.858050858317859024e+02
2.847065834544793006e+02
2.843412697812711940e+02
2.855421967002440056e+02
2.854378658220445573e+02
2.860864273980750454e+02
2.865033079476800708e+02
2.862990078014159963e+02
2.848458863089550164e+02
2.846237672232014120e+02
2.845699291749717190e+02
2.831280769888761597e+02
2.839794633144464342e+02
2.832016610491599522e+02
2.833207553342022607e+02
2.836112289408810625e+02
2.831553197540649194e+02
2.852755270085617099e+02
2.839033016563616343e+02
2.855406859582408288e+02
2.851447990236102896e+02
2.857664447388519875e+02
2.859895643911063416e+02
2.848573117916590718e+02
2.848573117916590718e+02
2.838792936956110680e+02
2.832733083834553440e+02
2.842868989864689411e+02
2.845149836826404908e+02
2.836545278854912340e+02
2.858626395398917452e+02
2.838973564273974262e+02
2.842416903618163246e+02
2.821310876013170059e+02
2.826786043628565039e+02
2.831893936777211707e+02
2.829018022975133704e+02
2.822781207187104542e+02
2.829468510635496159e+02
2.817523352765998652e+02
2.826029103909659170e+02
2.827010108090015592e+02
2.828344837872315338e+02
2.832457430588588636e+02
2.830692402745163463e+02
2.829611666411140618e+02
2.830112306503873469e+02
2.828929871911631722e+02
2.830216167526279492e+02
2.837275481417945002e+02
2.831851343361000204e+02
2.822396355406681892e+02
2.813180319729602843e+02
2.828038162896419863e+02
2.825263268235036094e+02
2.832715624677358051e+02
2.823980471661820957e+02
2.826142883076682892e+02
2.836359580643466529e+02
2.819006756332814234e+02
2.827201622783602488e+02
2.828344837872315338e+02
2.817005194076776320e+02
2.827063711278140659e+02
2.815978689654403979e+02
2.799638355201499280e+02
2.808234278601559595e+02
2.801629906034714281e+02
2.805534384796841891e+02
2.789941405093691742e+02
2.816499076122858582e+02
2.815272754917735369e+02
2.817161160211333595e+02
2.813341867579594577e+02
2.806747329914599618e+02
2.823924463640053659e+02
2.817161160211333595e+02
2.814053059656310438e+02
2.811696688515178835e+02
2.818404466109772670e+02
2.820004785275384620e+02
2.816105020568723489e+02
2.823670080171072527e+02
2.813264946339666608e+02
2.818830033807877271e+02
2.768253560336469832e+02
2.800694016728637052e+02
2.799030520621561777e+02
2.808588773535635141e+02
2.793210340460564680e+02
2.794445257607770259e+02
2.773710285490344631e+02
2.768253560336469832e+02
2.778201426611969396e+02
2.785253609460457369e+02
2.775844464127347351e+02
2.787141297724153333e+02
2.814521817156268071e+02
2.820174440097479760e+02
2.829012368045092103e+02
2.818409848184799102e+02
2.807256152542714176e+02
2.812251480211249941e+02
2.787041180797048128e+02
2.781316364544990734e+02
2.780684216729129616e+02
2.794058838730122147e+02
2.778909690171089437e+02
2.772113719539768795e+02
2.766867569849667916e+02
2.762545388157718662e+02
2.785628045761187082e+02
2.782447738826230079e+02
2.797690145077587545e+02
2.799030520621561777e+02
2.808949630515623426e+02
2.817746200614634517e+02
2.811525673842030528e+02
2.780832776766562233e+02
2.786291950379094260e+02
2.813180319729602843e+02
2.837789084574238245e+02
2.821103371915233993e+02
2.801977870580247441e+02
2.817615743586301846e+02
2.820218966445225419e+02
2.811222073835255628e+02
2.805534384796841891e+02
2.830692402745163463e+02
2.822677425612938009e+02
2.825422280516934279e+02
2.814521817156268071e+02
2.825422280516934279e+02
2.816098773003819247e+02
2.816485456929831912e+02
2.821986489811299634e+02
2.818701442003416560e+02
2.823517731019631469e+02
2.818701442003416560e+02
