2.846790466308593750e+02
2.855871276855468750e+02
2.836780395507812500e+02
2.856323852539062500e+02
2.849779052734375000e+02
2.848650512695312500e+02
2.853753967285156250e+02
2.849243164062500000e+02
2.837254943847656250e+02
2.846389465332031250e+02
2.841794128417968750e+02
2.833018798828125000e+02
2.839183044433593750e+02
2.826077575683593750e+02
2.831133117675781250e+02
2.841320495605468750e+02
2.841320495605468750e+02
2.838572082519531250e+02
2.833540039062500000e+02
2.832401733398437500e+02
2.833410339355468750e+02
2.835163879394531250e+02
2.836038818359375000e+02
2.850506286621093750e+02
2.847654418945312500e+02
2.836648559570312500e+02
2.844059448242187500e+02
2.837174987792968750e+02
2.847187805175781250e+02
2.846322021484375000e+02
2.854420471191406250e+02
2.844191284179687500e+02
2.857396545410156250e+02
2.862073059082031250e+02
2.859243164062500000e+02
2.854154968261718750e+02
2.863328247070312500e+02
2.854553527832031250e+02
2.849579162597656250e+02
2.847320556640625000e+02
2.848450317382812500e+02
2.848317871093750000e+02
2.854288330078125000e+02
2.852895202636718750e+02
2.849779052734375000e+02
2.855737304687500000e+02
2.847787170410156250e+02
2.842794799804687500e+02
2.852627868652343750e+02
2.864218444824218750e+02
2.845526123046875000e+02
2.852895202636718750e+02
2.841926574707031250e+02
2.845059204101562500e+02
2.837785034179687500e+02
2.832141418457031250e+02
2.844323425292968750e+02
2.843323364257812500e+02
2.858119812011718750e+02
2.860365600585937500e+02
2.852034912109375000e+02
2.851306152343750000e+02
2.846057739257812500e+02
2.859243164062500000e+02
2.854154968261718750e+02
2.849447021484375000e+02
2.841320495605468750e+02
2.844191284179687500e+02
2.837043762207031250e+02
2.836038818359375000e+02
2.835907592773437500e+02
2.850045471191406250e+02
2.839052124023437500e+02
2.844323425292968750e+02
2.839183044433593750e+02
2.848317871093750000e+02
2.856862487792968750e+02
2.847187805175781250e+02
2.844323425292968750e+02
2.849049682617187500e+02
2.849182739257812500e+02
2.843323364257812500e+02
2.842322082519531250e+02
2.841188964843750000e+02
2.839314880371093750e+02
2.843323364257812500e+02
2.848450317382812500e+02
2.840448913574218750e+02
2.843191528320312500e+02
2.838179321289062500e+02
2.848916625976562500e+02
2.841926574707031250e+02
2.839790954589843750e+02
2.846790466308593750e+02
2.852034912109375000e+02
2.845925292968750000e+02
2.845059204101562500e+02
2.850907592773437500e+02
2.840925292968750000e+02
2.846656799316406250e+02
2.848783264160156250e+02
2.848650512695312500e+02
2.838920593261718750e+02
2.850907592773437500e+02
2.843059692382812500e+02
2.849049682617187500e+02
2.847055969238281250e+02
2.839923400878906250e+02
2.844926757812500000e+02
2.841794128417968750e+02
2.844926757812500000e+02
2.840792541503906250e+02
2.850907592773437500e+02
2.846922607421875000e+02
2.849049682617187500e+02
2.850907592773437500e+02
2.844191284179687500e+02
2.856004943847656250e+02
2.853028564453125000e+02
2.860682983398437500e+02
2.855013732910156250e+02
2.838179321289062500e+02
2.843323364257812500e+02
2.826207275390625000e+02
2.827349548339843750e+02
2.830512695312500000e+02
2.829372558593750000e+02
2.831522521972656250e+02
2.835424804687500000e+02
2.840579528808593750e+02
2.835294189453125000e+02
2.839445800781250000e+02
2.839445800781250000e+02
2.836170043945312500e+02
2.836300354003906250e+02
2.845059204101562500e+02
2.837306213378906250e+02
2.851306152343750000e+02
2.852167968750000000e+02
2.843585815429687500e+02
2.837567138671875000e+02
2.839576721191406250e+02
2.842322082519531250e+02
2.844191284179687500e+02
2.850045471191406250e+02
2.855147094726562500e+02
2.855147094726562500e+02
2.853427124023437500e+02
2.851570434570312500e+02
2.850443115234375000e+02
2.845191345214843750e+02
2.856727905273437500e+02
2.871362915039062500e+02
2.858706665039062500e+02
2.852895202636718750e+02
2.847320556640625000e+02
2.831392822265625000e+02
2.837697448730468750e+02
2.837826843261718750e+02
2.839837036132812500e+02
2.843585815429687500e+02
2.858387145996093750e+02
2.864714660644531250e+02
2.852697448730468750e+02
2.856934204101562500e+02
2.844848022460937500e+02
2.845586547851562500e+02
2.852697448730468750e+02
2.839706420898437500e+02
2.825709533691406250e+02
2.827992858886718750e+02
2.821775207519531250e+02
2.831028442382812500e+02
2.830017089843750000e+02
2.827607727050781250e+02
2.831651916503906250e+02
2.840579528808593750e+02
2.837306213378906250e+02
2.840186767578125000e+02
2.836170043945312500e+02
2.831002197265625000e+02
2.825686950683593750e+02
2.828851928710937500e+02
2.810549926757812500e+02
2.765469360351562500e+02
2.792648315429687500e+02
2.769926452636718750e+02
2.806062011718750000e+02
2.792898864746093750e+02
2.788621826171875000e+02
2.825323181152343750e+02
2.827107238769531250e+02
2.818593750000000000e+02
2.808368530273437500e+02
2.817447204589843750e+02
2.820630187988281250e+02
2.824566650390625000e+02
2.821519470214843750e+02
2.821775207519531250e+02
2.817702026367187500e+02
2.823808288574218750e+02
2.818466186523437500e+02
2.811316528320312500e+02
2.817319335937500000e+02
2.825581054687500000e+02
2.818466186523437500e+02
2.816808166503906250e+02
2.820885009765625000e+02
2.827107238769531250e+02
2.816681518554687500e+02
2.820758056640625000e+02
2.819484558105468750e+02
2.827607727050781250e+02
2.824180603027343750e+02
2.816043090820312500e+02
2.841926574707031250e+02
2.828591003417968750e+02
2.835511474609375000e+02
2.825817871093750000e+02
2.805160827636718750e+02
2.812340087890625000e+02
2.830512695312500000e+02
2.816808166503906250e+02
2.824695129394531250e+02
2.812340087890625000e+02
2.838572082519531250e+02
2.807089233398437500e+02
2.824308776855468750e+02
2.800512695312500000e+02
2.807844848632812500e+02
2.810797424316406250e+02
2.809520568847656250e+02
2.802199401855468750e+02
2.806315002441406250e+02
2.807988281250000000e+02
2.799885864257812500e+02
2.814257507324218750e+02
2.814130249023437500e+02
2.768259887695312500e+02
2.774005432128906250e+02
2.758315124511718750e+02
2.783417663574218750e+02
2.777148742675781250e+02
2.790449829101562500e+02
2.778071899414062500e+02
2.812340087890625000e+02
2.808494567871093750e+02
2.812212829589843750e+02
2.811957702636718750e+02
2.826960449218750000e+02
2.836300354003906250e+02
2.821647644042968750e+02
2.817955322265625000e+02
2.820758056640625000e+02
2.821263122558593750e+02
2.790072631835937500e+02
2.768751831054687500e+02
2.777024841308593750e+02
2.760432739257812500e+02
2.792898864746093750e+02
2.774250488281250000e+02
2.806188354492187500e+02
2.802976989746093750e+02
2.821391601562500000e+02
2.804132385253906250e+02
2.801042785644531250e+02
2.793809509277343750e+02
2.794844970703125000e+02
2.787707214355468750e+02
2.781700744628906250e+02
2.801947326660156250e+02
2.758194274902343750e+02
2.791736755371093750e+02
2.810545654296875000e+02
2.802199401855468750e+02
2.800262756347656250e+02
2.804384460449218750e+02
2.804132385253906250e+02
2.806188354492187500e+02
2.803879699707031250e+02
2.808114929199218750e+02
2.785376892089843750e+02
2.816299438476562500e+02
2.812979431152343750e+02
2.813873596191406250e+02
2.803752746582031250e+02
2.809013366699218750e+02
2.811701354980468750e+02
2.810806579589843750e+02
2.814001770019531250e+02
2.802850952148437500e+02
2.811062011718750000e+02
2.800790405273437500e+02
2.811062011718750000e+02
2.801821289062500000e+02
2.822279663085937500e+02
2.819356689453125000e+02
2.823551635742187500e+02
2.819867248535156250e+02
2.816681518554687500e+02
2.827349548339843750e+02
2.801694946289062500e+02
2.836780395507812500e+02
2.820616760253906250e+02
2.788621826171875000e+02
2.785501098632812500e+02
2.789909973144531250e+02
2.807988281250000000e+02
2.811957702636718750e+02
2.814894104003906250e+02
2.824934997558593750e+02
2.791985778808593750e+02
2.785077209472656250e+02
2.792481689453125000e+02
2.801793518066406250e+02
2.800512695312500000e+02
2.808494567871093750e+02
2.810545654296875000e+02
2.808620605468750000e+02
2.809646911621093750e+02
2.799480285644531250e+02
2.802575378417968750e+02
2.811948242187500000e+02
2.812972106933593750e+02
2.804885253906250000e+02
2.813098144531250000e+02
2.797661743164062500e+02
2.803605346679687500e+02
2.795343627929687500e+02
2.803229675292968750e+02
2.824566650390625000e+02
2.818593750000000000e+02
2.830512695312500000e+02
2.818721313476562500e+02
2.805663452148437500e+02
2.808620605468750000e+02
2.809520568847656250e+02
2.841320495605468750e+02
2.803879699707031250e+02
2.797039184570312500e+02
2.801294250488281250e+02
2.802450256347656250e+02
2.805538635253906250e+02
2.824823303222656250e+02
2.801418762207031250e+02
2.820630187988281250e+02
2.795095214843750000e+02
2.834677734375000000e+02
2.844716796875000000e+02
2.828877258300781250e+02
2.815913696289062500e+02
2.812846374511718750e+02
2.819994506835937500e+02
2.810419006347656250e+02
2.828748779296875000e+02
2.785872802734375000e+02
2.773445434570312500e+02
2.788078308105468750e+02
2.799355468750000000e+02
2.790157775878906250e+02
2.811570129394531250e+02
2.790157775878906250e+02
2.794183654785156250e+02
2.778686523437500000e+02
2.799355468750000000e+02
2.808368530273437500e+02
2.836431274414062500e+02
2.829372558593750000e+02
2.834418334960937500e+02
2.789909973144531250e+02
2.794059448242187500e+02
2.791072387695312500e+02
2.793934326171875000e+02
2.822407836914062500e+02
2.805286560058593750e+02
2.827478027343750000e+02
2.818466186523437500e+02
2.839183044433593750e+02
2.828102111816406250e+02
2.787582702636718750e+02
2.771466064453125000e+02
2.749472656250000000e+02
2.766682128906250000e+02
2.786609802246093750e+02
2.793765869140625000e+02
2.798571777343750000e+02
2.802575378417968750e+02
2.810797424316406250e+02
2.824317321777343750e+02
2.803730468750000000e+02
2.818334655761718750e+02
2.813869628906250000e+02
2.807719726562500000e+02
2.839966735839843750e+02
2.820885009765625000e+02
2.841843261718750000e+02
2.817955322265625000e+02
2.822919921875000000e+02
2.815913696289062500e+02
2.813869628906250000e+02
2.842715454101562500e+02
2.814385070800781250e+02
2.819356689453125000e+02
2.829242858886718750e+02
2.809140319824218750e+02
2.819484558105468750e+02
2.825838012695312500e+02
2.839576721191406250e+02
2.867268066406250000e+02
2.852433166503906250e+02
2.846322021484375000e+02
2.858387145996093750e+02
2.849314575195312500e+02
2.832271728515625000e+02
2.827478027343750000e+02
2.834548034667968750e+02
2.832401733398437500e+02
2.831133117675781250e+02
2.835163879394531250e+02
2.854746093750000000e+02
2.869129333496093750e+02
2.884722290039062500e+02
2.818971252441406250e+02
2.794970092773437500e+02
2.796129760742187500e+02
2.803103027343750000e+02
2.814001770019531250e+02
2.827220153808593750e+02
2.823920898437500000e+02
2.822150573730468750e+02
2.822516784667968750e+02
2.830740051269531250e+02
2.807467956542968750e+02
2.797039184570312500e+02
2.803605346679687500e+02
2.805538635253906250e+02
2.819740295410156250e+02
2.820630187988281250e+02
2.812467041015625000e+02
2.816934814453125000e+02
2.818593750000000000e+02
2.825323181152343750e+02
2.809393920898437500e+02
2.805413208007812500e+02
2.801544189453125000e+02
2.794307861328125000e+02
2.798571777343750000e+02
2.799230651855468750e+02
2.800262756347656250e+02
2.797695617675781250e+02
2.802976989746093750e+02
2.823294677734375000e+02
2.827607727050781250e+02
2.814385070800781250e+02
2.817319335937500000e+02
2.832010803222656250e+02
2.816933898925781250e+02
2.822646484375000000e+02
2.869129333496093750e+02
2.800916748046875000e+02
2.787037658691406250e+02
2.787406921386718750e+02
2.790527954101562500e+02
2.802825012207031250e+02
2.802700500488281250e+02
2.809772338867187500e+02
2.813743591308593750e+02
2.820245971679687500e+02
2.836038818359375000e+02
2.811062011718750000e+02
2.805286560058593750e+02
2.806566772460937500e+02
2.808494567871093750e+02
2.817955322265625000e+02
2.816808166503906250e+02
2.820502624511718750e+02
2.828490600585937500e+02
2.832531738281250000e+02
2.839314880371093750e+02
2.840054931640625000e+02
2.832625427246093750e+02
2.823791503906250000e+02
2.819228515625000000e+02
2.819356689453125000e+02
2.824695129394531250e+02
2.814512329101562500e+02
2.821647644042968750e+02
2.814257507324218750e+02
2.810934753417968750e+02
2.824050903320312500e+02
2.815278625488281250e+02
2.821775207519531250e+02
2.810545654296875000e+02
2.824695129394531250e+02
2.809393920898437500e+02
2.812212829589843750e+02
2.822279663085937500e+02
2.816933898925781250e+02
2.824934997558593750e+02
2.823920898437500000e+02
2.832271728515625000e+02
2.833280029296875000e+02
2.837567138671875000e+02
2.833669738769531250e+02
2.834057312011718750e+02
2.822030029296875000e+02
2.812846374511718750e+02
2.809520568847656250e+02
2.823551635742187500e+02
2.817319335937500000e+02
2.828490600585937500e+02
2.828231811523437500e+02
2.832141418457031250e+02
2.856138610839843750e+02
2.843528747558593750e+02
2.853080749511718750e+02
2.835511474609375000e+02
2.837043762207031250e+02
2.809398498535156250e+02
2.985817260742187500e+02
2.823660888671875000e+02
2.829113159179687500e+02
2.799230651855468750e+02
2.793147277832031250e+02
2.799230651855468750e+02
2.812467041015625000e+02
2.812085571289062500e+02
2.812085571289062500e+02
2.821134338378906250e+02
2.823294677734375000e+02
2.812212829589843750e+02
2.825452270507812500e+02
2.816299438476562500e+02
2.821519470214843750e+02
2.819612121582031250e+02
2.806315002441406250e+02
2.811316528320312500e+02
2.816299438476562500e+02
2.810806579589843750e+02
2.818971252441406250e+02
2.819470825195312500e+02
2.829731445312500000e+02
2.820486755371093750e+02
2.829731445312500000e+02
2.829731445312500000e+02
2.829992980957031250e+02
2.822776794433593750e+02
2.822646484375000000e+02
2.814249267578125000e+02
2.818323669433593750e+02
2.829336853027343750e+02
2.837652587890625000e+02
2.830740051269531250e+02
2.844528198242187500e+02
2.840661010742187500e+02
2.830740051269531250e+02
2.823920898437500000e+02
2.832271728515625000e+02
2.824180603027343750e+02
2.835685119628906250e+02
2.825452270507812500e+02
2.840840454101562500e+02
2.830641784667968750e+02
2.837306213378906250e+02
2.845191345214843750e+02
2.840661010742187500e+02
2.850640258789062500e+02
2.848515930175781250e+02
2.865610351562500000e+02
2.851499938964843750e+02
2.847920532226562500e+02
2.825064392089843750e+02
2.822279663085937500e+02
2.829372558593750000e+02
2.843454284667968750e+02
2.832401733398437500e+02
2.840710144042968750e+02
2.834677734375000000e+02
2.827736206054687500e+02
2.820373840332031250e+02
2.823423461914062500e+02
2.825323181152343750e+02
2.825323181152343750e+02
2.828983154296875000e+02
2.828721313476562500e+02
2.843395385742187500e+02
2.844126892089843750e+02
2.857893981933593750e+02
2.851230773925781250e+02
2.857041931152343750e+02
2.859017639160156250e+02
2.841262512207031250e+02
2.848650512695312500e+02
2.838656311035156250e+02
2.834026489257812500e+02
2.838788452148437500e+02
2.838920593261718750e+02
2.860547790527343750e+02
2.868693237304687500e+02
2.841057434082031250e+02
2.844191284179687500e+02
2.842794799804687500e+02
2.855737304687500000e+02
2.855737304687500000e+02
2.841188964843750000e+02
2.823165283203125000e+02
2.831522521972656250e+02
2.834548034667968750e+02
2.838831787109375000e+02
2.830771179199218750e+02
2.852829589843750000e+02
2.851438903808593750e+02
2.854420471191406250e+02
2.850045471191406250e+02
2.839183044433593750e+02
2.842059326171875000e+02
2.840186767578125000e+02
2.851768188476562500e+02
2.853888244628906250e+02
2.859425354003906250e+02
2.842528991699218750e+02
2.832625427246093750e+02
2.828327331542968750e+02
2.840661010742187500e+02
2.858119812011718750e+02
2.848053283691406250e+02
2.851306152343750000e+02
2.840186767578125000e+02
2.856405334472656250e+02
2.851306152343750000e+02
2.854021911621093750e+02
2.852034912109375000e+02
2.849645690917968750e+02
2.858841247558593750e+02
2.856593322753906250e+02
2.858706665039062500e+02
2.853620300292968750e+02
2.859560241699218750e+02
2.858437194824218750e+02
2.857717895507812500e+02
2.848783264160156250e+02
2.865165405273437500e+02
2.851173400878906250e+02
2.844323425292968750e+02
2.832010803222656250e+02
2.838048095703125000e+02
2.834769897460937500e+02
2.842794799804687500e+02
2.834769897460937500e+02
2.843927307128906250e+02
2.858706665039062500e+02
2.860951843261718750e+02
2.846057739257812500e+02
2.843059692382812500e+02
2.847920532226562500e+02
2.854880065917968750e+02
2.854477539062500000e+02
2.831002197265625000e+02
2.822150573730468750e+02
2.838441467285156250e+02
2.826077575683593750e+02
2.830382995605468750e+02
2.828102111816406250e+02
2.848650512695312500e+02
2.841661682128906250e+02
2.850506286621093750e+02
2.858437194824218750e+02
2.857041931152343750e+02
2.850960998535156250e+02
2.855198364257812500e+02
2.843927307128906250e+02
2.846057739257812500e+02
2.844455261230468750e+02
2.842453613281250000e+02
2.829372558593750000e+02
2.835424804687500000e+02
2.836170043945312500e+02
2.850177917480468750e+02
2.844794006347656250e+02
2.852761230468750000e+02
2.843661804199218750e+02
2.853753967285156250e+02
2.858572082519531250e+02
2.853620300292968750e+02
2.855871276855468750e+02
2.854021911621093750e+02
2.849314575195312500e+02
2.852300720214843750e+02
2.855280761718750000e+02
2.830382995605468750e+02
2.820373840332031250e+02
2.827607727050781250e+02
2.824566650390625000e+02
2.826594543457031250e+02
2.817447204589843750e+02
2.836820983886718750e+02
2.832661132812500000e+02
2.841843261718750000e+02
2.835554809570312500e+02
2.835554809570312500e+02
2.840317993164062500e+02
2.844455261230468750e+02
2.845323486328125000e+02
2.850443115234375000e+02
2.840186767578125000e+02
2.846190185546875000e+02
2.852034912109375000e+02
2.856004943847656250e+02
2.856004943847656250e+02
2.851306152343750000e+02
2.856996154785156250e+02
2.855280761718750000e+02
2.855412902832031250e+02
2.854420471191406250e+02
2.851438903808593750e+02
2.858387145996093750e+02
2.853294677734375000e+02
2.854288330078125000e+02
2.853294677734375000e+02
2.853427124023437500e+02
2.855280761718750000e+02
2.865299682617187500e+02
2.852433166503906250e+02
2.848185729980468750e+02
2.840186767578125000e+02
2.835163879394531250e+02
2.826207275390625000e+02
2.821263122558593750e+02
2.826465454101562500e+02
2.828361206054687500e+02
2.831392822265625000e+02
2.826077575683593750e+02
2.832888183593750000e+02
2.832888183593750000e+02
2.833763732910156250e+02
2.839790954589843750e+02
2.831879882812500000e+02
2.834901733398437500e+02
2.840186767578125000e+02
2.841057434082031250e+02
2.850773925781250000e+02
2.851768188476562500e+02
2.851633911132812500e+02
2.847787170410156250e+02
2.831879882812500000e+02
2.832010803222656250e+02
2.830512695312500000e+02
2.829501953125000000e+02
2.833540039062500000e+02
2.840448913574218750e+02
2.847452087402343750e+02
2.842453613281250000e+02
2.849447021484375000e+02
2.851306152343750000e+02
2.783664855957031250e+02
2.788870849609375000e+02
2.809393920898437500e+02
2.813489990234375000e+02
2.832756958007812500e+02
2.782498168945312500e+02
2.786365051269531250e+02
2.801793518066406250e+02
2.816934814453125000e+02
2.818847961425781250e+02
2.826723022460937500e+02
2.824566650390625000e+02
2.839576721191406250e+02
2.837174987792968750e+02
2.827841491699218750e+02
2.807733459472656250e+02
2.815278625488281250e+02
2.802199401855468750e+02
2.831651916503906250e+02
2.859829711914062500e+02
2.833540039062500000e+02
2.830771179199218750e+02
2.833928222656250000e+02
2.833928222656250000e+02
2.839706420898437500e+02
2.844848022460937500e+02
2.832661132812500000e+02
2.836038818359375000e+02
2.837043762207031250e+02
2.864895935058593750e+02
2.842453613281250000e+02
2.841451721191406250e+02
2.837785034179687500e+02
2.807342224121093750e+02
2.841451721191406250e+02
2.844059448242187500e+02
2.857583007812500000e+02
2.825686950683593750e+02
2.830609130859375000e+02
2.841057434082031250e+02
2.836300354003906250e+02
2.830740051269531250e+02
2.852223510742187500e+02
2.819988708496093750e+02
2.837697448730468750e+02
2.836300354003906250e+02
2.843927307128906250e+02
2.856996154785156250e+02
2.841582031250000000e+02
2.842715454101562500e+02
2.839052124023437500e+02
2.824308776855468750e+02
2.838441467285156250e+02
2.864045715332031250e+02
2.863911437988281250e+02
2.817191162109375000e+02
2.832625427246093750e+02
2.840054931640625000e+02
2.844455261230468750e+02
2.832661132812500000e+02
2.858119812011718750e+02
2.870791320800781250e+02
2.851901550292968750e+02
2.825817871093750000e+02
2.853161621093750000e+02
2.853294677734375000e+02
2.864180908203125000e+02
2.871635437011718750e+02
2.854021911621093750e+02
2.848317871093750000e+02
2.841320495605468750e+02
2.845586547851562500e+02
2.869674987792968750e+02
2.851040649414062500e+02
2.823423461914062500e+02
2.854553527832031250e+02
2.853427124023437500e+02
2.847583923339843750e+02
2.857130126953125000e+02
2.867711791992187500e+02
2.855603027343750000e+02
2.853028564453125000e+02
2.856004943847656250e+02
2.855737304687500000e+02
2.856862487792968750e+02
2.861086730957031250e+02
2.863911437988281250e+02
2.859829711914062500e+02
2.864761657714843750e+02
2.851040649414062500e+02
2.850773925781250000e+02
2.855468444824218750e+02
2.851040649414062500e+02
2.851570434570312500e+02
2.851570434570312500e+02
2.853427124023437500e+02
2.850706787109375000e+02
2.840579528808593750e+02
2.854685363769531250e+02
2.851702880859375000e+02
2.850443115234375000e+02
2.857130126953125000e+02
2.847055969238281250e+02
2.856004943847656250e+02
2.862073059082031250e+02
2.850177917480468750e+02
2.851306152343750000e+02
2.853161621093750000e+02
2.849049682617187500e+02
2.854611816406250000e+02
2.845792541503906250e+02
2.848916625976562500e+02
2.840054931640625000e+02
2.836300354003906250e+02
2.844191284179687500e+02
2.854288330078125000e+02
2.868251647949218750e+02
2.853294677734375000e+02
2.858387145996093750e+02
2.861220092773437500e+02
2.857529296875000000e+02
2.846585388183593750e+02
2.846454162597656250e+02
2.846322021484375000e+02
2.841057434082031250e+02
2.848783264160156250e+02
2.853888244628906250e+02
2.845059204101562500e+02
2.854420471191406250e+02
2.845455017089843750e+02
2.847583923339843750e+02
2.853294677734375000e+02
2.864045715332031250e+02
2.854154968261718750e+02
2.859963989257812500e+02
2.876522827148437500e+02
2.872885742187500000e+02
2.842322082519531250e+02
2.846454162597656250e+02
2.859963989257812500e+02
2.855147094726562500e+02
2.858975219726562500e+02
2.851173400878906250e+02
2.845191345214843750e+02
2.834157104492187500e+02
2.842453613281250000e+02
2.840710144042968750e+02
2.838572082519531250e+02
2.848450317382812500e+02
2.852433166503906250e+02
2.824050903320312500e+02
2.838441467285156250e+02
2.837697448730468750e+02
2.835554809570312500e+02
2.838572082519531250e+02
2.842715454101562500e+02
2.839445800781250000e+02
2.850575256347656250e+02
2.849841613769531250e+02
2.844978637695312500e+02
2.841973266601562500e+02
2.843847045898437500e+02
2.845455017089843750e+02
2.841188964843750000e+02
2.837916564941406250e+02
2.855871276855468750e+02
2.851040649414062500e+02
2.839445800781250000e+02
2.841582031250000000e+02
2.835814514160156250e+02
2.827478027343750000e+02
2.818338012695312500e+02
2.828490600585937500e+02
2.821519470214843750e+02
2.840840454101562500e+02
2.835065307617187500e+02
2.835065307617187500e+02
2.827992858886718750e+02
2.825709533691406250e+02
2.834548034667968750e+02
2.838920593261718750e+02
2.831002197265625000e+02
2.831002197265625000e+02
2.831002197265625000e+02
2.832141418457031250e+02
2.836912536621093750e+02
2.835775756835937500e+02
2.848053283691406250e+02
2.852565917968750000e+02
2.841843261718750000e+02
2.835065307617187500e+02
2.839837036132812500e+02
2.849447021484375000e+02
2.838572082519531250e+02
2.838572082519531250e+02
2.842976074218750000e+02
2.799253234863281250e+02
2.773387451171875000e+02
2.789286499023437500e+02
2.797821655273437500e+02
2.794719848632812500e+02
2.810292663574218750e+02
2.795754394531250000e+02
2.805680847167968750e+02
2.815786132812500000e+02
2.833763732910156250e+02
2.822776794433593750e+02
2.835643615722656250e+02
2.814637145996093750e+02
2.808758544921875000e+02
2.794594421386718750e+02
2.808885498046875000e+02
2.801947326660156250e+02
2.804258422851562500e+02
2.796004943847656250e+02
2.787707214355468750e+02
2.801821289062500000e+02
2.810934753417968750e+02
2.810679016113281250e+02
2.807349548339843750e+02
2.792145996093750000e+02
2.781206970214843750e+02
2.799885864257812500e+02
2.805413208007812500e+02
2.792898864746093750e+02
2.809267272949218750e+02
2.819356689453125000e+02
2.820875549316406250e+02
2.819859008789062500e+02
2.820875549316406250e+02
2.818210144042968750e+02
2.814765625000000000e+02
2.810671386718750000e+02
2.814765625000000000e+02
2.816554870605468750e+02
2.819484558105468750e+02
2.818210144042968750e+02
2.821134338378906250e+02
2.827972106933593750e+02
2.828983154296875000e+02
2.823791503906250000e+02
2.821005554199218750e+02
2.795879821777343750e+02
2.817447204589843750e+02
2.796004943847656250e+02
2.824438171386718750e+02
2.795879821777343750e+02
2.822407836914062500e+02
2.807342224121093750e+02
2.824823303222656250e+02
2.824695129394531250e+02
2.808494567871093750e+02
2.829760131835937500e+02
2.815533752441406250e+02
2.838441467285156250e+02
2.839445800781250000e+02
2.823551635742187500e+02
2.821391601562500000e+02
2.825709533691406250e+02
2.826979370117187500e+02
2.826851501464843750e+02
2.819740295410156250e+02
2.817955322265625000e+02
2.821012573242187500e+02
2.817828369140625000e+02
2.815660705566406250e+02
2.811570129394531250e+02
2.828619384765625000e+02
2.802073669433593750e+02
2.812085571289062500e+02
2.828102111816406250e+02
2.836038818359375000e+02
2.786418151855468750e+02
2.772150878906250000e+02
2.800137023925781250e+02
2.807861022949218750e+02
2.772955322265625000e+02
2.755255737304687500e+02
2.769118347167968750e+02
2.767254638671875000e+02
2.777271728515625000e+02
2.803480224609375000e+02
2.809646911621093750e+02
2.822407836914062500e+02
2.808114929199218750e+02
2.779117736816406250e+02
2.781330566406250000e+02
2.804509887695312500e+02
2.798447265625000000e+02
2.800637512207031250e+02
2.791195983886718750e+02
2.778993835449218750e+02
2.816299438476562500e+02
2.794719848632812500e+02
2.830641784667968750e+02
2.807215270996093750e+02
2.831392822265625000e+02
2.835554809570312500e+02
2.814512329101562500e+02
2.811822509765625000e+02
2.807844848632812500e+02
2.820121154785156250e+02
2.811948242187500000e+02
2.808746032714843750e+02
2.815660705566406250e+02
2.827607727050781250e+02
2.806062011718750000e+02
2.823036193847656250e+02
2.833894958496093750e+02
2.802214660644531250e+02
2.782744445800781250e+02
2.804006042480468750e+02
2.828102111816406250e+02
2.837174987792968750e+02
2.821891479492187500e+02
2.827841491699218750e+02
2.843661804199218750e+02
2.811829223632812500e+02
2.795095214843750000e+02
2.798197937011718750e+02
2.812212829589843750e+02
2.805160827636718750e+02
2.806566772460937500e+02
2.805663452148437500e+02
2.828877258300781250e+02
2.808872070312500000e+02
2.831156616210937500e+02
2.817188110351562500e+02
2.822156982421875000e+02
2.806942749023437500e+02
2.819101867675781250e+02
2.802825012207031250e+02
2.804509887695312500e+02
2.802700500488281250e+02
2.815913696289062500e+02
2.805789184570312500e+02
2.822030029296875000e+02
2.819228820800781250e+02
2.809897766113281250e+02
2.800637512207031250e+02
2.810671386718750000e+02
2.796502990722656250e+02
2.814121398925781250e+02
2.809897766113281250e+02
2.808997192382812500e+02
2.808620605468750000e+02
2.806691589355468750e+02
2.813869628906250000e+02
2.815018310546875000e+02
2.816808166503906250e+02
2.813616333007812500e+02
2.813743591308593750e+02
2.818721313476562500e+02
2.825965881347656250e+02
2.827362670898437500e+02
2.829261169433593750e+02
2.815913696289062500e+02
2.798197937011718750e+02
2.797039184570312500e+02
2.793934326171875000e+02
2.810165405273437500e+02
2.811957702636718750e+02
2.821134338378906250e+02
2.822150573730468750e+02
2.826465454101562500e+02
2.841451721191406250e+02
2.826594543457031250e+02
2.824566650390625000e+02
2.826336364746093750e+02
2.821391601562500000e+02
2.821519470214843750e+02
2.843585815429687500e+02
2.848713378906250000e+02
2.845718078613281250e+02
2.843585815429687500e+02
2.840579528808593750e+02
2.843323364257812500e+02
2.846322021484375000e+02
2.847583923339843750e+02
2.832790527343750000e+02
2.821903076171875000e+02
2.815787048339843750e+02
2.814639282226562500e+02
2.816171264648437500e+02
2.815022888183593750e+02
2.816043090820312500e+02
2.824438171386718750e+02
2.824180603027343750e+02
2.824934997558593750e+02
2.807861022949218750e+02
2.806834716796875000e+02
2.807089233398437500e+02
2.816299438476562500e+02
2.820875549316406250e+02
2.837785034179687500e+02
2.830477905273437500e+02
2.816417846679687500e+02
2.811572875976562500e+02
2.779364318847656250e+02
2.797661743164062500e+02
2.812593994140625000e+02
2.802199401855468750e+02
2.804384460449218750e+02
2.817702026367187500e+02
2.816554870605468750e+02
2.814257507324218750e+02
2.820245971679687500e+02
2.822150573730468750e+02
2.825948181152343750e+02
2.839923400878906250e+02
2.829862365722656250e+02
2.814257507324218750e+02
2.815533752441406250e+02
2.814639282226562500e+02
2.822255249023437500e+02
2.827579956054687500e+02
2.819730224609375000e+02
2.832888183593750000e+02
2.825194702148437500e+02
2.827089843750000000e+02
2.815406188964843750e+02
2.819228515625000000e+02
2.809013366699218750e+02
2.841320495605468750e+02
2.832401733398437500e+02
2.827607727050781250e+02
2.827736206054687500e+02
2.830771179199218750e+02
2.833928222656250000e+02
2.825452270507812500e+02
2.828748779296875000e+02
2.827349548339843750e+02
2.823423461914062500e+02
2.820373840332031250e+02
2.832531738281250000e+02
2.813107910156250000e+02
2.825194702148437500e+02
2.823920898437500000e+02
2.830123291015625000e+02
2.826830139160156250e+02
2.831879882812500000e+02
2.816676330566406250e+02
2.824674682617187500e+02
2.817565612792968750e+02
2.812337341308593750e+02
2.831485900878906250e+02
2.818453369140625000e+02
2.815398864746093750e+02
2.814894104003906250e+02
2.820885009765625000e+02
2.809646911621093750e+02
2.824063110351562500e+02
2.815660705566406250e+02
2.814257507324218750e+02
2.817319335937500000e+02
2.811957702636718750e+02
2.820373840332031250e+02
2.830123291015625000e+02
2.852167968750000000e+02
2.831002197265625000e+02
2.837174987792968750e+02
2.837174987792968750e+02
2.841320495605468750e+02
2.828983154296875000e+02
2.825064392089843750e+02
2.823036193847656250e+02
2.801567382812500000e+02
2.818971252441406250e+02
2.816933898925781250e+02
2.807477722167968750e+02
2.850310974121093750e+02
2.831133117675781250e+02
2.835554809570312500e+02
2.840054931640625000e+02
2.831748657226562500e+02
2.835294189453125000e+02
2.809910888671875000e+02
2.833367919921875000e+02
2.846255493164062500e+02
2.827710876464843750e+02
2.832141418457031250e+02
2.818338012695312500e+02
2.811062011718750000e+02
2.819228515625000000e+02
2.832401733398437500e+02
2.844455261230468750e+02
2.852433166503906250e+02
2.847187805175781250e+02
2.857263488769531250e+02
2.856727905273437500e+02
2.855332946777343750e+02
2.872478027343750000e+02
2.863641052246093750e+02
2.848317871093750000e+02
2.840317993164062500e+02
2.845586547851562500e+02
2.842190551757812500e+02
2.849182739257812500e+02
2.840925292968750000e+02
2.852034912109375000e+02
2.831879882812500000e+02
2.848650512695312500e+02
2.823400268554687500e+02
2.829205322265625000e+02
2.823755798339843750e+02
2.819832763671875000e+02
2.821005554199218750e+02
2.817952880859375000e+02
2.842453613281250000e+02
2.829372558593750000e+02
2.848650512695312500e+02
2.857448425292968750e+02
2.857717895507812500e+02
2.852167968750000000e+02
2.840317993164062500e+02
2.841320495605468750e+02
2.844455261230468750e+02
2.848317871093750000e+02
2.844191284179687500e+02
2.841926574707031250e+02
2.842794799804687500e+02
2.839393310546875000e+02
2.843395385742187500e+02
2.840661010742187500e+02
2.837785034179687500e+02
2.834638366699218750e+02
2.833235473632812500e+02
2.828459167480468750e+02
2.839525451660156250e+02
2.839525451660156250e+02
2.853620300292968750e+02
2.823808288574218750e+02
2.830771179199218750e+02
2.824566650390625000e+02
2.824308776855468750e+02
2.831392822265625000e+02
2.848317871093750000e+02
2.840054931640625000e+02
2.847055969238281250e+02
2.839923400878906250e+02
2.844260253906250000e+02
2.845392456054687500e+02
2.853485717773437500e+02
2.847787170410156250e+02
2.844059448242187500e+02
2.856593322753906250e+02
2.856727905273437500e+02
2.857986450195312500e+02
2.839314880371093750e+02
2.853559875488281250e+02
2.843847045898437500e+02
2.843847045898437500e+02
2.833799133300781250e+02
2.835775756835937500e+02
2.849645690917968750e+02
2.849512023925781250e+02
2.845392456054687500e+02
2.850506286621093750e+02
2.828721313476562500e+02
2.817695007324218750e+02
2.825948181152343750e+02
2.818971252441406250e+02
2.827349548339843750e+02
2.839445800781250000e+02
2.844323425292968750e+02
2.858519592285156250e+02
2.862341308593750000e+02
2.852167968750000000e+02
2.843191528320312500e+02
2.846057739257812500e+02
2.842927551269531250e+02
2.851633911132812500e+02
2.863776245117187500e+02
2.875683898925781250e+02
2.870382690429687500e+02
2.845526123046875000e+02
2.853753967285156250e+02
2.853161621093750000e+02
2.850045471191406250e+02
2.871498718261718750e+02
2.854746093750000000e+02
2.857717895507812500e+02
2.845059204101562500e+02
2.828102111816406250e+02
2.825194702148437500e+02
2.829242858886718750e+02
2.824050903320312500e+02
2.833280029296875000e+02
2.836170043945312500e+02
2.835163879394531250e+02
2.834157104492187500e+02
2.838788452148437500e+02
2.845792541503906250e+02
2.842662353515625000e+02
2.849779052734375000e+02
2.853888244628906250e+02
2.861804809570312500e+02
2.856138610839843750e+02
2.842190551757812500e+02
2.855545959472656250e+02
2.851438903808593750e+02
2.846322021484375000e+02
2.845191345214843750e+02
2.841057434082031250e+02
2.834157104492187500e+02
2.852300720214843750e+02
2.841320495605468750e+02
2.846585388183593750e+02
2.829501953125000000e+02
2.840710144042968750e+02
2.833410339355468750e+02
2.834548034667968750e+02
2.829372558593750000e+02
2.833540039062500000e+02
2.831262817382812500e+02
2.832271728515625000e+02
2.836038818359375000e+02
2.840661010742187500e+02
2.846389465332031250e+02
2.837652587890625000e+02
2.836561279296875000e+02
2.824308776855468750e+02
2.835424804687500000e+02
2.838310852050781250e+02
2.842322082519531250e+02
2.839445800781250000e+02
2.849314575195312500e+02
2.849314575195312500e+02
2.853161621093750000e+02
2.847452087402343750e+02
2.844586486816406250e+02
2.846716613769531250e+02
2.846585388183593750e+02
2.847715148925781250e+02
2.847583923339843750e+02
2.858519592285156250e+02
2.851306152343750000e+02
2.850177917480468750e+02
2.844191284179687500e+02
2.850310974121093750e+02
2.843454284667968750e+02
2.847583923339843750e+02
2.848582458496093750e+02
2.857661743164062500e+02
2.853692016601562500e+02
2.856670532226562500e+02
2.853427124023437500e+02
2.844586486816406250e+02
2.853294677734375000e+02
2.852565917968750000e+02
2.851570434570312500e+02
2.851438903808593750e+02
2.848185729980468750e+02
2.852167968750000000e+02
2.848053283691406250e+02
2.849182739257812500e+02
2.849182739257812500e+02
2.848185729980468750e+02
2.859829711914062500e+02
2.849182739257812500e+02
2.853028564453125000e+02
2.841926574707031250e+02
2.849645690917968750e+02
2.856727905273437500e+02
2.862791137695312500e+02
2.837436218261718750e+02
2.829501953125000000e+02
2.831651916503906250e+02
2.830512695312500000e+02
2.844586486816406250e+02
2.838179321289062500e+02
2.844059448242187500e+02
2.839658813476562500e+02
2.846057739257812500e+02
2.846190185546875000e+02
2.844191284179687500e+02
2.857529296875000000e+02
2.847320556640625000e+02
2.843454284667968750e+02
2.852433166503906250e+02
2.854154968261718750e+02
2.863328247070312500e+02
2.862073059082031250e+02
2.860098266601562500e+02
2.848317871093750000e+02
2.845718078613281250e+02
2.841843261718750000e+02
2.829760131835937500e+02
2.839445800781250000e+02
2.831392822265625000e+02
2.832401733398437500e+02
2.836300354003906250e+02
2.833149108886718750e+02
2.853161621093750000e+02
2.838702087402343750e+02
2.847977600097656250e+02
2.846847534179687500e+02
2.856537780761718750e+02
2.856405334472656250e+02
2.847715148925781250e+02
2.847715148925781250e+02
2.842190551757812500e+02
2.831651916503906250e+02
2.837956542968750000e+02
2.845586547851562500e+02
2.839183044433593750e+02
2.855280761718750000e+02
2.838441467285156250e+02
2.842453613281250000e+02
2.822407836914062500e+02
2.828231811523437500e+02
2.837916564941406250e+02
2.828490600585937500e+02
2.824308776855468750e+02
2.829372558593750000e+02
2.821761779785156250e+02
2.827972106933593750e+02
2.829862365722656250e+02
2.830123291015625000e+02
2.831522521972656250e+02
2.829631042480468750e+02
2.828619384765625000e+02
2.828748779296875000e+02
2.827736206054687500e+02
2.829501953125000000e+02
2.836431274414062500e+02
2.832271728515625000e+02
2.822536010742187500e+02
2.815533752441406250e+02
2.827864990234375000e+02
2.830145263671875000e+02
2.833048095703125000e+02
2.823679504394531250e+02
2.825581054687500000e+02
2.835424804687500000e+02
2.821891479492187500e+02
2.829113159179687500e+02
2.830123291015625000e+02
2.822646484375000000e+02
2.828983154296875000e+02
2.820746459960937500e+02
2.803229675292968750e+02
2.812846374511718750e+02
2.807844848632812500e+02
2.810545654296875000e+02
2.797164306640625000e+02
2.819228515625000000e+02
2.818210144042968750e+02
2.818466186523437500e+02
2.816681518554687500e+02
2.811570129394531250e+02
2.824438171386718750e+02
2.818466186523437500e+02
2.817062683105468750e+02
2.815022888183593750e+02
2.821134338378906250e+02
2.821391601562500000e+02
2.818338012695312500e+02
2.823551635742187500e+02
2.815406188964843750e+02
2.820758056640625000e+02
2.785200195312500000e+02
2.807593688964843750e+02
2.802073669433593750e+02
2.813743591308593750e+02
2.802575378417968750e+02
2.802450256347656250e+02
2.788201904296875000e+02
2.785200195312500000e+02
2.790157775878906250e+02
2.797538146972656250e+02
2.791443481445312500e+02
2.795095214843750000e+02
2.816554870605468750e+02
2.821775207519531250e+02
2.838344116210937500e+02
2.820121154785156250e+02
2.812720336914062500e+02
2.815278625488281250e+02
2.789411621093750000e+02
2.791072387695312500e+02
2.788870849609375000e+02
2.797821655273437500e+02
2.785376892089843750e+02
2.771906127929687500e+02
2.763603820800781250e+02
2.758194274902343750e+02
2.795219726562500000e+02
2.795467834472656250e+02
2.803355102539062500e+02
2.802073669433593750e+02
2.813107910156250000e+02
2.820875549316406250e+02
2.815151062011718750e+02
2.789785461425781250e+02
2.793934326171875000e+02
2.815533752441406250e+02
2.837567138671875000e+02
2.821519470214843750e+02
2.808620605468750000e+02
2.819101867675781250e+02
2.823173828125000000e+02
2.815787048339843750e+02
2.810545654296875000e+02
2.829631042480468750e+02
2.822664184570312500e+02
2.825838012695312500e+02
2.816554870605468750e+02
2.825838012695312500e+02
2.818721313476562500e+02
2.819994506835937500e+02
2.824951171875000000e+02
2.820373840332031250e+02
2.827710876464843750e+02
2.820373840332031250e+02
