2.837280883789062500e+02
2.846514587402343750e+02
2.827738342285156250e+02
2.844807739257812500e+02
2.840139160156250000e+02
2.838522033691406250e+02
2.843947753906250000e+02
2.837480468750000000e+02
2.826036682128906250e+02
2.835287780761718750e+02
2.832512207031250000e+02
2.825242309570312500e+02
2.831637878417968750e+02
2.819206848144531250e+02
2.823992309570312500e+02
2.834210205078125000e+02
2.834210205078125000e+02
2.832669067382812500e+02
2.827890319824218750e+02
2.826272583007812500e+02
2.827229003906250000e+02
2.827816772460937500e+02
2.828109436035156250e+02
2.839762878417968750e+02
2.837569580078125000e+02
2.827074890136718750e+02
2.835746765136718750e+02
2.829728088378906250e+02
2.839270629882812500e+02
2.838979797363281250e+02
2.847263793945312500e+02
2.836409912109375000e+02
2.850118408203125000e+02
2.853546447753906250e+02
2.851358337402343750e+02
2.845938415527343750e+02
2.855822143554687500e+02
2.847926025390625000e+02
2.843163757324218750e+02
2.839933471679687500e+02
2.841548767089843750e+02
2.840886840820312500e+02
2.846601257324218750e+02
2.843659973144531250e+02
2.840139160156250000e+02
2.845850524902343750e+02
2.838233642578125000e+02
2.833466186523437500e+02
2.842331542968750000e+02
2.852409057617187500e+02
2.834998779296875000e+02
2.843659973144531250e+02
2.833175659179687500e+02
2.836700744628906250e+02
2.828693847656250000e+02
2.824948730468750000e+02
2.837072753906250000e+02
2.836118469238281250e+02
2.849743957519531250e+02
2.852971191406250000e+02
2.843371276855468750e+02
2.843744812011718750e+02
2.837654418945312500e+02
2.851358337402343750e+02
2.845938415527343750e+02
2.842501831054687500e+02
2.834210205078125000e+02
2.836409912109375000e+02
2.829065246582031250e+02
2.828109436035156250e+02
2.827446289062500000e+02
2.841466369628906250e+02
2.830975341796875000e+02
2.837072753906250000e+02
2.831637878417968750e+02
2.840886840820312500e+02
2.847466125488281250e+02
2.839270629882812500e+02
2.837072753906250000e+02
2.840513916015625000e+02
2.841176757812500000e+02
2.836118469238281250e+02
2.835164489746093750e+02
2.833547363281250000e+02
2.832300720214843750e+02
2.836118469238281250e+02
2.841548767089843750e+02
2.833917236328125000e+02
2.835456237792968750e+02
2.830682983398437500e+02
2.839850158691406250e+02
2.833175659179687500e+02
2.830603332519531250e+02
2.837280883789062500e+02
2.843371276855468750e+02
2.836990966796875000e+02
2.836700744628906250e+02
2.841755371093750000e+02
2.832221374511718750e+02
2.836616516113281250e+02
2.839186401367187500e+02
2.838522033691406250e+02
2.830311889648437500e+02
2.841755371093750000e+02
2.834792785644531250e+02
2.840513916015625000e+02
2.838607788085937500e+02
2.831266784667968750e+02
2.836037597656250000e+02
2.832512207031250000e+02
2.836037597656250000e+02
2.831557922363281250e+02
2.841755371093750000e+02
2.837944030761718750e+02
2.840513916015625000e+02
2.841755371093750000e+02
2.836409912109375000e+02
2.847178344726562500e+02
2.844323425292968750e+02
2.850604858398437500e+02
2.846227111816406250e+02
2.830682983398437500e+02
2.836118469238281250e+02
2.819868774414062500e+02
2.821488342285156250e+02
2.825021057128906250e+02
2.823402709960937500e+02
2.825977783203125000e+02
2.829141235351562500e+02
2.834578857421875000e+02
2.828479309082031250e+02
2.832962646484375000e+02
2.832962646484375000e+02
2.828772277832031250e+02
2.829434814453125000e+02
2.836700744628906250e+02
2.830390014648437500e+02
2.843744812011718750e+02
2.844034423828125000e+02
2.837442626953125000e+02
2.831713867187500000e+02
2.833624267578125000e+02
2.835164489746093750e+02
2.836409912109375000e+02
2.841466369628906250e+02
2.846889953613281250e+02
2.846889953613281250e+02
2.846312255859375000e+02
2.845069274902343750e+02
2.843454895019531250e+02
2.837363586425781250e+02
2.846801757812500000e+02
2.860379943847656250e+02
2.848703613281250000e+02
2.843659973144531250e+02
2.839933471679687500e+02
2.825316162109375000e+02
2.832375183105468750e+02
2.833036193847656250e+02
2.834946594238281250e+02
2.837442626953125000e+02
2.851069946289062500e+02
2.858758544921875000e+02
2.846683959960937500e+02
2.851814270019531250e+02
2.839719543457031250e+02
2.839350585937500000e+02
2.846683959960937500e+02
2.834285583496093750e+02
2.821555786132812500e+02
2.824791564941406250e+02
2.818382568359375000e+02
2.827662963867187500e+02
2.826705932617187500e+02
2.822810668945312500e+02
2.826639099121093750e+02
2.834578857421875000e+02
2.830390014648437500e+02
2.832592773437500000e+02
2.828772277832031250e+02
2.823329467773437500e+02
2.817218627929687500e+02
2.820753479003906250e+02
2.803496093750000000e+02
2.764341430664062500e+02
2.789479064941406250e+02
2.769535522460937500e+02
2.801997985839843750e+02
2.790798645019531250e+02
2.786280212402343750e+02
2.819572753906250000e+02
2.824493103027343750e+02
2.814845275878906250e+02
2.805241699218750000e+02
2.813225402832031250e+02
2.816763610839843750e+02
2.819937133789062500e+02
2.817061767578125000e+02
2.818382568359375000e+02
2.814545898437500000e+02
2.820299377441406250e+02
2.814185180664062500e+02
2.807464904785156250e+02
2.812564697265625000e+02
2.820895385742187500e+02
2.814185180664062500e+02
2.814245910644531250e+02
2.818083496093750000e+02
2.824493103027343750e+02
2.813585815429687500e+02
2.817423706054687500e+02
2.815144042968750000e+02
2.822810668945312500e+02
2.817953186035156250e+02
2.810282592773437500e+02
2.833175659179687500e+02
2.819426574707031250e+02
2.825455322265625000e+02
2.817881469726562500e+02
2.801696777343750000e+02
2.808425292968750000e+02
2.825021057128906250e+02
2.814245910644531250e+02
2.820597839355468750e+02
2.808425292968750000e+02
2.832669067382812500e+02
2.802959594726562500e+02
2.818614807128906250e+02
2.799521789550781250e+02
2.806917114257812500e+02
2.809142456054687500e+02
2.806862487792968750e+02
2.799469909667968750e+02
2.803318176269531250e+02
2.803260192871093750e+02
2.796224060058593750e+02
2.809685363769531250e+02
2.809024353027343750e+02
2.765268859863281250e+02
2.772749633789062500e+02
2.758869018554687500e+02
2.781452636718750000e+02
2.775652465820312500e+02
2.786889953613281250e+02
2.775959777832031250e+02
2.808425292968750000e+02
2.805901489257812500e+02
2.807764587402343750e+02
2.806442565917968750e+02
2.819501953125000000e+02
2.829434814453125000e+02
2.817722473144531250e+02
2.815864868164062500e+02
2.817423706054687500e+02
2.815739746093750000e+02
2.784906921386718750e+02
2.767908020019531250e+02
2.774992370605468750e+02
2.760809936523437500e+02
2.790798645019531250e+02
2.774067077636718750e+02
2.802658386230468750e+02
2.799111938476562500e+02
2.816401062011718750e+02
2.800734558105468750e+02
2.797847290039062500e+02
2.791103210449218750e+02
2.792067565917968750e+02
2.785974426269531250e+02
2.781496276855468750e+02
2.798149414062500000e+02
2.758210449218750000e+02
2.789174804687500000e+02
2.807823791503906250e+02
2.799469909667968750e+02
2.798204040527343750e+02
2.802054138183593750e+02
2.800734558105468750e+02
2.802658386230468750e+02
2.799413757324218750e+02
2.803920898437500000e+02
2.782723999023437500e+02
2.811604919433593750e+02
2.807402954101562500e+02
2.807701416015625000e+02
2.798752746582031250e+02
2.804221496582031250e+02
2.805119018554687500e+02
2.804820556640625000e+02
2.808362731933593750e+02
2.798451538085937500e+02
2.806143188476562500e+02
2.796526489257812500e+02
2.806143188476562500e+02
2.797489013671875000e+02
2.816698303222656250e+02
2.814483032226562500e+02
2.818978576660156250e+02
2.817124023437500000e+02
2.813585815429687500e+02
2.821488342285156250e+02
2.796828002929687500e+02
2.827738342285156250e+02
2.812428894042968750e+02
2.786280212402343750e+02
2.783383789062500000e+02
2.788563842773437500e+02
2.803260192871093750e+02
2.806442565917968750e+02
2.808661499023437500e+02
2.817586669921875000e+02
2.790493774414062500e+02
2.785711669921875000e+02
2.793127441406250000e+02
2.801801452636718750e+02
2.799521789550781250e+02
2.805901489257812500e+02
2.807823791503906250e+02
2.806560974121093750e+02
2.807522277832031250e+02
2.798558654785156250e+02
2.801447753906250000e+02
2.810762329101562500e+02
2.811723022460937500e+02
2.804689331054687500e+02
2.812381591796875000e+02
2.797948303222656250e+02
2.802409973144531250e+02
2.794703979492187500e+02
2.800432128906250000e+02
2.819937133789062500e+02
2.814845275878906250e+02
2.825021057128906250e+02
2.815505371093750000e+02
2.804334716796875000e+02
2.806560974121093750e+02
2.806862487792968750e+02
2.834210205078125000e+02
2.799413757324218750e+02
2.794654541015625000e+02
2.799166870117187500e+02
2.800788879394531250e+02
2.803675537109375000e+02
2.821258239746093750e+02
2.799825744628906250e+02
2.816763610839843750e+02
2.793386230468750000e+02
2.829508056640625000e+02
2.839058227539062500e+02
2.825088806152343750e+02
2.813945312500000000e+02
2.811064147949218750e+02
2.817783813476562500e+02
2.807164306640625000e+02
2.824428710937500000e+02
2.785361328125000000e+02
2.774415893554687500e+02
2.787951049804687500e+02
2.797899780273437500e+02
2.789881591796875000e+02
2.808784790039062500e+02
2.789881591796875000e+02
2.793081054687500000e+02
2.779253845214843750e+02
2.797899780273437500e+02
2.805241699218750000e+02
2.830096740722656250e+02
2.823402709960937500e+02
2.828185119628906250e+02
2.788563842773437500e+02
2.792422485351562500e+02
2.790187683105468750e+02
2.791763000488281250e+02
2.817359313964843750e+02
2.802356872558593750e+02
2.822149353027343750e+02
2.814185180664062500e+02
2.831637878417968750e+02
2.821121215820312500e+02
2.785315246582031250e+02
2.773136291503906250e+02
2.754066467285156250e+02
2.770917053222656250e+02
2.789306640625000000e+02
2.795406494140625000e+02
2.798253479003906250e+02
2.801447753906250000e+02
2.809142456054687500e+02
2.822937316894531250e+02
2.803068542480468750e+02
2.817840881347656250e+02
2.812024536132812500e+02
2.806258544921875000e+02
2.835607299804687500e+02
2.818083496093750000e+02
2.836856384277343750e+02
2.815864868164062500e+02
2.820001220703125000e+02
2.813945312500000000e+02
2.812024536132812500e+02
2.837149963378906250e+02
2.810346069335937500e+02
2.814483032226562500e+02
2.822740783691406250e+02
2.804882812500000000e+02
2.815144042968750000e+02
2.822216186523437500e+02
2.833624267578125000e+02
2.859620666503906250e+02
2.845359497070312500e+02
2.838979797363281250e+02
2.851069946289062500e+02
2.841839294433593750e+02
2.825610351562500000e+02
2.822149353027343750e+02
2.828846740722656250e+02
2.826272583007812500e+02
2.823992309570312500e+02
2.827816772460937500e+02
2.844899597167968750e+02
2.857153320312500000e+02
2.872298583984375000e+02
2.812498779296875000e+02
2.792727050781250000e+02
2.794350280761718750e+02
2.799772644042968750e+02
2.808362731933593750e+02
2.820826416015625000e+02
2.816628723144531250e+02
2.816036987304687500e+02
2.813682250976562500e+02
2.822003479003906250e+02
2.804939880371093750e+02
2.794654541015625000e+02
2.802409973144531250e+02
2.803675537109375000e+02
2.816464843750000000e+02
2.816763610839843750e+02
2.809085693359375000e+02
2.814905090332031250e+02
2.814845275878906250e+02
2.819572753906250000e+02
2.806202697753906250e+02
2.803016052246093750e+02
2.800484924316406250e+02
2.793739624023437500e+02
2.798253479003906250e+02
2.797240295410156250e+02
2.798204040527343750e+02
2.793637695312500000e+02
2.799111938476562500e+02
2.817656860351562500e+02
2.822810668945312500e+02
2.810346069335937500e+02
2.812564697265625000e+02
2.824285888671875000e+02
2.810580139160156250e+02
2.814345397949218750e+02
2.857153320312500000e+02
2.797186889648437500e+02
2.786985473632812500e+02
2.788958435058593750e+02
2.791854553222656250e+02
2.802764282226562500e+02
2.802106018066406250e+02
2.808181152343750000e+02
2.811365661621093750e+02
2.814781188964843750e+02
2.828109436035156250e+02
2.806143188476562500e+02
2.802356872558593750e+02
2.804637451171875000e+02
2.805901489257812500e+02
2.815864868164062500e+02
2.814245910644531250e+02
2.816103210449218750e+02
2.823106384277343750e+02
2.826934204101562500e+02
2.832300720214843750e+02
2.831929931640625000e+02
2.823252258300781250e+02
2.815965881347656250e+02
2.813822021484375000e+02
2.814483032226562500e+02
2.820597839355468750e+02
2.811005859375000000e+02
2.817722473144531250e+02
2.809685363769531250e+02
2.805481872558593750e+02
2.817291259765625000e+02
2.810644836425781250e+02
2.818382568359375000e+02
2.807823791503906250e+02
2.820597839355468750e+02
2.806202697753906250e+02
2.807764587402343750e+02
2.816698303222656250e+02
2.810580139160156250e+02
2.817586669921875000e+02
2.816628723144531250e+02
2.825610351562500000e+02
2.826567382812500000e+02
2.831713867187500000e+02
2.828551940917968750e+02
2.830533447265625000e+02
2.819702148437500000e+02
2.811064147949218750e+02
2.806862487792968750e+02
2.818978576660156250e+02
2.812564697265625000e+02
2.823106384277343750e+02
2.821783447265625000e+02
2.824948730468750000e+02
2.847841796875000000e+02
2.833091735839843750e+02
2.840623168945312500e+02
2.825455322265625000e+02
2.829065246582031250e+02
2.801872863769531250e+02
2.976402587890625000e+02
2.815303344726562500e+02
2.822078857421875000e+02
2.797240295410156250e+02
2.792116699218750000e+02
2.797240295410156250e+02
2.809085693359375000e+02
2.807103881835937500e+02
2.807103881835937500e+02
2.815078430175781250e+02
2.817656860351562500e+02
2.807764587402343750e+02
2.820233764648437500e+02
2.811604919433593750e+02
2.817061767578125000e+02
2.815804443359375000e+02
2.803318176269531250e+02
2.807464904785156250e+02
2.811604919433593750e+02
2.804820556640625000e+02
2.812498779296875000e+02
2.810806884765625000e+02
2.821046447753906250e+02
2.811765136718750000e+02
2.821046447753906250e+02
2.821046447753906250e+02
2.822372741699218750e+02
2.815008239746093750e+02
2.814345397949218750e+02
2.805347900390625000e+02
2.809184570312500000e+02
2.819055175781250000e+02
2.828030090332031250e+02
2.822003479003906250e+02
2.834045715332031250e+02
2.830894165039062500e+02
2.822003479003906250e+02
2.816628723144531250e+02
2.825610351562500000e+02
2.817953186035156250e+02
2.830463867187500000e+02
2.820233764648437500e+02
2.835901794433593750e+02
2.825681762695312500e+02
2.830390014648437500e+02
2.837363586425781250e+02
2.830894165039062500e+02
2.840427551269531250e+02
2.837857971191406250e+02
2.855353088378906250e+02
2.840715026855468750e+02
2.838897094726562500e+02
2.818249206542968750e+02
2.816698303222656250e+02
2.823402709960937500e+02
2.836781005859375000e+02
2.826272583007812500e+02
2.835240478515625000e+02
2.829508056640625000e+02
2.823471069335937500e+02
2.815441894531250000e+02
2.818317871093750000e+02
2.819572753906250000e+02
2.819572753906250000e+02
2.821416320800781250e+02
2.820090026855468750e+02
2.832427062988281250e+02
2.832050476074218750e+02
2.844712524414062500e+02
2.839385070800781250e+02
2.844427795410156250e+02
2.846328735351562500e+02
2.829854736328125000e+02
2.838522033691406250e+02
2.828984985351562500e+02
2.826197814941406250e+02
2.829648742675781250e+02
2.830311889648437500e+02
2.849939880371093750e+02
2.858863830566406250e+02
2.832884521484375000e+02
2.836409912109375000e+02
2.833466186523437500e+02
2.845850524902343750e+02
2.845850524902343750e+02
2.833547363281250000e+02
2.816994934082031250e+02
2.825977783203125000e+02
2.828846740722656250e+02
2.833991088867187500e+02
2.826342773437500000e+02
2.847344970703125000e+02
2.844407653808593750e+02
2.847263793945312500e+02
2.841466369628906250e+02
2.831637878417968750e+02
2.833838806152343750e+02
2.832592773437500000e+02
2.842044067382812500e+02
2.844611511230468750e+02
2.848324890136718750e+02
2.832138061523437500e+02
2.823252258300781250e+02
2.818098754882812500e+02
2.830894165039062500e+02
2.849743957519531250e+02
2.839560546875000000e+02
2.843744812011718750e+02
2.832592773437500000e+02
2.849167175292968750e+02
2.843744812011718750e+02
2.845274963378906250e+02
2.843371276855468750e+02
2.839475097656250000e+02
2.849367980957031250e+02
2.846137695312500000e+02
2.848703613281250000e+02
2.843283386230468750e+02
2.848989562988281250e+02
2.847374877929687500e+02
2.847752685546875000e+02
2.839186401367187500e+02
2.857059020996093750e+02
2.843082275390625000e+02
2.837072753906250000e+02
2.824285888671875000e+02
2.830020141601562500e+02
2.825827941894531250e+02
2.833466186523437500e+02
2.825827941894531250e+02
2.835083618164062500e+02
2.848703613281250000e+02
2.851932373046875000e+02
2.837654418945312500e+02
2.834792785644531250e+02
2.838897094726562500e+02
2.845563354492187500e+02
2.843570251464843750e+02
2.823329467773437500e+02
2.816036987304687500e+02
2.832007446289062500e+02
2.819206848144531250e+02
2.824359130859375000e+02
2.821121215820312500e+02
2.838522033691406250e+02
2.831848144531250000e+02
2.839762878417968750e+02
2.847374877929687500e+02
2.844427795410156250e+02
2.838053894042968750e+02
2.843191528320312500e+02
2.835083618164062500e+02
2.837654418945312500e+02
2.837734985351562500e+02
2.835826416015625000e+02
2.823402709960937500e+02
2.829141235351562500e+02
2.828772277832031250e+02
2.842129516601562500e+02
2.835373840332031250e+02
2.842995910644531250e+02
2.833756103515625000e+02
2.843947753906250000e+02
2.848039245605468750e+02
2.843283386230468750e+02
2.846514587402343750e+02
2.845274963378906250e+02
2.841839294433593750e+02
2.844697265625000000e+02
2.847553100585937500e+02
2.824359130859375000e+02
2.815441894531250000e+02
2.822810668945312500e+02
2.819937133789062500e+02
2.821853027343750000e+02
2.813225402832031250e+02
2.832080688476562500e+02
2.827595520019531250e+02
2.836856384277343750e+02
2.829802856445312500e+02
2.829802856445312500e+02
2.833255004882812500e+02
2.837734985351562500e+02
2.838026428222656250e+02
2.843454895019531250e+02
2.832592773437500000e+02
2.838317565917968750e+02
2.843371276855468750e+02
2.847178344726562500e+02
2.847178344726562500e+02
2.843744812011718750e+02
2.848129882812500000e+02
2.847553100585937500e+02
2.848215942382812500e+02
2.847263793945312500e+02
2.844407653808593750e+02
2.851069946289062500e+02
2.845649414062500000e+02
2.846601257324218750e+02
2.845649414062500000e+02
2.846312255859375000e+02
2.847553100585937500e+02
2.857721557617187500e+02
2.845359497070312500e+02
2.840223999023437500e+02
2.832592773437500000e+02
2.827816772460937500e+02
2.819868774414062500e+02
2.815739746093750000e+02
2.821191711425781250e+02
2.822445373535156250e+02
2.825316162109375000e+02
2.819206848144531250e+02
2.824579162597656250e+02
2.824579162597656250e+02
2.824871826171875000e+02
2.830603332519531250e+02
2.823623046875000000e+02
2.826491088867187500e+02
2.832592773437500000e+02
2.832884521484375000e+02
2.841091613769531250e+02
2.842044067382812500e+02
2.841379699707031250e+02
2.838233642578125000e+02
2.823623046875000000e+02
2.824285888671875000e+02
2.825021057128906250e+02
2.824064025878906250e+02
2.827890319824218750e+02
2.833917236328125000e+02
2.840596008300781250e+02
2.835826416015625000e+02
2.842501831054687500e+02
2.843744812011718750e+02
2.782770690917968750e+02
2.787598876953125000e+02
2.806202697753906250e+02
2.810046081542968750e+02
2.823916015625000000e+02
2.781145629882812500e+02
2.787992553710937500e+02
2.801801452636718750e+02
2.814905090332031250e+02
2.816164855957031250e+02
2.822513427734375000e+02
2.819937133789062500e+02
2.833624267578125000e+02
2.829728088378906250e+02
2.819796447753906250e+02
2.801937561035156250e+02
2.810644836425781250e+02
2.799469909667968750e+02
2.826639099121093750e+02
2.850318298339843750e+02
2.827890319824218750e+02
2.826342773437500000e+02
2.829873046875000000e+02
2.829873046875000000e+02
2.834285583496093750e+02
2.839719543457031250e+02
2.827595520019531250e+02
2.828109436035156250e+02
2.829065246582031250e+02
2.855732116699218750e+02
2.835826416015625000e+02
2.834872436523437500e+02
2.828693847656250000e+02
2.804280395507812500e+02
2.834872436523437500e+02
2.835746765136718750e+02
2.847088012695312500e+02
2.817218627929687500e+02
2.821339721679687500e+02
2.832884521484375000e+02
2.829434814453125000e+02
2.822003479003906250e+02
2.840336914062500000e+02
2.813457641601562500e+02
2.832375183105468750e+02
2.829434814453125000e+02
2.835083618164062500e+02
2.848129882812500000e+02
2.835533752441406250e+02
2.837149963378906250e+02
2.830975341796875000e+02
2.818614807128906250e+02
2.832007446289062500e+02
2.855446166992187500e+02
2.854782409667968750e+02
2.811903686523437500e+02
2.823252258300781250e+02
2.831929931640625000e+02
2.837734985351562500e+02
2.827595520019531250e+02
2.849743957519531250e+02
2.861424865722656250e+02
2.842707519531250000e+02
2.817881469726562500e+02
2.844986877441406250e+02
2.845649414062500000e+02
2.856109008789062500e+02
2.861709289550781250e+02
2.845274963378906250e+02
2.840886840820312500e+02
2.834210205078125000e+02
2.839350585937500000e+02
2.859812622070312500e+02
2.842418823242187500e+02
2.818317871093750000e+02
2.847926025390625000e+02
2.846312255859375000e+02
2.841257629394531250e+02
2.848793029785156250e+02
2.857915649414062500e+02
2.845186157226562500e+02
2.844323425292968750e+02
2.847178344726562500e+02
2.845850524902343750e+02
2.847466125488281250e+02
2.852595825195312500e+02
2.854782409667968750e+02
2.850318298339843750e+02
2.855068054199218750e+02
2.842418823242187500e+02
2.841091613769531250e+02
2.844521789550781250e+02
2.842418823242187500e+02
2.845069274902343750e+02
2.845069274902343750e+02
2.846312255859375000e+02
2.844778747558593750e+02
2.834578857421875000e+02
2.848587951660156250e+02
2.845731201171875000e+02
2.843454895019531250e+02
2.848793029785156250e+02
2.838607788085937500e+02
2.847178344726562500e+02
2.853546447753906250e+02
2.842129516601562500e+02
2.843744812011718750e+02
2.844986877441406250e+02
2.840513916015625000e+02
2.844235229492187500e+02
2.836327209472656250e+02
2.839850158691406250e+02
2.831929931640625000e+02
2.829434814453125000e+02
2.836409912109375000e+02
2.846601257324218750e+02
2.860569458007812500e+02
2.845649414062500000e+02
2.851069946289062500e+02
2.853259277343750000e+02
2.850780944824218750e+02
2.840304260253906250e+02
2.839642333984375000e+02
2.838979797363281250e+02
2.832884521484375000e+02
2.839186401367187500e+02
2.844611511230468750e+02
2.836700744628906250e+02
2.847263793945312500e+02
2.838688659667968750e+02
2.841257629394531250e+02
2.845649414062500000e+02
2.855446166992187500e+02
2.845938415527343750e+02
2.850982055664062500e+02
2.866446228027343750e+02
2.863984680175781250e+02
2.835164489746093750e+02
2.839642333984375000e+02
2.850982055664062500e+02
2.846889953613281250e+02
2.850031433105468750e+02
2.843082275390625000e+02
2.837363586425781250e+02
2.826860961914062500e+02
2.835826416015625000e+02
2.835240478515625000e+02
2.832669067382812500e+02
2.841548767089843750e+02
2.845359497070312500e+02
2.817291259765625000e+02
2.832007446289062500e+02
2.832375183105468750e+02
2.829802856445312500e+02
2.832669067382812500e+02
2.837149963378906250e+02
2.832962646484375000e+02
2.844116821289062500e+02
2.844486999511718750e+02
2.840380249023437500e+02
2.837517089843750000e+02
2.838764953613281250e+02
2.838688659667968750e+02
2.833547363281250000e+02
2.829357299804687500e+02
2.846514587402343750e+02
2.842418823242187500e+02
2.832962646484375000e+02
2.835533752441406250e+02
2.831125183105468750e+02
2.822149353027343750e+02
2.813524169921875000e+02
2.823106384277343750e+02
2.817061767578125000e+02
2.835901794433593750e+02
2.831489562988281250e+02
2.831489562988281250e+02
2.824791564941406250e+02
2.821555786132812500e+02
2.828846740722656250e+02
2.830311889648437500e+02
2.823329467773437500e+02
2.823329467773437500e+02
2.823329467773437500e+02
2.824948730468750000e+02
2.828401794433593750e+02
2.826783447265625000e+02
2.839560546875000000e+02
2.846022033691406250e+02
2.836856384277343750e+02
2.831489562988281250e+02
2.834946594238281250e+02
2.842501831054687500e+02
2.832669067382812500e+02
2.832669067382812500e+02
2.838471679687500000e+02
2.792918395996093750e+02
2.769449157714843750e+02
2.785264892578125000e+02
2.794298095703125000e+02
2.791407165527343750e+02
2.806503906250000000e+02
2.792370605468750000e+02
2.800014953613281250e+02
2.808958740234375000e+02
2.824871826171875000e+02
2.815008239746093750e+02
2.826119689941406250e+02
2.807336730957031250e+02
2.802898864746093750e+02
2.790747070312500000e+02
2.803560485839843750e+02
2.798149414062500000e+02
2.801394348144531250e+02
2.793690795898437500e+02
2.785974426269531250e+02
2.797489013671875000e+02
2.805481872558593750e+02
2.804158630371093750e+02
2.799951477050781250e+02
2.786835632324218750e+02
2.778859863281250000e+02
2.796224060058593750e+02
2.803016052246093750e+02
2.790798645019531250e+02
2.805542602539062500e+02
2.814483032226562500e+02
2.813754272460937500e+02
2.812795410156250000e+02
2.813754272460937500e+02
2.812862854003906250e+02
2.812325744628906250e+02
2.808483276367187500e+02
2.812325744628906250e+02
2.812926025390625000e+02
2.815144042968750000e+02
2.812862854003906250e+02
2.815078430175781250e+02
2.820459289550781250e+02
2.821416320800781250e+02
2.815965881347656250e+02
2.814416503906250000e+02
2.793031311035156250e+02
2.813225402832031250e+02
2.793690795898437500e+02
2.819276428222656250e+02
2.793031311035156250e+02
2.817359313964843750e+02
2.804280395507812500e+02
2.821258239746093750e+02
2.820597839355468750e+02
2.805901489257812500e+02
2.825385742187500000e+02
2.811966552734375000e+02
2.832007446289062500e+02
2.832962646484375000e+02
2.818978576660156250e+02
2.816401062011718750e+02
2.821555786132812500e+02
2.823833923339843750e+02
2.823173828125000000e+02
2.816464843750000000e+02
2.815864868164062500e+02
2.818742980957031250e+02
2.815205383300781250e+02
2.812626342773437500e+02
2.808784790039062500e+02
2.823768005371093750e+02
2.798810119628906250e+02
2.807103881835937500e+02
2.821121215820312500e+02
2.828109436035156250e+02
2.783689880371093750e+02
2.772130737304687500e+02
2.797544250488281250e+02
2.802599182128906250e+02
2.771781616210937500e+02
2.756613464355468750e+02
2.769883422851562500e+02
2.769260559082031250e+02
2.776311340332031250e+02
2.801751098632812500e+02
2.807522277832031250e+02
2.817359313964843750e+02
2.803920898437500000e+02
2.776926879882812500e+02
2.779519653320312500e+02
2.802713317871093750e+02
2.797595214843750000e+02
2.800180358886718750e+02
2.790846252441406250e+02
2.776266784667968750e+02
2.811604919433593750e+02
2.791407165527343750e+02
2.825681762695312500e+02
2.803620300292968750e+02
2.825316162109375000e+02
2.829802856445312500e+02
2.811005859375000000e+02
2.810103454589843750e+02
2.806917114257812500e+02
2.818442993164062500e+02
2.810762329101562500e+02
2.807219848632812500e+02
2.812626342773437500e+02
2.822810668945312500e+02
2.801997985839843750e+02
2.816333007812500000e+02
2.825535278320312500e+02
2.795142822265625000e+02
2.782462768554687500e+02
2.800074462890625000e+02
2.821121215820312500e+02
2.829728088378906250e+02
2.814712524414062500e+02
2.819796447753906250e+02
2.833756103515625000e+02
2.805780944824218750e+02
2.793386230468750000e+02
2.796277160644531250e+02
2.807764587402343750e+02
2.801696777343750000e+02
2.804637451171875000e+02
2.804334716796875000e+02
2.825088806152343750e+02
2.807878723144531250e+02
2.828323364257812500e+02
2.816222839355468750e+02
2.820361328125000000e+02
2.806613159179687500e+02
2.817483215332031250e+02
2.802764282226562500e+02
2.802713317871093750e+02
2.802106018066406250e+02
2.813945312500000000e+02
2.804993286132812500e+02
2.819702148437500000e+02
2.818142395019531250e+02
2.808839721679687500e+02
2.800180358886718750e+02
2.808483276367187500e+02
2.796326293945312500e+02
2.813342285156250000e+02
2.808839721679687500e+02
2.808536987304687500e+02
2.806560974121093750e+02
2.805296325683593750e+02
2.812024536132812500e+02
2.813644104003906250e+02
2.814245910644531250e+02
2.810705871582031250e+02
2.811365661621093750e+02
2.815505371093750000e+02
2.822875976562500000e+02
2.825812072753906250e+02
2.827068481445312500e+02
2.813945312500000000e+02
2.796277160644531250e+02
2.794654541015625000e+02
2.791763000488281250e+02
2.805842895507812500e+02
2.806442565917968750e+02
2.815078430175781250e+02
2.816036987304687500e+02
2.821191711425781250e+02
2.834872436523437500e+02
2.821853027343750000e+02
2.819937133789062500e+02
2.820530700683593750e+02
2.816401062011718750e+02
2.817061767578125000e+02
2.837442626953125000e+02
2.842872314453125000e+02
2.840011901855468750e+02
2.837442626953125000e+02
2.834578857421875000e+02
2.836118469238281250e+02
2.838979797363281250e+02
2.841257629394531250e+02
2.828256225585937500e+02
2.819042358398437500e+02
2.813285827636718750e+02
2.811665954589843750e+02
2.810944213867187500e+02
2.809323120117187500e+02
2.810282592773437500e+02
2.819276428222656250e+02
2.817953186035156250e+02
2.817586669921875000e+02
2.802599182128906250e+02
2.801637878417968750e+02
2.802959594726562500e+02
2.811604919433593750e+02
2.813754272460937500e+02
2.828693847656250000e+02
2.820675964355468750e+02
2.807929992675781250e+02
2.804456481933593750e+02
2.778245239257812500e+02
2.797948303222656250e+02
2.809745178222656250e+02
2.799469909667968750e+02
2.802054138183593750e+02
2.814545898437500000e+02
2.812926025390625000e+02
2.809685363769531250e+02
2.814781188964843750e+02
2.816036987304687500e+02
2.818544311523437500e+02
2.831266784667968750e+02
2.821709899902343750e+02
2.809685363769531250e+02
2.811966552734375000e+02
2.811665954589843750e+02
2.812354736328125000e+02
2.818469848632812500e+02
2.812132568359375000e+02
2.824579162597656250e+02
2.818911132812500000e+02
2.820164184570312500e+02
2.811305847167968750e+02
2.813822021484375000e+02
2.804221496582031250e+02
2.834210205078125000e+02
2.826272583007812500e+02
2.822810668945312500e+02
2.823471069335937500e+02
2.826342773437500000e+02
2.829873046875000000e+02
2.820233764648437500e+02
2.824428710937500000e+02
2.821488342285156250e+02
2.818317871093750000e+02
2.815441894531250000e+02
2.826934204101562500e+02
2.808064270019531250e+02
2.818911132812500000e+02
2.816628723144531250e+02
2.823035278320312500e+02
2.818838806152343750e+02
2.823623046875000000e+02
2.809255981445312500e+02
2.816260986328125000e+02
2.809552307128906250e+02
2.804091186523437500e+02
2.821632080078125000e+02
2.809848327636718750e+02
2.806970520019531250e+02
2.808661499023437500e+02
2.818083496093750000e+02
2.807522277832031250e+02
2.821619262695312500e+02
2.812626342773437500e+02
2.809685363769531250e+02
2.812564697265625000e+02
2.806442565917968750e+02
2.815441894531250000e+02
2.823035278320312500e+02
2.844034423828125000e+02
2.823329467773437500e+02
2.829728088378906250e+02
2.829728088378906250e+02
2.834210205078125000e+02
2.821416320800781250e+02
2.818249206542968750e+02
2.816333007812500000e+02
2.796166687011718750e+02
2.812498779296875000e+02
2.810580139160156250e+02
2.800613403320312500e+02
2.842792358398437500e+02
2.823992309570312500e+02
2.829802856445312500e+02
2.831929931640625000e+02
2.822959594726562500e+02
2.828479309082031250e+02
2.804521179199218750e+02
2.822879943847656250e+02
2.834622497558593750e+02
2.819132995605468750e+02
2.824948730468750000e+02
2.813524169921875000e+02
2.806143188476562500e+02
2.813822021484375000e+02
2.826272583007812500e+02
2.837734985351562500e+02
2.845359497070312500e+02
2.839270629882812500e+02
2.849455871582031250e+02
2.846801757812500000e+02
2.843856506347656250e+02
2.861992492675781250e+02
2.853454284667968750e+02
2.840886840820312500e+02
2.833255004882812500e+02
2.839350585937500000e+02
2.834501953125000000e+02
2.841176757812500000e+02
2.832221374511718750e+02
2.843371276855468750e+02
2.823623046875000000e+02
2.838522033691406250e+02
2.813976440429687500e+02
2.818390808105468750e+02
2.811610107421875000e+02
2.808444213867187500e+02
2.814416503906250000e+02
2.811539611816406250e+02
2.835826416015625000e+02
2.823402709960937500e+02
2.838522033691406250e+02
2.846423645019531250e+02
2.847752685546875000e+02
2.844034423828125000e+02
2.833255004882812500e+02
2.834210205078125000e+02
2.837734985351562500e+02
2.840886840820312500e+02
2.836409912109375000e+02
2.833175659179687500e+02
2.833466186523437500e+02
2.828610839843750000e+02
2.832427062988281250e+02
2.830894165039062500e+02
2.828693847656250000e+02
2.825163879394531250e+02
2.822215270996093750e+02
2.818762817382812500e+02
2.829275207519531250e+02
2.829275207519531250e+02
2.843283386230468750e+02
2.820299377441406250e+02
2.826342773437500000e+02
2.819937133789062500e+02
2.818614807128906250e+02
2.825316162109375000e+02
2.840886840820312500e+02
2.831929931640625000e+02
2.838607788085937500e+02
2.831266784667968750e+02
2.832715759277343750e+02
2.834334106445312500e+02
2.842619018554687500e+02
2.838233642578125000e+02
2.835746765136718750e+02
2.846137695312500000e+02
2.846801757812500000e+02
2.849080810546875000e+02
2.832300720214843750e+02
2.846974182128906250e+02
2.838764953613281250e+02
2.838764953613281250e+02
2.829212951660156250e+02
2.826783447265625000e+02
2.839475097656250000e+02
2.838810424804687500e+02
2.834334106445312500e+02
2.839762878417968750e+02
2.820090026855468750e+02
2.810214843750000000e+02
2.818544311523437500e+02
2.812498779296875000e+02
2.821488342285156250e+02
2.832962646484375000e+02
2.837072753906250000e+02
2.851731872558593750e+02
2.854872131347656250e+02
2.844034423828125000e+02
2.835456237792968750e+02
2.837654418945312500e+02
2.834129943847656250e+02
2.841379699707031250e+02
2.854118652343750000e+02
2.866163330078125000e+02
2.859431762695312500e+02
2.834998779296875000e+02
2.843947753906250000e+02
2.844986877441406250e+02
2.841466369628906250e+02
2.861044616699218750e+02
2.844899597167968750e+02
2.847752685546875000e+02
2.836700744628906250e+02
2.821121215820312500e+02
2.818911132812500000e+02
2.822740783691406250e+02
2.817291259765625000e+02
2.826567382812500000e+02
2.828772277832031250e+02
2.827816772460937500e+02
2.826860961914062500e+02
2.829648742675781250e+02
2.836327209472656250e+02
2.832802429199218750e+02
2.840139160156250000e+02
2.844611511230468750e+02
2.852218933105468750e+02
2.847841796875000000e+02
2.834501953125000000e+02
2.848878173828125000e+02
2.844407653808593750e+02
2.838979797363281250e+02
2.837363586425781250e+02
2.832884521484375000e+02
2.826860961914062500e+02
2.844697265625000000e+02
2.834210205078125000e+02
2.840304260253906250e+02
2.824064025878906250e+02
2.835240478515625000e+02
2.827229003906250000e+02
2.828846740722656250e+02
2.823402709960937500e+02
2.827890319824218750e+02
2.824654235839843750e+02
2.825610351562500000e+02
2.828109436035156250e+02
2.830894165039062500e+02
2.835287780761718750e+02
2.828030090332031250e+02
2.830758056640625000e+02
2.818614807128906250e+02
2.829141235351562500e+02
2.831345520019531250e+02
2.835164489746093750e+02
2.832962646484375000e+02
2.841839294433593750e+02
2.841839294433593750e+02
2.844986877441406250e+02
2.840596008300781250e+02
2.838396606445312500e+02
2.840965881347656250e+02
2.840304260253906250e+02
2.841919555664062500e+02
2.841257629394531250e+02
2.851731872558593750e+02
2.843744812011718750e+02
2.842129516601562500e+02
2.836409912109375000e+02
2.842792358398437500e+02
2.836781005859375000e+02
2.841257629394531250e+02
2.842210998535156250e+02
2.851442565917968750e+02
2.847636108398437500e+02
2.850491638183593750e+02
2.846312255859375000e+02
2.838396606445312500e+02
2.845649414062500000e+02
2.846022033691406250e+02
2.845069274902343750e+02
2.844407653808593750e+02
2.840223999023437500e+02
2.844034423828125000e+02
2.839560546875000000e+02
2.841176757812500000e+02
2.841176757812500000e+02
2.840223999023437500e+02
2.850318298339843750e+02
2.841176757812500000e+02
2.844323425292968750e+02
2.833175659179687500e+02
2.839475097656250000e+02
2.846801757812500000e+02
2.853168640136718750e+02
2.831052246093750000e+02
2.824064025878906250e+02
2.826639099121093750e+02
2.825021057128906250e+02
2.838396606445312500e+02
2.830682983398437500e+02
2.835746765136718750e+02
2.829939575195312500e+02
2.837654418945312500e+02
2.838317565917968750e+02
2.836409912109375000e+02
2.850780944824218750e+02
2.839933471679687500e+02
2.836781005859375000e+02
2.845359497070312500e+02
2.845938415527343750e+02
2.855822143554687500e+02
2.853546447753906250e+02
2.851645507812500000e+02
2.840886840820312500e+02
2.840011901855468750e+02
2.836856384277343750e+02
2.825385742187500000e+02
2.832962646484375000e+02
2.825316162109375000e+02
2.826272583007812500e+02
2.829434814453125000e+02
2.825904846191406250e+02
2.844986877441406250e+02
2.833330688476562500e+02
2.843241577148437500e+02
2.841627197265625000e+02
2.849829406738281250e+02
2.849167175292968750e+02
2.841919555664062500e+02
2.841919555664062500e+02
2.834501953125000000e+02
2.826639099121093750e+02
2.833696899414062500e+02
2.839350585937500000e+02
2.831637878417968750e+02
2.847553100585937500e+02
2.832007446289062500e+02
2.835826416015625000e+02
2.817359313964843750e+02
2.821783447265625000e+02
2.829357299804687500e+02
2.823106384277343750e+02
2.818614807128906250e+02
2.823402709960937500e+02
2.814049987792968750e+02
2.820459289550781250e+02
2.821709899902343750e+02
2.823035278320312500e+02
2.825977783203125000e+02
2.824725036621093750e+02
2.823768005371093750e+02
2.824428710937500000e+02
2.823471069335937500e+02
2.824064025878906250e+02
2.830096740722656250e+02
2.825610351562500000e+02
2.818020629882812500e+02
2.811966552734375000e+02
2.824131469726562500e+02
2.827366027832031250e+02
2.829577026367187500e+02
2.819639587402343750e+02
2.820895385742187500e+02
2.829141235351562500e+02
2.814712524414062500e+02
2.822078857421875000e+02
2.823035278320312500e+02
2.814345397949218750e+02
2.821416320800781250e+02
2.813091735839843750e+02
2.800432128906250000e+02
2.811064147949218750e+02
2.806917114257812500e+02
2.807823791503906250e+02
2.795314025878906250e+02
2.813822021484375000e+02
2.812862854003906250e+02
2.814185180664062500e+02
2.813585815429687500e+02
2.808784790039062500e+02
2.819276428222656250e+02
2.814185180664062500e+02
2.811242065429687500e+02
2.809323120117187500e+02
2.815078430175781250e+02
2.816401062011718750e+02
2.813524169921875000e+02
2.818978576660156250e+02
2.811305847167968750e+02
2.817423706054687500e+02
2.786369323730468750e+02
2.805599365234375000e+02
2.798810119628906250e+02
2.811365661621093750e+02
2.801447753906250000e+02
2.800788879394531250e+02
2.788608703613281250e+02
2.786369323730468750e+02
2.789881591796875000e+02
2.797290039062500000e+02
2.792162170410156250e+02
2.793386230468750000e+02
2.812926025390625000e+02
2.818382568359375000e+02
2.835676879882812500e+02
2.818442993164062500e+02
2.810404968261718750e+02
2.810644836425781250e+02
2.785925292968750000e+02
2.790187683105468750e+02
2.787598876953125000e+02
2.794298095703125000e+02
2.782723999023437500e+02
2.770813598632812500e+02
2.763720397949218750e+02
2.758210449218750000e+02
2.794045410156250000e+02
2.795362243652343750e+02
2.801091918945312500e+02
2.798810119628906250e+02
2.808064270019531250e+02
2.813754272460937500e+02
2.809984436035156250e+02
2.787904968261718750e+02
2.791763000488281250e+02
2.811966552734375000e+02
2.831713867187500000e+02
2.817061767578125000e+02
2.806560974121093750e+02
2.817483215332031250e+02
2.821319885253906250e+02
2.813285827636718750e+02
2.807823791503906250e+02
2.824725036621093750e+02
2.818681030273437500e+02
2.822216186523437500e+02
2.812926025390625000e+02
2.822216186523437500e+02
2.815505371093750000e+02
2.817783813476562500e+02
2.821917724609375000e+02
2.815441894531250000e+02
2.819132995605468750e+02
2.815441894531250000e+02
