2.838123926058449342e+02
2.850306110108091957e+02
2.824299786900658660e+02
2.842695542898992471e+02
2.844354203281504283e+02
2.843246256356883919e+02
2.846009346027582865e+02
2.845593384704032474e+02
2.827942344318594792e+02
2.837160964244746992e+02
2.834984254171163229e+02
2.828629866926176533e+02
2.835008618107798952e+02
2.822137620349021176e+02
2.828223896098123760e+02
2.837664618736565103e+02
2.837664618736565103e+02
2.836816585421284458e+02
2.833884681517821491e+02
2.830711473450530775e+02
2.832761896307571305e+02
2.830712709972834205e+02
2.830101505988465078e+02
2.846889888228069481e+02
2.838810603213702279e+02
2.825236429421768207e+02
2.837943971043818578e+02
2.830648429554164522e+02
2.840826349066508101e+02
2.840184071001402799e+02
2.854171906711034694e+02
2.841134013664681106e+02
2.857221730998790576e+02
2.862121543226020322e+02
2.859575967185217564e+02
2.853546019163434835e+02
2.858240378348049262e+02
2.853294620945337670e+02
2.849946544648991562e+02
2.841116609721558461e+02
2.846464213926581692e+02
2.845645366491012282e+02
2.855799488422089212e+02
2.848675010769575238e+02
2.844354203281504283e+02
2.847086467678123540e+02
2.839164114967375667e+02
2.835393601849215770e+02
2.847049192023227988e+02
2.859098339177206185e+02
2.837183956509265954e+02
2.848675010769575238e+02
2.834029207584868004e+02
2.838087420648222405e+02
2.831001779859386147e+02
2.828542407405128642e+02
2.841536736637731337e+02
2.840347047575907595e+02
2.858721147466013690e+02
2.857060252577156234e+02
2.848952542320353132e+02
2.854345128230951332e+02
2.839733732130935095e+02
2.859575967185217564e+02
2.853546019163434835e+02
2.850324693859772651e+02
2.837664618736565103e+02
2.841134013664681106e+02
2.830055497294244446e+02
2.830101505988465078e+02
2.829058944503548787e+02
2.847769647896932383e+02
2.834312944199166395e+02
2.841536736637731337e+02
2.835008618107798952e+02
2.845645366491012282e+02
2.849063240626535389e+02
2.840826349066508101e+02
2.841536736637731337e+02
2.847772663986145290e+02
2.846137154603317185e+02
2.840347047575907595e+02
2.837680817470682086e+02
2.838663924509639855e+02
2.834577871150648889e+02
2.840347047575907595e+02
2.846464213926581692e+02
2.838603895004012543e+02
2.840437041960240094e+02
2.833892581460668794e+02
2.845914735169930054e+02
2.834029207584868004e+02
2.832675763728354923e+02
2.838123926058449342e+02
2.848952542320353132e+02
2.838169853363697825e+02
2.838087420648222405e+02
2.849570489888047291e+02
2.833944530565652258e+02
2.837191851098021971e+02
2.843592382928047186e+02
2.843246256356883919e+02
2.832607046790463983e+02
2.849570489888047291e+02
2.837453406438851289e+02
2.847772663986145290e+02
2.839316665889201090e+02
2.832981095167182843e+02
2.836552289245004204e+02
2.834984254171163229e+02
2.836552289245004204e+02
2.834581414415370091e+02
2.849570489888047291e+02
2.837836281087934935e+02
2.847772663986145290e+02
2.849570489888047291e+02
2.841134013664681106e+02
2.854861173846179554e+02
2.851828571204843570e+02
2.860212386519320376e+02
2.854091776143649213e+02
2.833892581460668794e+02
2.840347047575907595e+02
2.823585284260101389e+02
2.825289948694366444e+02
2.831134637392702302e+02
2.830521058623291992e+02
2.831014895942681164e+02
2.834069958875132329e+02
2.837617624771459646e+02
2.830649539212290620e+02
2.838534567010273690e+02
2.838534567010273690e+02
2.830774439633323709e+02
2.830366351895279990e+02
2.838087420648222405e+02
2.830282659089716617e+02
2.854345128230951332e+02
2.849388552676689983e+02
2.841170224444792325e+02
2.833755950453104333e+02
2.837532869141465426e+02
2.837680817470682086e+02
2.841134013664681106e+02
2.847769647896932383e+02
2.855195040587144604e+02
2.855195040587144604e+02
2.854496591770399618e+02
2.850688606217133270e+02
2.849211085383477666e+02
2.841034555231982495e+02
2.844020957811430890e+02
2.868221555072664728e+02
2.859446016005230717e+02
2.848675010769575238e+02
2.841116609721558461e+02
2.830672790843767075e+02
2.833612898808965497e+02
2.836978821049514750e+02
2.843018032497091667e+02
2.841170224444792325e+02
2.856922992745244869e+02
2.859294632917054173e+02
2.848450969757322468e+02
2.849864902432402118e+02
2.850746489585151267e+02
2.842475810171879402e+02
2.848450969757322468e+02
2.836431619666591359e+02
2.825509934976462318e+02
2.825236752421670872e+02
2.816357595901508830e+02
2.819760378955183455e+02
2.814955947464529800e+02
2.827849024738948742e+02
2.832145396966350859e+02
2.837617624771459646e+02
2.830282659089716617e+02
2.836564555251114825e+02
2.830774439633323709e+02
2.827593428031689200e+02
2.820100940916155992e+02
2.826900201521671647e+02
2.807662551422184833e+02
2.765274704115566351e+02
2.788156539849372848e+02
2.768428371596496049e+02
2.802779412518614777e+02
2.787533509449145868e+02
2.786149877864339715e+02
2.822674271973989448e+02
2.823396787001573784e+02
2.815581246997332414e+02
2.804497653265335089e+02
2.814566611706086974e+02
2.817833861440166743e+02
2.825729715196782763e+02
2.818785794470136352e+02
2.816357595901508830e+02
2.815253896076220030e+02
2.819496599167833892e+02
2.815883199279741120e+02
2.806638410453220445e+02
2.814318887151641206e+02
2.825671471183385961e+02
2.815883199279741120e+02
2.812538686690039071e+02
2.814377937619522072e+02
2.823396787001573784e+02
2.814208250359287149e+02
2.815273929135333333e+02
2.817923409876843266e+02
2.827849024738948742e+02
2.822367235079574357e+02
2.812126115154491686e+02
2.834029207584868004e+02
2.822412332040178740e+02
2.825235249915384088e+02
2.821470357267987765e+02
2.802664929725663114e+02
2.807294996017926678e+02
2.831134637392702302e+02
2.812538686690039071e+02
2.825562427797387954e+02
2.807294996017926678e+02
2.836816585421284458e+02
2.803658262357145645e+02
2.822582912452858181e+02
2.782217016589623881e+02
2.799462953424993543e+02
2.803760498744176743e+02
2.804285751501566892e+02
2.797528964055894107e+02
2.802103699633796623e+02
2.804019011642803321e+02
2.793617217147470342e+02
2.811140395539162569e+02
2.810397426389287148e+02
2.765500308740894297e+02
2.777689183481988948e+02
2.758289956746864391e+02
2.779381805016926705e+02
2.779317462108166978e+02
2.787736551634405373e+02
2.779067878180576940e+02
2.807294996017926678e+02
2.804059154248461141e+02
2.806958892574442075e+02
2.806989069237161516e+02
2.821962305057513731e+02
2.830366351895279990e+02
2.818877281571740809e+02
2.813979472206479500e+02
2.815273929135333333e+02
2.816718773065874188e+02
2.784654997586228546e+02
2.762162415011046050e+02
2.777844522951876343e+02
2.760629725190418071e+02
2.787533509449145868e+02
2.780562089179054510e+02
2.802774861594659797e+02
2.800594890550231639e+02
2.817967000310737831e+02
2.803262761071108571e+02
2.797926510107656668e+02
2.789566426277315827e+02
2.789970343706955873e+02
2.775902670823866742e+02
2.771528888428161395e+02
2.797557289720839435e+02
2.757274787094316935e+02
2.785701239884972438e+02
2.803423461077844649e+02
2.797528964055894107e+02
2.793060058034692474e+02
2.801212950742018393e+02
2.803262761071108571e+02
2.802774861594659797e+02
2.803076309716048513e+02
2.804664635929603378e+02
2.779072218147196054e+02
2.812479718746106414e+02
2.808859217289323169e+02
2.810530265951882143e+02
2.798320779218610710e+02
2.803983026394746503e+02
2.806158471152478455e+02
2.806415922329150590e+02
2.810790555391344583e+02
2.799930695193830843e+02
2.806758997675565297e+02
2.797668845527640542e+02
2.806758997675565297e+02
2.797275050178182596e+02
2.816826478470675283e+02
2.817316261709576679e+02
2.821265777477547658e+02
2.814553944441751696e+02
2.814208250359287149e+02
2.825289948694366444e+02
2.795906353639600184e+02
2.824299786900658660e+02
2.808555261679765067e+02
2.786149877864339715e+02
2.779071379317770152e+02
2.785805090186757980e+02
2.804019011642803321e+02
2.806989069237161516e+02
2.811543257782585101e+02
2.821340537612308026e+02
2.785613210541884541e+02
2.773021204097719874e+02
2.776153578045369841e+02
2.787628274714035683e+02
2.782217016589623881e+02
2.804059154248461141e+02
2.803423461077844649e+02
2.804534700554590927e+02
2.804900173075674843e+02
2.785618253152826469e+02
2.788131037700232469e+02
2.803929207492215596e+02
2.804435007631774965e+02
2.796776301933321065e+02
2.804655570096325619e+02
2.780980428759178267e+02
2.795598743048901724e+02
2.781256786765611650e+02
2.800648014617318040e+02
2.825729715196782763e+02
2.815581246997332414e+02
2.831134637392702302e+02
2.816313145251456262e+02
2.797723280237618155e+02
2.804534700554590927e+02
2.804285751501566892e+02
2.837664618736565103e+02
2.803076309716048513e+02
2.791349568839568747e+02
2.797204929081510159e+02
2.794116496942896219e+02
2.799522169953845037e+02
2.825412941766840618e+02
2.793921362662697447e+02
2.817833861440166743e+02
2.789982006197433861e+02
2.834680486954891308e+02
2.848763165399628292e+02
2.828189244298201288e+02
2.812580028566317765e+02
2.804072344174936120e+02
2.814418975292285836e+02
2.803913491397026974e+02
2.826399778067815873e+02
2.771267633283060832e+02
2.769868368676039267e+02
2.770576599642071756e+02
2.790713677140844311e+02
2.773461871959527798e+02
2.804921810295844580e+02
2.773461871959527798e+02
2.789160442669650024e+02
2.771592546436507405e+02
2.790713677140844311e+02
2.804497653265335089e+02
2.833448122705647734e+02
2.830521058623291992e+02
2.833345744230491619e+02
2.785805090186757980e+02
2.789596434987723228e+02
2.783350958058025526e+02
2.789381563482036199e+02
2.818048968428165608e+02
2.801812268727261994e+02
2.826685549421973178e+02
2.815883199279741120e+02
2.835008618107798952e+02
2.824869723939087862e+02
2.775935555014125384e+02
2.762397205815476013e+02
2.739784835656456039e+02
2.737899926227044034e+02
2.762343386949682440e+02
2.789176833341495012e+02
2.780557992955453415e+02
2.788131037700232469e+02
2.803760498744176743e+02
2.817606319992521549e+02
2.794366746752320978e+02
2.814880612821809791e+02
2.807802301295592429e+02
2.800377239620286787e+02
2.843637273439632054e+02
2.814377937619522072e+02
2.845337857061903151e+02
2.813979472206479500e+02
2.815883527618962034e+02
2.812580028566317765e+02
2.807802301295592429e+02
2.841601080870557325e+02
2.811220093864340583e+02
2.817316261709576679e+02
2.828919678152983579e+02
2.804577445671768601e+02
2.817923409876843266e+02
2.825428268696066425e+02
2.837532869141465426e+02
2.871720303199541036e+02
2.852351333081833218e+02
2.840184071001402799e+02
2.856922992745244869e+02
2.850468274242694520e+02
2.829165122949785314e+02
2.826685549421973178e+02
2.834509820547270351e+02
2.830711473450530775e+02
2.828223896098123760e+02
2.830712709972834205e+02
2.846015641335547457e+02
2.858097318462056933e+02
2.855150050629807765e+02
2.814831552541520523e+02
2.789830088628067415e+02
2.792482213680757468e+02
2.800694826337206678e+02
2.810790555391344583e+02
2.824559743147943323e+02
2.820998246035408670e+02
2.815729341442823284e+02
2.814769942470819615e+02
2.822365045004175386e+02
2.802218118510440945e+02
2.791349568839568747e+02
2.795598743048901724e+02
2.799522169953845037e+02
2.815345330201989213e+02
2.817833861440166743e+02
2.806860488463227625e+02
2.812558390253609559e+02
2.815581246997332414e+02
2.822674271973989448e+02
2.804743631849379426e+02
2.800659548359444102e+02
2.787238322547050302e+02
2.781280472149388743e+02
2.780557992955453415e+02
2.793085072459767275e+02
2.793060058034692474e+02
2.791150872983157001e+02
2.800594890550231639e+02
2.818235848157986538e+02
2.827849024738948742e+02
2.811220093864340583e+02
2.814318887151641206e+02
2.827779132497357182e+02
2.812264718756759407e+02
2.813798607488819243e+02
2.858097318462056933e+02
2.797767462536751850e+02
2.771354445946981286e+02
2.766372226218079504e+02
2.771603666934331045e+02
2.789299685625387042e+02
2.789772833864253130e+02
2.804423968391295716e+02
2.807893469623527949e+02
2.815970191242687974e+02
2.830101505988465078e+02
2.806758997675565297e+02
2.801812268727261994e+02
2.800520260856242203e+02
2.804059154248461141e+02
2.813979472206479500e+02
2.812538686690039071e+02
2.817937312447917861e+02
2.826264849315270453e+02
2.831066035176075957e+02
2.834577871150648889e+02
2.835840806221685853e+02
2.824288499118171103e+02
2.820647578645115914e+02
2.815981633973811427e+02
2.817316261709576679e+02
2.825562427797387954e+02
2.809797767022711241e+02
2.818877281571740809e+02
2.811140395539162569e+02
2.805985533038872290e+02
2.821777973540813491e+02
2.812332191095488270e+02
2.816357595901508830e+02
2.803423461077844649e+02
2.825562427797387954e+02
2.804743631849379426e+02
2.806958892574442075e+02
2.816826478470675283e+02
2.812264718756759407e+02
2.821340537612308026e+02
2.820998246035408670e+02
2.829165122949785314e+02
2.830160036951655798e+02
2.833755950453104333e+02
2.834284124730902477e+02
2.829951758852809007e+02
2.815581742229591100e+02
2.804072344174936120e+02
2.804285751501566892e+02
2.821265777477547658e+02
2.814318887151641206e+02
2.826264849315270453e+02
2.826013122576217711e+02
2.828542407405128642e+02
2.856578971893745802e+02
2.836142203953207286e+02
2.852709386797606612e+02
2.825235249915384088e+02
2.830055497294244446e+02
2.800251974686954668e+02
2.905355613508391457e+02
2.819486401683540748e+02
2.827929084460653257e+02
2.793085072459767275e+02
2.786626090708022048e+02
2.793085072459767275e+02
2.806860488463227625e+02
2.807646022391321026e+02
2.807646022391321026e+02
2.815701292035441838e+02
2.818235848157986538e+02
2.806958892574442075e+02
2.824297066203932900e+02
2.812479718746106414e+02
2.818785794470136352e+02
2.817820099466251804e+02
2.802103699633796623e+02
2.806638410453220445e+02
2.812479718746106414e+02
2.806415922329150590e+02
2.814831552541520523e+02
2.810649426891452549e+02
2.822127258075107648e+02
2.809504004415791769e+02
2.822127258075107648e+02
2.822127258075107648e+02
2.827492320127071253e+02
2.814901130845095736e+02
2.813798607488819243e+02
2.806116489659649460e+02
2.806431350892820547e+02
2.823959661629530160e+02
2.830541093780519759e+02
2.822365045004175386e+02
2.836232840428671125e+02
2.833624495039214821e+02
2.822365045004175386e+02
2.820998246035408670e+02
2.829165122949785314e+02
2.822367235079574357e+02
2.835132693837565512e+02
2.824297066203932900e+02
2.843092285380478756e+02
2.832208306349227769e+02
2.830282659089716617e+02
2.841034555231982495e+02
2.833624495039214821e+02
2.847680652344070609e+02
2.842741088822095321e+02
2.868579513559143379e+02
2.845708946349028565e+02
2.839111746696477780e+02
2.821876412470442688e+02
2.816826478470675283e+02
2.830521058623291992e+02
2.843362033185702558e+02
2.830711473450530775e+02
2.837611096446989336e+02
2.834680486954891308e+02
2.828444990466512081e+02
2.817323412878172348e+02
2.819140167856326116e+02
2.822674271973989448e+02
2.822674271973989448e+02
2.827207789859372724e+02
2.821285315324655585e+02
2.836701106788606239e+02
2.837314310917455487e+02
2.859959707013241541e+02
2.846640014740795550e+02
2.854039687225649118e+02
2.860027613981667400e+02
2.833374350918463165e+02
2.843246256356883919e+02
2.828995877682411901e+02
2.828820053346665873e+02
2.829853636846675613e+02
2.832607046790463983e+02
2.859124800830233539e+02
2.869158946191288351e+02
2.836672165791525231e+02
2.841134013664681106e+02
2.835393601849215770e+02
2.847086467678123540e+02
2.847086467678123540e+02
2.838663924509639855e+02
2.817730165961378930e+02
2.831014895942681164e+02
2.834509820547270351e+02
2.842358971411575226e+02
2.833333293660562617e+02
2.837844928205174710e+02
2.853545327126536222e+02
2.854171906711034694e+02
2.847769647896932383e+02
2.835008618107798952e+02
2.836713897705247405e+02
2.836564555251114825e+02
2.846118830055208377e+02
2.848590116201933142e+02
2.856640143848649700e+02
2.833263677097547202e+02
2.824288499118171103e+02
2.822739477886026975e+02
2.833624495039214821e+02
2.858721147466013690e+02
2.841543329403860980e+02
2.854345128230951332e+02
2.836564555251114825e+02
2.857262969129089925e+02
2.854345128230951332e+02
2.852707354424243817e+02
2.848952542320353132e+02
2.844154550045179235e+02
2.860871494842152742e+02
2.843816093307577262e+02
2.859446016005230717e+02
2.846331039071042142e+02
2.858349758438270669e+02
2.856020842894500902e+02
2.849833585869045578e+02
2.843592382928047186e+02
2.872512363474158406e+02
2.851067670365102344e+02
2.841536736637731337e+02
2.827779132497357182e+02
2.833565792250579420e+02
2.823184811951110191e+02
2.835393601849215770e+02
2.823184811951110191e+02
2.836290306812744006e+02
2.859446016005230717e+02
2.861118510754494082e+02
2.839733732130935095e+02
2.837453406438851289e+02
2.839111746696477780e+02
2.849400293722541164e+02
2.845850865044204738e+02
2.827593428031689200e+02
2.815729341442823284e+02
2.837678162624416700e+02
2.822137620349021176e+02
2.830763345324958777e+02
2.824869723939087862e+02
2.843246256356883919e+02
2.833930152993915499e+02
2.846889888228069481e+02
2.856020842894500902e+02
2.854039687225649118e+02
2.845321487850602011e+02
2.846763728221336009e+02
2.836290306812744006e+02
2.839733732130935095e+02
2.845075187543038169e+02
2.841744239149956570e+02
2.830521058623291992e+02
2.834069958875132329e+02
2.830774439633323709e+02
2.846452264024807164e+02
2.837344695544023239e+02
2.846819714970230848e+02
2.836160883827036514e+02
2.846009346027582865e+02
2.857697764221455827e+02
2.846331039071042142e+02
2.850306110108091957e+02
2.852707354424243817e+02
2.850468274242694520e+02
2.853368779431631310e+02
2.857516684981852109e+02
2.830763345324958777e+02
2.817323412878172348e+02
2.827849024738948742e+02
2.825729715196782763e+02
2.826183497546348349e+02
2.814566611706086974e+02
2.837004250045565072e+02
2.832203938182479419e+02
2.845337857061903151e+02
2.835103256949163892e+02
2.835103256949163892e+02
2.836213296683545195e+02
2.845075187543038169e+02
2.840975215887635841e+02
2.849211085383477666e+02
2.836564555251114825e+02
2.840871982511399096e+02
2.848952542320353132e+02
2.854861173846179554e+02
2.854861173846179554e+02
2.854345128230951332e+02
2.854654273676354705e+02
2.857516684981852109e+02
2.856450188396198655e+02
2.854171906711034694e+02
2.853545327126536222e+02
2.856922992745244869e+02
2.855892514505148938e+02
2.855799488422089212e+02
2.855892514505148938e+02
2.854496591770399618e+02
2.857516684981852109e+02
2.874533553866960460e+02
2.852351333081833218e+02
2.843704280514543825e+02
2.836564555251114825e+02
2.830712709972834205e+02
2.823585284260101389e+02
2.816718773065874188e+02
2.824901583218162386e+02
2.827233549938847545e+02
2.830672790843767075e+02
2.822137620349021176e+02
2.828258608857235572e+02
2.828258608857235572e+02
2.822733136651182235e+02
2.832675763728354923e+02
2.827498221874074602e+02
2.828999017010193029e+02
2.836564555251114825e+02
2.836672165791525231e+02
2.847576356689118029e+02
2.846118830055208377e+02
2.846221598372584367e+02
2.839164114967375667e+02
2.827498221874074602e+02
2.827779132497357182e+02
2.831134637392702302e+02
2.830498020319204215e+02
2.833884681517821491e+02
2.838603895004012543e+02
2.845095844336281630e+02
2.841744239149956570e+02
2.850324693859772651e+02
2.854345128230951332e+02
2.781309506236266316e+02
2.785976192709778729e+02
2.804743631849379426e+02
2.808262007925424655e+02
2.822873550617443357e+02
2.780081840864338005e+02
2.766806933003580298e+02
2.787628274714035683e+02
2.812558390253609559e+02
2.815272307135988399e+02
2.826223022632059383e+02
2.825729715196782763e+02
2.837532869141465426e+02
2.830648429554164522e+02
2.823172888666217659e+02
2.801436865021938729e+02
2.812332191095488270e+02
2.797528964055894107e+02
2.832145396966350859e+02
2.860402577363416299e+02
2.833884681517821491e+02
2.833333293660562617e+02
2.837006515932414459e+02
2.837006515932414459e+02
2.836431619666591359e+02
2.850746489585151267e+02
2.832203938182479419e+02
2.830101505988465078e+02
2.830055497294244446e+02
2.872077027813925838e+02
2.841744239149956570e+02
2.842927410572628446e+02
2.831001779859386147e+02
2.803082295826438326e+02
2.842927410572628446e+02
2.837943971043818578e+02
2.848746403993033027e+02
2.820100940916155992e+02
2.823848836388197583e+02
2.836672165791525231e+02
2.830366351895279990e+02
2.822365045004175386e+02
2.847163457331555492e+02
2.814782800066836330e+02
2.833612898808965497e+02
2.830366351895279990e+02
2.836290306812744006e+02
2.854654273676354705e+02
2.841359054467397414e+02
2.841601080870557325e+02
2.834312944199166395e+02
2.822582912452858181e+02
2.837678162624416700e+02
2.861796142067494202e+02
2.861224129523509419e+02
2.813354333773527856e+02
2.824288499118171103e+02
2.835840806221685853e+02
2.845075187543038169e+02
2.832203938182479419e+02
2.858721147466013690e+02
2.871096022874678511e+02
2.847442115165195560e+02
2.821470357267987765e+02
2.852518499278408513e+02
2.855892514505148938e+02
2.857917889435941561e+02
2.868099883589831620e+02
2.852707354424243817e+02
2.845645366491012282e+02
2.837664618736565103e+02
2.842475810171879402e+02
2.868928070397391252e+02
2.851588849270904689e+02
2.819140167856326116e+02
2.853294620945337670e+02
2.854496591770399618e+02
2.842668594445993904e+02
2.856498118467603717e+02
2.869134724183709295e+02
2.846961137066615493e+02
2.851828571204843570e+02
2.854861173846179554e+02
2.847086467678123540e+02
2.849063240626535389e+02
2.861541487417593999e+02
2.861224129523509419e+02
2.860402577363416299e+02
2.869253932058201144e+02
2.851588849270904689e+02
2.847576356689118029e+02
2.846539997139914817e+02
2.851588849270904689e+02
2.850688606217133270e+02
2.850688606217133270e+02
2.854496591770399618e+02
2.847864849456686329e+02
2.837617624771459646e+02
2.853754412253485384e+02
2.850013212144494332e+02
2.849211085383477666e+02
2.856498118467603717e+02
2.839316665889201090e+02
2.854861173846179554e+02
2.862121543226020322e+02
2.846452264024807164e+02
2.854345128230951332e+02
2.852518499278408513e+02
2.847772663986145290e+02
2.846281477740993182e+02
2.838422291589787960e+02
2.845914735169930054e+02
2.835840806221685853e+02
2.830366351895279990e+02
2.841134013664681106e+02
2.855799488422089212e+02
2.870887128380923059e+02
2.855892514505148938e+02
2.856922992745244869e+02
2.857988726579157515e+02
2.856394413877562215e+02
2.841307916869703263e+02
2.844047769264873295e+02
2.840184071001402799e+02
2.836672165791525231e+02
2.843592382928047186e+02
2.848590116201933142e+02
2.838087420648222405e+02
2.854171906711034694e+02
2.844869527455274465e+02
2.842668594445993904e+02
2.855892514505148938e+02
2.861796142067494202e+02
2.853546019163434835e+02
2.860766083264765030e+02
2.869427331429249648e+02
2.872642012681503161e+02
2.837680817470682086e+02
2.844047769264873295e+02
2.860766083264765030e+02
2.855195040587144604e+02
2.862017548019380797e+02
2.851067670365102344e+02
2.841034555231982495e+02
2.829961337752735631e+02
2.841744239149956570e+02
2.837611096446989336e+02
2.836816585421284458e+02
2.846464213926581692e+02
2.852351333081833218e+02
2.821777973540813491e+02
2.837678162624416700e+02
2.833612898808965497e+02
2.835103256949163892e+02
2.836816585421284458e+02
2.841601080870557325e+02
2.838534567010273690e+02
2.848174145052186645e+02
2.846849187225069500e+02
2.852563047850917428e+02
2.846909070893617582e+02
2.846350398666662613e+02
2.844869527455274465e+02
2.838663924509639855e+02
2.833066456446151165e+02
2.850306110108091957e+02
2.851588849270904689e+02
2.838534567010273690e+02
2.841359054467397414e+02
2.837596406779962876e+02
2.826685549421973178e+02
2.815349356433579828e+02
2.826264849315270453e+02
2.818785794470136352e+02
2.843092285380478756e+02
2.831449329093172764e+02
2.831449329093172764e+02
2.825236752421670872e+02
2.825509934976462318e+02
2.834509820547270351e+02
2.832607046790463983e+02
2.827593428031689200e+02
2.827593428031689200e+02
2.827593428031689200e+02
2.828542407405128642e+02
2.829440023308337118e+02
2.823259452677202148e+02
2.841543329403860980e+02
2.849263101417153621e+02
2.845337857061903151e+02
2.831449329093172764e+02
2.843018032497091667e+02
2.850324693859772651e+02
2.836816585421284458e+02
2.836816585421284458e+02
2.845797261734695667e+02
2.790148919978238382e+02
2.767326476187991489e+02
2.786276747415058708e+02
2.790671498813976541e+02
2.789792374762805025e+02
2.804180015644778337e+02
2.791820264741849087e+02
2.797780567223146022e+02
2.811453260284962994e+02
2.822733136651182235e+02
2.814901130845095736e+02
2.824477393914991126e+02
2.800936427196566001e+02
2.803005790945319973e+02
2.790689548394145731e+02
2.801726551596725585e+02
2.797557289720839435e+02
2.802389373916196291e+02
2.792247455440240174e+02
2.775902670823866742e+02
2.797275050178182596e+02
2.805985533038872290e+02
2.805373833901508078e+02
2.799161185266964367e+02
2.781410179340698505e+02
2.778840212911283061e+02
2.793617217147470342e+02
2.800659548359444102e+02
2.787533509449145868e+02
2.805022654859340037e+02
2.817316261709576679e+02
2.813826416124001639e+02
2.813607642778465561e+02
2.813826416124001639e+02
2.814300860984881183e+02
2.810745616796597233e+02
2.804227720740720997e+02
2.810745616796597233e+02
2.811669171161499321e+02
2.817923409876843266e+02
2.814300860984881183e+02
2.815701292035441838e+02
2.823713787679706684e+02
2.827207789859372724e+02
2.820647578645115914e+02
2.815417624732197055e+02
2.792243272203313040e+02
2.814566611706086974e+02
2.792247455440240174e+02
2.824155941607065756e+02
2.792243272203313040e+02
2.818048968428165608e+02
2.803082295826438326e+02
2.825412941766840618e+02
2.825562427797387954e+02
2.804059154248461141e+02
2.832799231861756653e+02
2.811563752626782389e+02
2.837678162624416700e+02
2.838534567010273690e+02
2.821265777477547658e+02
2.817967000310737831e+02
2.825509934976462318e+02
2.823985889239697258e+02
2.826623712899696557e+02
2.815345330201989213e+02
2.813979472206479500e+02
2.814306054501074073e+02
2.814125206672582067e+02
2.814316663079709997e+02
2.804921810295844580e+02
2.826025085783805366e+02
2.797723157966398730e+02
2.807646022391321026e+02
2.824869723939087862e+02
2.830101505988465078e+02
2.779010557592375790e+02
2.777704241364787094e+02
2.793888181492222884e+02
2.801081047713668113e+02
2.778309920120109950e+02
2.758517888953374495e+02
2.762629546200552113e+02
2.754168865794978274e+02
2.779717173884251338e+02
2.798619333775484392e+02
2.804900173075674843e+02
2.818048968428165608e+02
2.804664635929603378e+02
2.779063173442268067e+02
2.779478923079742572e+02
2.800037345862119196e+02
2.778745452254071893e+02
2.782832109852643612e+02
2.774820405285356060e+02
2.779297274085055847e+02
2.812479718746106414e+02
2.789792374762805025e+02
2.832208306349227769e+02
2.803681510705586675e+02
2.830672790843767075e+02
2.835103256949163892e+02
2.809797767022711241e+02
2.803736079629006213e+02
2.799462953424993543e+02
2.814214731493249815e+02
2.803929207492215596e+02
2.803995484890880334e+02
2.814316663079709997e+02
2.827849024738948742e+02
2.802779412518614777e+02
2.817098992312228916e+02
2.828287488662747933e+02
2.796079719179753624e+02
2.772186988203101237e+02
2.803299839664476281e+02
2.824869723939087862e+02
2.830648429554164522e+02
2.813245022394254420e+02
2.823172888666217659e+02
2.836160883827036514e+02
2.807264501583200627e+02
2.789982006197433861e+02
2.791175221315536419e+02
2.806958892574442075e+02
2.802664929725663114e+02
2.800520260856242203e+02
2.797723280237618155e+02
2.828189244298201288e+02
2.803220303128091473e+02
2.819650347531201646e+02
2.812775899198307457e+02
2.815462516833168820e+02
2.796967798322104386e+02
2.814730441088393036e+02
2.789299685625387042e+02
2.800037345862119196e+02
2.789772833864253130e+02
2.812580028566317765e+02
2.796141979729051741e+02
2.815581742229591100e+02
2.814697917366058277e+02
2.803820081624522231e+02
2.782832109852643612e+02
2.804227720740720997e+02
2.781332048737849050e+02
2.808442827650842446e+02
2.803820081624522231e+02
2.803243749907957181e+02
2.804534700554590927e+02
2.798309660109921424e+02
2.807802301295592429e+02
2.811099915771265501e+02
2.812538686690039071e+02
2.809438718391754151e+02
2.807893469623527949e+02
2.816313145251456262e+02
2.824114453455968601e+02
2.823662904128785840e+02
2.815951474374732015e+02
2.812580028566317765e+02
2.791175221315536419e+02
2.791349568839568747e+02
2.789381563482036199e+02
2.803767906637476131e+02
2.806989069237161516e+02
2.815701292035441838e+02
2.815729341442823284e+02
2.824901583218162386e+02
2.842927410572628446e+02
2.826183497546348349e+02
2.825729715196782763e+02
2.823715591356690879e+02
2.817967000310737831e+02
2.818785794470136352e+02
2.841170224444792325e+02
2.846611286260709903e+02
2.849307070262478874e+02
2.841170224444792325e+02
2.837617624771459646e+02
2.840347047575907595e+02
2.840184071001402799e+02
2.842668594445993904e+02
2.833485239155757540e+02
2.815610596003501769e+02
2.812476153084048747e+02
2.812688165489929020e+02
2.811749227375580631e+02
2.811815848926440253e+02
2.812126115154491686e+02
2.824155941607065756e+02
2.822367235079574357e+02
2.821340537612308026e+02
2.801081047713668113e+02
2.800462420393801608e+02
2.803658262357145645e+02
2.812479718746106414e+02
2.813826416124001639e+02
2.831001779859386147e+02
2.824653663339932450e+02
2.805985618185487738e+02
2.802772682437371259e+02
2.780478759252958980e+02
2.780980428759178267e+02
2.805340952984658998e+02
2.797528964055894107e+02
2.801212950742018393e+02
2.815253896076220030e+02
2.811669171161499321e+02
2.811140395539162569e+02
2.815970191242687974e+02
2.815729341442823284e+02
2.821779833688361805e+02
2.832981095167182843e+02
2.827155333218834130e+02
2.811140395539162569e+02
2.811563752626782389e+02
2.812688165489929020e+02
2.809869255715173608e+02
2.821598711714815977e+02
2.811983400389101462e+02
2.828258608857235572e+02
2.822536773219101747e+02
2.822522678822468833e+02
2.812652918144721070e+02
2.815981633973811427e+02
2.803983026394746503e+02
2.837664618736565103e+02
2.830711473450530775e+02
2.827849024738948742e+02
2.828444990466512081e+02
2.833333293660562617e+02
2.837006515932414459e+02
2.824297066203932900e+02
2.826399778067815873e+02
2.825289948694366444e+02
2.819140167856326116e+02
2.817323412878172348e+02
2.831066035176075957e+02
2.809024455523859842e+02
2.822536773219101747e+02
2.820998246035408670e+02
2.828161130764063387e+02
2.821677665048829908e+02
2.827498221874074602e+02
2.806711828759633818e+02
2.819654099707159389e+02
2.805994966031541935e+02
2.800829217609021953e+02
2.824668054897472302e+02
2.809763440379590520e+02
2.803521593254668005e+02
2.811543257782585101e+02
2.814377937619522072e+02
2.804900173075674843e+02
2.818591531980779337e+02
2.814316663079709997e+02
2.811140395539162569e+02
2.814318887151641206e+02
2.806989069237161516e+02
2.817323412878172348e+02
2.828161130764063387e+02
2.849388552676689983e+02
2.827593428031689200e+02
2.830648429554164522e+02
2.830648429554164522e+02
2.837664618736565103e+02
2.827207789859372724e+02
2.821876412470442688e+02
2.817098992312228916e+02
2.794328466985226669e+02
2.814831552541520523e+02
2.812264718756759407e+02
2.800095565252727283e+02
2.849934538557599808e+02
2.828223896098123760e+02
2.835103256949163892e+02
2.835840806221685853e+02
2.822350624062096358e+02
2.830649539212290620e+02
2.801398857741101551e+02
2.825048073064368737e+02
2.837214414833449609e+02
2.820932027298125604e+02
2.828542407405128642e+02
2.815349356433579828e+02
2.806758997675565297e+02
2.815981633973811427e+02
2.830711473450530775e+02
2.845075187543038169e+02
2.852351333081833218e+02
2.840826349066508101e+02
2.858156009754222282e+02
2.844020957811430890e+02
2.846181073608873930e+02
2.868221464086228707e+02
2.860129461975665777e+02
2.845645366491012282e+02
2.836213296683545195e+02
2.842475810171879402e+02
2.838916218719781455e+02
2.846137154603317185e+02
2.833944530565652258e+02
2.848952542320353132e+02
2.827498221874074602e+02
2.843246256356883919e+02
2.818244484171286217e+02
2.820405533177772099e+02
2.808201180566214816e+02
2.807776428624922573e+02
2.815417624732197055e+02
2.812657733573278165e+02
2.841744239149956570e+02
2.830521058623291992e+02
2.843246256356883919e+02
2.847368690616555114e+02
2.849833585869045578e+02
2.849388552676689983e+02
2.836213296683545195e+02
2.837664618736565103e+02
2.845075187543038169e+02
2.845645366491012282e+02
2.841134013664681106e+02
2.834029207584868004e+02
2.835393601849215770e+02
2.831507069195622535e+02
2.836701106788606239e+02
2.833624495039214821e+02
2.831001779859386147e+02
2.824415099265225422e+02
2.822892133827012913e+02
2.822745007541207087e+02
2.831192741369708870e+02
2.831192741369708870e+02
2.846331039071042142e+02
2.819496599167833892e+02
2.833333293660562617e+02
2.825729715196782763e+02
2.822582912452858181e+02
2.830672790843767075e+02
2.845645366491012282e+02
2.835840806221685853e+02
2.839316665889201090e+02
2.832981095167182843e+02
2.836300338927475195e+02
2.837403166535494847e+02
2.845958085653557532e+02
2.839164114967375667e+02
2.837943971043818578e+02
2.843816093307577262e+02
2.844020957811430890e+02
2.856759370398107194e+02
2.834577871150648889e+02
2.852759781177763898e+02
2.846350398666662613e+02
2.846350398666662613e+02
2.835633736746989371e+02
2.823259452677202148e+02
2.844154550045179235e+02
2.843730998927737232e+02
2.837403166535494847e+02
2.846889888228069481e+02
2.821285315324655585e+02
2.806961101051527407e+02
2.821779833688361805e+02
2.814831552541520523e+02
2.825289948694366444e+02
2.838534567010273690e+02
2.841536736637731337e+02
2.855476935154912326e+02
2.857841767541277136e+02
2.849388552676689983e+02
2.840437041960240094e+02
2.839733732130935095e+02
2.835007336407949765e+02
2.846221598372584367e+02
2.860539708743796723e+02
2.871118086133619158e+02
2.868271918396937394e+02
2.837183956509265954e+02
2.846009346027582865e+02
2.852518499278408513e+02
2.847769647896932383e+02
2.867214830185215533e+02
2.846015641335547457e+02
2.849833585869045578e+02
2.838087420648222405e+02
2.824869723939087862e+02
2.822536773219101747e+02
2.828919678152983579e+02
2.821777973540813491e+02
2.830160036951655798e+02
2.830774439633323709e+02
2.830712709972834205e+02
2.829961337752735631e+02
2.829853636846675613e+02
2.838422291589787960e+02
2.833806439157274326e+02
2.844354203281504283e+02
2.848590116201933142e+02
2.860969691069431065e+02
2.856578971893745802e+02
2.838916218719781455e+02
2.855662775649774403e+02
2.853545327126536222e+02
2.840184071001402799e+02
2.841034555231982495e+02
2.836672165791525231e+02
2.829961337752735631e+02
2.853368779431631310e+02
2.837664618736565103e+02
2.841307916869703263e+02
2.830498020319204215e+02
2.837611096446989336e+02
2.832761896307571305e+02
2.834509820547270351e+02
2.830521058623291992e+02
2.833884681517821491e+02
2.829048570672949268e+02
2.829165122949785314e+02
2.830101505988465078e+02
2.833624495039214821e+02
2.837160964244746992e+02
2.830541093780519759e+02
2.834341901636312855e+02
2.822582912452858181e+02
2.834069958875132329e+02
2.833347468630222465e+02
2.837680817470682086e+02
2.838534567010273690e+02
2.850468274242694520e+02
2.850468274242694520e+02
2.852518499278408513e+02
2.845095844336281630e+02
2.842481458502322198e+02
2.845962034977495705e+02
2.841307916869703263e+02
2.847756034029295620e+02
2.842668594445993904e+02
2.855476935154912326e+02
2.854345128230951332e+02
2.846452264024807164e+02
2.841134013664681106e+02
2.849934538557599808e+02
2.843362033185702558e+02
2.842668594445993904e+02
2.844404025945848957e+02
2.856846713366279573e+02
2.852489383194599100e+02
2.856922017094609600e+02
2.854496591770399618e+02
2.842481458502322198e+02
2.855892514505148938e+02
2.849263101417153621e+02
2.850688606217133270e+02
2.853545327126536222e+02
2.843704280514543825e+02
2.849388552676689983e+02
2.841543329403860980e+02
2.846137154603317185e+02
2.846137154603317185e+02
2.843704280514543825e+02
2.860402577363416299e+02
2.846137154603317185e+02
2.851828571204843570e+02
2.834029207584868004e+02
2.844154550045179235e+02
2.844020957811430890e+02
2.861283165072098882e+02
2.833039932755563655e+02
2.830498020319204215e+02
2.832145396966350859e+02
2.831134637392702302e+02
2.842481458502322198e+02
2.833892581460668794e+02
2.837943971043818578e+02
2.832008164895197524e+02
2.839733732130935095e+02
2.840871982511399096e+02
2.841134013664681106e+02
2.856394413877562215e+02
2.841116609721558461e+02
2.843362033185702558e+02
2.852351333081833218e+02
2.853546019163434835e+02
2.858240378348049262e+02
2.862121543226020322e+02
2.860743526932147915e+02
2.845645366491012282e+02
2.849307070262478874e+02
2.845337857061903151e+02
2.832799231861756653e+02
2.838534567010273690e+02
2.830672790843767075e+02
2.830711473450530775e+02
2.830366351895279990e+02
2.829796974443661384e+02
2.852518499278408513e+02
2.835575154278888022e+02
2.850244850594110062e+02
2.847635200934741988e+02
2.856479555748748567e+02
2.857262969129089925e+02
2.847756034029295620e+02
2.847756034029295620e+02
2.838916218719781455e+02
2.832145396966350859e+02
2.838279180835040734e+02
2.842475810171879402e+02
2.835008618107798952e+02
2.857516684981852109e+02
2.837678162624416700e+02
2.841744239149956570e+02
2.818048968428165608e+02
2.826013122576217711e+02
2.833066456446151165e+02
2.826264849315270453e+02
2.822582912452858181e+02
2.830521058623291992e+02
2.810586802179141728e+02
2.823713787679706684e+02
2.827155333218834130e+02
2.828161130764063387e+02
2.831014895942681164e+02
2.831677741339906902e+02
2.826025085783805366e+02
2.826399778067815873e+02
2.828444990466512081e+02
2.830498020319204215e+02
2.833448122705647734e+02
2.829165122949785314e+02
2.819129766912056425e+02
2.811563752626782389e+02
2.829225143159595746e+02
2.814641437067231777e+02
2.823232669489681825e+02
2.821962204184994221e+02
2.825671471183385961e+02
2.834069958875132329e+02
2.813245022394254420e+02
2.827929084460653257e+02
2.828161130764063387e+02
2.813798607488819243e+02
2.827207789859372724e+02
2.811539028178519288e+02
2.800648014617318040e+02
2.804072344174936120e+02
2.799462953424993543e+02
2.803423461077844649e+02
2.791544818807051911e+02
2.815981633973811427e+02
2.814300860984881183e+02
2.815883199279741120e+02
2.814208250359287149e+02
2.804921810295844580e+02
2.824155941607065756e+02
2.815883199279741120e+02
2.813636556639133914e+02
2.811815848926440253e+02
2.815701292035441838e+02
2.817967000310737831e+02
2.815349356433579828e+02
2.821265777477547658e+02
2.812652918144721070e+02
2.815273929135333333e+02
2.770624002651015303e+02
2.801988804188563904e+02
2.797723157966398730e+02
2.807893469623527949e+02
2.788131037700232469e+02
2.794116496942896219e+02
2.771583786511605467e+02
2.770624002651015303e+02
2.773461871959527798e+02
2.780026907834172789e+02
2.775082410305492999e+02
2.789982006197433861e+02
2.811669171161499321e+02
2.816357595901508830e+02
2.835445679373634675e+02
2.814214731493249815e+02
2.804300266697792949e+02
2.812332191095488270e+02
2.787898873936500763e+02
2.783350958058025526e+02
2.785976192709778729e+02
2.790671498813976541e+02
2.779072218147196054e+02
2.775222148908587201e+02
2.761353171029723512e+02
2.757274787094316935e+02
2.789597213900802899e+02
2.782084660083312997e+02
2.800206045831417896e+02
2.797723157966398730e+02
2.809024455523859842e+02
2.813826416124001639e+02
2.811461685845540615e+02
2.786233849887169072e+02
2.789381563482036199e+02
2.811563752626782389e+02
2.833755950453104333e+02
2.818785794470136352e+02
2.804534700554590927e+02
2.814730441088393036e+02
2.815735448448630223e+02
2.812476153084048747e+02
2.803423461077844649e+02
2.831677741339906902e+02
2.819328166042458292e+02
2.825428268696066425e+02
2.811669171161499321e+02
2.825428268696066425e+02
2.816313145251456262e+02
2.814418975292285836e+02
2.824420878635489771e+02
2.817323412878172348e+02
2.820932027298125604e+02
2.817323412878172348e+02
