2.839535827636718750e+02
2.839821472167968750e+02
2.839303588867187500e+02
2.838432006835937500e+02
2.838879394531250000e+02
2.838674926757812500e+02
2.837360839843750000e+02
2.838023681640625000e+02
2.837929992675781250e+02
2.837276306152343750e+02
2.837725219726562500e+02
2.837884216308593750e+02
2.836855163574218750e+02
2.837098999023437500e+02
2.838146667480468750e+02
2.837070617675781250e+02
2.837613830566406250e+02
2.837295532226562500e+02
2.837604370117187500e+02
2.837295532226562500e+02
2.837145385742187500e+02
2.837351379394531250e+02
2.836103515625000000e+02
2.836169433593750000e+02
2.837070617675781250e+02
2.837604370117187500e+02
2.837164611816406250e+02
2.836986083984375000e+02
2.837360839843750000e+02
2.837126464843750000e+02
2.837107543945312500e+02
2.837910766601562500e+02
2.837351379394531250e+02
2.836413574218750000e+02
2.836967773437500000e+02
2.837857360839843750e+02
2.837117919921875000e+02
2.838052673339843750e+02
2.837539062500000000e+02
2.837782592773437500e+02
2.837285766601562500e+02
2.837884216308593750e+02
2.838107910156250000e+02
2.838042907714843750e+02
2.838266601562500000e+02
2.838266601562500000e+02
2.838257446289062500e+02
2.838023681640625000e+02
2.837790222167968750e+02
2.836967163085937500e+02
2.837640991210937500e+02
2.838367614746093750e+02
2.838143920898437500e+02
2.838377380371093750e+02
2.837790222167968750e+02
2.837566528320312500e+02
2.837994995117187500e+02
2.838600158691406250e+02
2.838645935058593750e+02
2.838590698242187500e+02
2.838784484863281250e+02
2.838848876953125000e+02
2.838764648437500000e+02
2.838680725097656250e+02
2.837509155273437500e+02
2.837826538085937500e+02
2.837313232421875000e+02
2.838665161132812500e+02
2.838887939453125000e+02
2.838877868652343750e+02
2.838432006835937500e+02
2.839249572753906250e+02
2.839120483398437500e+02
2.839120483398437500e+02
2.839417419433593750e+02
2.839100646972656250e+02
2.839179992675781250e+02
2.838616333007812500e+02
2.837499389648437500e+02
2.838626098632812500e+02
2.839081726074218750e+02
2.838923034667968750e+02
2.839249572753906250e+02
2.839194641113281250e+02
2.839120483398437500e+02
2.838571166992187500e+02
2.838636169433593750e+02
2.839303588867187500e+02
2.839219360351562500e+02
2.838942565917968750e+02
2.838804016113281250e+02
2.839683532714843750e+02
2.838069458007812500e+02
2.839194641113281250e+02
2.839303588867187500e+02
2.838422546386718750e+02
2.839071655273437500e+02
2.838674926757812500e+02
2.837640991210937500e+02
2.837855529785156250e+02
2.837864685058593750e+02
2.837613830566406250e+02
2.836836547851562500e+02
2.836686096191406250e+02
2.837313232421875000e+02
2.836310424804687500e+02
2.837510375976562500e+02
2.838199157714843750e+02
2.838432006835937500e+02
2.838098449707031250e+02
2.838273620605468750e+02
2.837416687011718750e+02
2.837715759277343750e+02
2.838013916015625000e+02
2.838415832519531250e+02
2.838192443847656250e+02
2.838117675781250000e+02
2.838471069335937500e+02
2.838768615722656250e+02
2.838302917480468750e+02
2.838794555664062500e+02
2.839125671386718750e+02
2.838299865722656250e+02
2.838364257812500000e+02
2.838606567382812500e+02
2.839051818847656250e+02
2.839106140136718750e+02
2.839273986816406250e+02
2.838432006835937500e+02
2.838665161132812500e+02
2.838600158691406250e+02
2.838655395507812500e+02
2.838981933593750000e+02
2.838981933593750000e+02
2.839066162109375000e+02
2.838535766601562500e+02
2.838526000976562500e+02
2.839757690429687500e+02
2.839165344238281250e+02
2.838848876953125000e+02
2.838487243652343750e+02
2.839209899902343750e+02
2.839061584472656250e+02
2.838590698242187500e+02
2.839071655273437500e+02
2.838838806152343750e+02
2.838561706542968750e+02
2.839599914550781250e+02
2.838670959472656250e+02
2.838571166992187500e+02
2.839333190917968750e+02
2.838377380371093750e+02
2.839427185058593750e+02
2.839333190917968750e+02
2.839481506347656250e+02
2.839026794433593750e+02
2.839071655273437500e+02
2.839683532714843750e+02
2.839333190917968750e+02
2.838981933593750000e+02
2.839387512207031250e+02
2.839629516601562500e+02
2.839269104003906250e+02
2.839036560058593750e+02
2.839436950683593750e+02
2.839342956542968750e+02
2.838897705078125000e+02
2.838163452148437500e+02
2.838684387207031250e+02
2.839397583007812500e+02
2.839417419433593750e+02
2.839565429687500000e+02
2.838377380371093750e+02
2.839323425292968750e+02
2.839683532714843750e+02
2.839313354492187500e+02
2.839294128417968750e+02
2.839875793457031250e+02
2.840043029785156250e+02
2.839875793457031250e+02
2.839175109863281250e+02
2.839165344238281250e+02
2.839303588867187500e+02
2.839535827636718750e+02
2.839609375000000000e+02
2.839999389648437500e+02
2.838971862792968750e+02
2.839175109863281250e+02
2.839471435546875000e+02
2.839609375000000000e+02
2.838526306152343750e+02
2.838749084472656250e+02
2.838516540527343750e+02
2.838971862792968750e+02
2.839629516601562500e+02
2.839239196777343750e+02
2.839367980957031250e+02
2.839516296386718750e+02
2.839407348632812500e+02
2.839303588867187500e+02
2.839026794433593750e+02
2.839693603515625000e+02
2.839703674316406250e+02
2.838153686523437500e+02
2.835369873046875000e+02
2.838665161132812500e+02
2.839585266113281250e+02
2.839649353027343750e+02
2.838877868652343750e+02
2.838942565917968750e+02
2.839249572753906250e+02
2.838580932617187500e+02
2.838347778320312500e+02
2.837901306152343750e+02
2.838535766601562500e+02
2.838804016113281250e+02
2.838991394042968750e+02
2.839140014648437500e+02
2.839288635253906250e+02
2.838971862792968750e+02
2.839219360351562500e+02
2.838347778320312500e+02
2.837836303710937500e+02
2.838784484863281250e+02
2.837556152343750000e+02
2.838218688964843750e+02
2.838719787597656250e+02
2.838143920898437500e+02
2.837585144042968750e+02
2.838564758300781250e+02
2.837828674316406250e+02
2.837061157226562500e+02
2.837117004394531250e+02
2.837341613769531250e+02
2.837884216308593750e+02
2.838357543945312500e+02
2.838877868652343750e+02
2.835576171875000000e+02
2.837679138183593750e+02
2.837968444824218750e+02
2.836770629882812500e+02
2.837351379394531250e+02
2.838694763183593750e+02
2.838619995117187500e+02
2.838609924316406250e+02
2.838887939453125000e+02
2.838088989257812500e+02
2.836928710937500000e+02
2.837042541503906250e+02
2.838107910156250000e+02
2.837809448242187500e+02
2.837070617675781250e+02
2.836217041015625000e+02
2.836864013671875000e+02
2.837443542480468750e+02
2.838774414062500000e+02
2.839209899902343750e+02
2.838794555664062500e+02
2.839056091308593750e+02
2.837939453125000000e+02
2.838386535644531250e+02
2.838739624023437500e+02
2.839219360351562500e+02
2.838153686523437500e+02
2.838684387207031250e+02
2.839111022949218750e+02
2.838367614746093750e+02
2.838942565917968750e+02
2.839145812988281250e+02
2.838987731933593750e+02
2.838745422363281250e+02
2.838541870117187500e+02
2.838432006835937500e+02
2.837994995117187500e+02
2.839026794433593750e+02
2.839184875488281250e+02
2.839036560058593750e+02
2.838357543945312500e+02
2.839120483398437500e+02
2.838917236328125000e+02
2.838189697265625000e+02
2.837888793945312500e+02
2.838244934082031250e+02
2.838124694824218750e+02
2.838674926757812500e+02
2.838609924316406250e+02
2.838619995117187500e+02
2.839165344238281250e+02
2.839249267578125000e+02
2.836608581542968750e+02
