2.857707962395568870e+02
2.857632462570512075e+02
2.855093472594567743e+02
2.859756327495234132e+02
2.855811312120556522e+02
2.852551347847664829e+02
2.855227135060266619e+02
2.831580118742571699e+02
2.829416720665659568e+02
2.855407435668526546e+02
2.848436723302717155e+02
2.829151214152905141e+02
2.842561662666332722e+02
2.853184229397490981e+02
2.835913321921692614e+02
2.853184229397490981e+02
2.851464167991751424e+02
2.855407435668526546e+02
2.851464167991751424e+02
2.855407435668526546e+02
2.857449763336801993e+02
2.855227135060266619e+02
2.829871874119311883e+02
2.829869852385575655e+02
2.853184229397490981e+02
2.851464167991751424e+02
2.857449763336801993e+02
2.839963601095794274e+02
2.855227135060266619e+02
2.857449763336801993e+02
2.857449763336801993e+02
2.829416720665659568e+02
2.855227135060266619e+02
2.831371116634091436e+02
2.844716174530429953e+02
2.829477933841974391e+02
2.853184229397490981e+02
2.831580118742571699e+02
2.850689912858419461e+02
2.848436723302717155e+02
2.855407435668526546e+02
2.829151214152905141e+02
2.835913321921692614e+02
2.831580118742571699e+02
2.855538338207833249e+02
2.855538338207833249e+02
2.855538338207833249e+02
2.831580118742571699e+02
2.829477933841974391e+02
2.839963601095794274e+02
2.856350963306402377e+02
2.860172901050598853e+02
2.829253782430632214e+02
2.860172901050598853e+02
2.829477933841974391e+02
2.851464167991751424e+02
2.831580118742571699e+02
2.857567427877868340e+02
2.852551347847664829e+02
2.857567427877868340e+02
2.852414366011865354e+02
2.855410605713870495e+02
2.852414366011865354e+02
2.851919769503385851e+02
2.851464167991751424e+02
2.829151214152905141e+02
2.855227135060266619e+02
2.852551347847664829e+02
2.855410605713870495e+02
2.855410605713870495e+02
2.859756327495234132e+02
2.855411368968032093e+02
2.856482632192403344e+02
2.856482632192403344e+02
2.858106254938284678e+02
2.856482632192403344e+02
2.855411368968032093e+02
2.852551347847664829e+02
2.851464167991751424e+02
2.852551347847664829e+02
2.856482632192403344e+02
2.855450604681115578e+02
2.855411368968032093e+02
2.856217950791522640e+02
2.856482632192403344e+02
2.857567427877868340e+02
2.852551347847664829e+02
2.855093472594567743e+02
2.855411368968032093e+02
2.855450604681115578e+02
2.852414366011865354e+02
2.857649165570512082e+02
2.835913321921692614e+02
2.856217950791522640e+02
2.855093472594567743e+02
2.859756327495234132e+02
2.856482632192403344e+02
2.852551347847664829e+02
2.856350963306402377e+02
2.829151214152905141e+02
2.829151214152905141e+02
2.851464167991751424e+02
2.842561662666332722e+02
2.842331784611630496e+02
2.855227135060266619e+02
2.829636012698610443e+02
2.850689912858419461e+02
2.855538338207833249e+02
2.859756327495234132e+02
2.835913321921692614e+02
2.859806307104419716e+02
2.851679524068013052e+02
2.848436723302717155e+02
2.831580118742571699e+02
2.860172901050598853e+02
2.829253782430632214e+02
2.835913321921692614e+02
2.859756327495234132e+02
2.851919769503385851e+02
2.859806307104419716e+02
2.852414366011865354e+02
2.856217950791522640e+02
2.860172901050598853e+02
2.859756327495234132e+02
2.852551347847664829e+02
2.856482632192403344e+02
2.856217950791522640e+02
2.855093472594567743e+02
2.859756327495234132e+02
2.852551347847664829e+02
2.857567427877868340e+02
2.852551347847664829e+02
2.855450604681115578e+02
2.855450604681115578e+02
2.855811312120556522e+02
2.858812425123134062e+02
2.858812425123134062e+02
2.857632462570512075e+02
2.856217950791522640e+02
2.855410605713870495e+02
2.858812425123134062e+02
2.855411368968032093e+02
2.856482632192403344e+02
2.857567427877868340e+02
2.856482632192403344e+02
2.855410605713870495e+02
2.857567427877868340e+02
2.857649165570512082e+02
2.851919769503385851e+02
2.857567427877868340e+02
2.855093472594567743e+02
2.860172901050598853e+02
2.858106254938284678e+02
2.855093472594567743e+02
2.857654633840243719e+02
2.855811312120556522e+02
2.856482632192403344e+02
2.857649165570512082e+02
2.855093472594567743e+02
2.855450604681115578e+02
2.858106254938284678e+02
2.857649165570512082e+02
2.855411368968032093e+02
2.855811312120556522e+02
2.858106254938284678e+02
2.855093472594567743e+02
2.855410605713870495e+02
2.829253782430632214e+02
2.852551347847664829e+02
2.858106254938284678e+02
2.858106254938284678e+02
2.857707962395568870e+02
2.860172901050598853e+02
2.855093472594567743e+02
2.857649165570512082e+02
2.855093472594567743e+02
2.855093472594567743e+02
2.857550153903844716e+02
2.857550153903844716e+02
2.857550153903844716e+02
2.856217950791522640e+02
2.856217950791522640e+02
2.855093472594567743e+02
2.857707962395568870e+02
2.857649165570512082e+02
2.857550153903844716e+02
2.855450604681115578e+02
2.856217950791522640e+02
2.857654633840243719e+02
2.857649165570512082e+02
2.858812425123134062e+02
2.851919769503385851e+02
2.858812425123134062e+02
2.855450604681115578e+02
2.857649165570512082e+02
2.855411368968032093e+02
2.858106254938284678e+02
2.857707962395568870e+02
2.858106254938284678e+02
2.855093472594567743e+02
2.855811312120556522e+02
2.857649165570512082e+02
2.857649165570512082e+02
2.829253782430632214e+02
2.831530251854974836e+02
2.852551347847664829e+02
2.857707962395568870e+02
2.857649165570512082e+02
2.855410605713870495e+02
2.855450604681115578e+02
2.855411368968032093e+02
2.857567427877868340e+02
2.860172901050598853e+02
2.829416720665659568e+02
2.858812425123134062e+02
2.852414366011865354e+02
2.855450604681115578e+02
2.856482632192403344e+02
2.855411368968032093e+02
2.855450604681115578e+02
2.855411368968032093e+02
2.860172901050598853e+02
2.829151214152905141e+02
2.852414366011865354e+02
2.851464167991751424e+02
2.855538338207833249e+02
2.851919769503385851e+02
2.829253782430632214e+02
2.851464167991751424e+02
2.858812425123134062e+02
2.829477933841974391e+02
2.853184229397490981e+02
2.857449763336801993e+02
2.855227135060266619e+02
2.829151214152905141e+02
2.860172901050598853e+02
2.855410605713870495e+02
2.831491774524969287e+02
2.856350963306402377e+02
2.829416720665659568e+02
2.842903432987623660e+02
2.855227135060266619e+02
2.852551347847664829e+02
2.857567427877868340e+02
2.857567427877868340e+02
2.855410605713870495e+02
2.835913321921692614e+02
2.853184229397490981e+02
2.853184229397490981e+02
2.835913321921692614e+02
2.829477933841974391e+02
2.853184229397490981e+02
2.829699261757958766e+02
2.844716174530429953e+02
2.850689912858419461e+02
2.852414366011865354e+02
2.855411368968032093e+02
2.852414366011865354e+02
2.855811312120556522e+02
2.829416720665659568e+02
2.860172901050598853e+02
2.851919769503385851e+02
2.855411368968032093e+02
2.829253782430632214e+02
2.852551347847664829e+02
2.856482632192403344e+02
2.860172901050598853e+02
2.855450604681115578e+02
2.856217950791522640e+02
2.855811312120556522e+02
2.852414366011865354e+02
2.857567427877868340e+02
2.859756327495234132e+02
2.831580118742571699e+02
2.855811312120556522e+02
2.856217950791522640e+02
2.855811312120556522e+02
2.860172901050598853e+02
2.856482632192403344e+02
2.855410605713870495e+02
2.855538338207833249e+02
2.831580118742571699e+02
2.859806307104419716e+02
2.829253782430632214e+02
2.852551347847664829e+02
2.857567427877868340e+02
2.857567427877868340e+02
2.856217950791522640e+02
2.855411368968032093e+02
2.856617045086592270e+02
