2.850873413085937500e+02
2.851274108886718750e+02
2.850438537597656250e+02
2.849144592285156250e+02
2.848961486816406250e+02
2.849659118652343750e+02
2.847692565917968750e+02
2.848718261718750000e+02
2.848445434570312500e+02
2.847493591308593750e+02
2.848229980468750000e+02
2.848550109863281250e+02
2.846980285644531250e+02
2.847502136230468750e+02
2.849216613769531250e+02
2.847275085449218750e+02
2.848287048339843750e+02
2.847644653320312500e+02
2.848211975097656250e+02
2.847644653320312500e+02
2.847398681640625000e+02
2.847616577148437500e+02
2.845735473632812500e+02
2.845784606933593750e+02
2.847275085449218750e+02
2.848211975097656250e+02
2.847549743652343750e+02
2.847076110839843750e+02
2.847692565917968750e+02
2.847247009277343750e+02
2.847094726562500000e+02
2.848293151855468750e+02
2.847616577148437500e+02
2.846310729980468750e+02
2.847406005859375000e+02
2.848804626464843750e+02
2.847652587890625000e+02
2.848944702148437500e+02
2.848164672851562500e+02
2.848682556152343750e+02
2.847569274902343750e+02
2.848550109863281250e+02
2.848915710449218750e+02
2.848869018554687500e+02
2.849234313964843750e+02
2.849234313964843750e+02
2.849159240722656250e+02
2.848718261718750000e+02
2.848276367187500000e+02
2.846923828125000000e+02
2.848031921386718750e+02
2.849099426269531250e+02
2.848735046386718750e+02
2.849175109863281250e+02
2.848276367187500000e+02
2.847909240722656250e+02
2.848491210937500000e+02
2.849538269042968750e+02
2.849431762695312500e+02
2.849462890625000000e+02
2.849597473144531250e+02
2.849641723632812500e+02
2.849445190429687500e+02
2.849248046875000000e+02
2.847451782226562500e+02
2.848094482421875000e+02
2.847312316894531250e+02
2.849583435058593750e+02
2.849945373535156250e+02
2.849869689941406250e+02
2.849144592285156250e+02
2.850470581054687500e+02
2.850381774902343750e+02
2.850381774902343750e+02
2.850860900878906250e+02
2.850230712890625000e+02
2.849938354492187500e+02
2.849203491210937500e+02
2.847374877929687500e+02
2.849279785156250000e+02
2.850078735351562500e+02
2.849762573242187500e+02
2.850470581054687500e+02
2.850501403808593750e+02
2.850381774902343750e+02
2.849310913085937500e+02
2.849355773925781250e+02
2.850438537597656250e+02
2.850243225097656250e+02
2.849914245605468750e+02
2.849749145507812500e+02
2.851111450195312500e+02
2.848612976074218750e+02
2.850501403808593750e+02
2.850438842773437500e+02
2.849068908691406250e+02
2.850003051757812500e+02
2.849659118652343750e+02
2.848031921386718750e+02
2.848323059082031250e+02
2.848398437500000000e+02
2.848287048339843750e+02
2.846828613281250000e+02
2.846580505371093750e+02
2.847312316894531250e+02
2.845958557128906250e+02
2.847937927246093750e+02
2.848704223632812500e+02
2.849144592285156250e+02
2.848840332031250000e+02
2.848825988769531250e+02
2.847663879394531250e+02
2.848154296875000000e+02
2.848642883300781250e+02
2.849476928710937500e+02
2.849113159179687500e+02
2.848991394042968750e+02
2.849447631835937500e+02
2.849931030273437500e+02
2.849053649902343750e+02
2.849673461914062500e+02
2.849970703125000000e+02
2.848565368652343750e+02
2.848610229492187500e+02
2.849127197265625000e+02
2.849850769042968750e+02
2.849818115234375000e+02
2.850210876464843750e+02
2.849144592285156250e+02
2.849583435058593750e+02
2.849538269042968750e+02
2.849507751464843750e+02
2.850216979980468750e+02
2.850216979980468750e+02
2.850412292480468750e+02
2.849492797851562500e+02
2.849417114257812500e+02
2.851230773925781250e+02
2.850274658203125000e+02
2.849641723632812500e+02
2.849113769531250000e+02
2.850166931152343750e+02
2.849926757812500000e+02
2.849462890625000000e+02
2.850003051757812500e+02
2.849565734863281250e+02
2.849234924316406250e+02
2.850916748046875000e+02
2.849171447753906250e+02
2.849310913085937500e+02
2.850665588378906250e+02
2.849175109863281250e+02
2.850936279296875000e+02
2.850665588378906250e+02
2.850904846191406250e+02
2.850110473632812500e+02
2.850003051757812500e+02
2.851111450195312500e+02
2.850665893554687500e+02
2.850216979980468750e+02
2.850634460449218750e+02
2.851143798828125000e+02
2.850621643066406250e+02
2.850185852050781250e+02
2.851011352539062500e+02
2.850741271972656250e+02
2.850020751953125000e+02
2.848886413574218750e+02
2.849734802246093750e+02
2.850709838867187500e+02
2.850860900878906250e+02
2.851099548339843750e+02
2.849175109863281250e+02
2.850590209960937500e+02
2.851111450195312500e+02
2.850514831542968750e+02
2.850362854003906250e+02
2.851241455078125000e+02
2.851630249023437500e+02
2.851241455078125000e+02
2.850350646972656250e+02
2.850274658203125000e+02
2.850438537597656250e+02
2.850873413085937500e+02
2.850992736816406250e+02
2.851737976074218750e+02
2.850141296386718750e+02
2.850350646972656250e+02
2.850829467773437500e+02
2.850992736816406250e+02
2.849417419433593750e+02
2.849779968261718750e+02
2.849341735839843750e+02
2.850141296386718750e+02
2.851143798828125000e+02
2.850394592285156250e+02
2.850482788085937500e+02
2.850721740722656250e+02
2.850785217285156250e+02
2.850438537597656250e+02
2.850110473632812500e+02
2.851187438964843750e+02
2.851262817382812500e+02
2.848810424804687500e+02
2.844145202636718750e+02
2.849583435058593750e+02
2.851250000000000000e+02
2.851293945312500000e+02
2.849869689941406250e+02
2.849914245605468750e+02
2.850470581054687500e+02
2.849386901855468750e+02
2.848947448730468750e+02
2.848217163085937500e+02
2.849492797851562500e+02
2.849749145507812500e+02
2.850292053222656250e+02
2.850532226562500000e+02
2.850772094726562500e+02
2.850141296386718750e+02
2.850243225097656250e+02
2.848947448730468750e+02
2.848170776367187500e+02
2.849597473144531250e+02
2.847832946777343750e+02
2.848856201171875000e+02
2.849552612304687500e+02
2.848735046386718750e+02
2.848060607910156250e+02
2.849718933105468750e+02
2.848578796386718750e+02
2.847199707031250000e+02
2.847171020507812500e+02
2.847540588378906250e+02
2.848550109863281250e+02
2.849023132324218750e+02
2.849869689941406250e+02
2.844856872558593750e+02
2.848334350585937500e+02
2.848747253417968750e+02
2.846780395507812500e+02
2.847616577148437500e+02
2.849810180664062500e+02
2.849689331054687500e+02
2.849613647460937500e+02
2.849945373535156250e+02
2.848764648437500000e+02
2.846126098632812500e+02
2.847047424316406250e+02
2.848915710449218750e+02
2.848428039550781250e+02
2.847275085449218750e+02
2.845680847167968750e+02
2.846571350097656250e+02
2.847405395507812500e+02
2.849521179199218750e+02
2.850166931152343750e+02
2.849673461914062500e+02
2.850336914062500000e+02
2.848520812988281250e+02
2.849250488281250000e+02
2.849704284667968750e+02
2.850243225097656250e+02
2.848810424804687500e+02
2.849734802246093750e+02
2.850305786132812500e+02
2.849099426269531250e+02
2.849914245605468750e+02
2.850122985839843750e+02
2.849806518554687500e+02
2.849292297363281250e+02
2.849082336425781250e+02
2.849144592285156250e+02
2.848491210937500000e+02
2.850110473632812500e+02
2.850426025390625000e+02
2.850185852050781250e+02
2.849023132324218750e+02
2.850381774902343750e+02
2.850172119140625000e+02
2.848628234863281250e+02
2.847648315429687500e+02
2.848596801757812500e+02
2.848582763671875000e+02
2.849659118652343750e+02
2.849613647460937500e+02
2.849689331054687500e+02
2.850274658203125000e+02
2.850470581054687500e+02
2.841688232421875000e+02
