2.831228968875981877e+02
2.829871874119311883e+02
2.829869852385575655e+02
2.855407435668526546e+02
2.829871874119311883e+02
2.853184229397490981e+02
2.855227135060266619e+02
2.831580118742571699e+02
2.851464167991751424e+02
2.832772409798232047e+02
2.839963601095794274e+02
2.829699261757958766e+02
2.844716174530429953e+02
2.818827294067375533e+02
2.829699261757958766e+02
2.851679524068013052e+02
2.829871874119311883e+02
2.830673521771018954e+02
2.842331784611630496e+02
2.859756327495234132e+02
2.831777090987497445e+02
2.831530251854974836e+02
2.830719496482049067e+02
2.818827294067375533e+02
2.842331784611630496e+02
2.842331784611630496e+02
2.856617045086592270e+02
2.855407435668526546e+02
2.842903432987623660e+02
2.851464167991751424e+02
2.829910706287120092e+02
2.850689912858419461e+02
2.829910706287120092e+02
2.853184229397490981e+02
2.850689912858419461e+02
2.855407435668526546e+02
2.831371116634091436e+02
2.829636012698610443e+02
2.850689912858419461e+02
2.856350963306402377e+02
2.850689912858419461e+02
2.829416720665659568e+02
2.856350963306402377e+02
2.860172901050598853e+02
2.850689912858419461e+02
2.830673521771018954e+02
2.850689912858419461e+02
2.855227135060266619e+02
2.859806307104419716e+02
2.850689912858419461e+02
2.829636012698610443e+02
2.856350963306402377e+02
2.831580118742571699e+02
2.857449763336801993e+02
2.856350963306402377e+02
2.848436723302717155e+02
2.855407435668526546e+02
2.844716174530429953e+02
2.857449763336801993e+02
2.856350963306402377e+02
2.829477933841974391e+02
2.851464167991751424e+02
2.851679524068013052e+02
2.857449763336801993e+02
2.829869852385575655e+02
2.842561662666332722e+02
2.829151214152905141e+02
2.853184229397490981e+02
2.829699261757958766e+02
2.855407435668526546e+02
2.839963601095794274e+02
2.850689912858419461e+02
2.831228968875981877e+02
2.831803482650569208e+02
2.829636012698610443e+02
2.818827294067375533e+02
2.831530251854974836e+02
2.819196519134844721e+02
2.831732957653367748e+02
2.793411812205004594e+02
2.831491774524969287e+02
2.829910706287120092e+02
2.831228968875981877e+02
2.814925099560924195e+02
2.856350963306402377e+02
2.832772409798232047e+02
2.832772409798232047e+02
2.829477933841974391e+02
2.857567427877868340e+02
2.857567427877868340e+02
2.856350963306402377e+02
2.859756327495234132e+02
2.842903432987623660e+02
2.831270913640830713e+02
2.857449763336801993e+02
2.839963601095794274e+02
2.855407435668526546e+02
2.842903432987623660e+02
2.829869852385575655e+02
2.831270913640830713e+02
2.832772409798232047e+02
2.853184229397490981e+02
2.842903432987623660e+02
2.851464167991751424e+02
2.859806307104419716e+02
2.855538338207833249e+02
2.831580118742571699e+02
2.831371116634091436e+02
2.832772409798232047e+02
2.832486302748595790e+02
2.855227135060266619e+02
2.832772409798232047e+02
2.855407435668526546e+02
2.856350963306402377e+02
2.829477933841974391e+02
2.857449763336801993e+02
2.851464167991751424e+02
2.855407435668526546e+02
2.855227135060266619e+02
2.855407435668526546e+02
2.829416720665659568e+02
2.851464167991751424e+02
2.829636012698610443e+02
2.857449763336801993e+02
2.856350963306402377e+02
2.851464167991751424e+02
2.829253782430632214e+02
2.857567427877868340e+02
2.831371116634091436e+02
2.831371116634091436e+02
2.831371116634091436e+02
2.831371116634091436e+02
2.855538338207833249e+02
2.851464167991751424e+02
2.850689912858419461e+02
2.850689912858419461e+02
2.831580118742571699e+02
2.856350963306402377e+02
2.850689912858419461e+02
2.844716174530429953e+02
2.853184229397490981e+02
2.831371116634091436e+02
2.857649165570512082e+02
2.857654633840243719e+02
2.851919769503385851e+02
2.860172901050598853e+02
2.842903432987623660e+02
2.853184229397490981e+02
2.829416720665659568e+02
2.829416720665659568e+02
2.855227135060266619e+02
2.856350963306402377e+02
2.859756327495234132e+02
2.856350963306402377e+02
2.856350963306402377e+02
2.856350963306402377e+02
2.829416720665659568e+02
2.853184229397490981e+02
2.829477933841974391e+02
2.851679524068013052e+02
2.831580118742571699e+02
2.831580118742571699e+02
2.842331784611630496e+02
2.850689912858419461e+02
2.842561662666332722e+02
2.842561662666332722e+02
2.851679524068013052e+02
2.850689912858419461e+02
2.853184229397490981e+02
2.851679524068013052e+02
2.850689912858419461e+02
2.855410605713870495e+02
2.856350963306402377e+02
2.831580118742571699e+02
2.857567427877868340e+02
2.857567427877868340e+02
2.844716174530429953e+02
2.855538338207833249e+02
2.831580118742571699e+02
2.855227135060266619e+02
2.829151214152905141e+02
2.848436723302717155e+02
2.829477933841974391e+02
2.850689912858419461e+02
2.857449763336801993e+02
2.829151214152905141e+02
2.856350963306402377e+02
2.855538338207833249e+02
2.829151214152905141e+02
2.855538338207833249e+02
2.848436723302717155e+02
2.857567427877868340e+02
2.856617045086592270e+02
2.831777090987497445e+02
2.842331784611630496e+02
2.832772409798232047e+02
2.831580118742571699e+02
2.832772409798232047e+02
2.831371116634091436e+02
2.829151214152905141e+02
2.829477933841974391e+02
2.844716174530429953e+02
2.855407435668526546e+02
2.856617045086592270e+02
2.831803482650569208e+02
2.851464167991751424e+02
2.853184229397490981e+02
2.831732957653367748e+02
2.816642707688727683e+02
2.831522424411724046e+02
2.829910706287120092e+02
2.842903432987623660e+02
2.844716174530429953e+02
2.857449763336801993e+02
2.831371116634091436e+02
2.831530251854974836e+02
2.831530251854974836e+02
2.831228968875981877e+02
2.793411812205004594e+02
2.831228968875981877e+02
2.829869852385575655e+02
2.831270913640830713e+02
2.831270913640830713e+02
2.831732957653367748e+02
2.831530251854974836e+02
2.831371116634091436e+02
2.829869852385575655e+02
2.831777090987497445e+02
2.856350963306402377e+02
2.832772409798232047e+02
2.829699261757958766e+02
2.830719496482049067e+02
2.832772409798232047e+02
2.830719496482049067e+02
2.831732957653367748e+02
2.831270913640830713e+02
2.831491774524969287e+02
2.832772409798232047e+02
2.819725820836474668e+02
2.831491774524969287e+02
2.831732957653367748e+02
2.831228968875981877e+02
2.829869852385575655e+02
2.829910706287120092e+02
2.818827294067375533e+02
2.827552884818363736e+02
2.817500634771581076e+02
2.820777482467859727e+02
2.819196519134844721e+02
2.831530251854974836e+02
2.831732957653367748e+02
2.831228968875981877e+02
2.853184229397490981e+02
2.820777482467859727e+02
2.830673521771018954e+02
2.831530251854974836e+02
2.842903432987623660e+02
2.831777090987497445e+02
2.831732957653367748e+02
2.831371116634091436e+02
2.829871874119311883e+02
2.829910706287120092e+02
2.832772409798232047e+02
2.820777482467859727e+02
2.831530251854974836e+02
2.831732957653367748e+02
2.831491774524969287e+02
2.829910706287120092e+02
2.830719496482049067e+02
2.829636012698610443e+02
2.812314451196772893e+02
2.831270913640830713e+02
2.831522424411724046e+02
2.831732957653367748e+02
2.820777482467859727e+02
2.819196519134844721e+02
2.829869852385575655e+02
2.832772409798232047e+02
2.829871874119311883e+02
2.832772409798232047e+02
2.842903432987623660e+02
2.832772409798232047e+02
2.831228968875981877e+02
2.832772409798232047e+02
2.829910706287120092e+02
2.832772409798232047e+02
2.850689912858419461e+02
2.856350963306402377e+02
2.859806307104419716e+02
2.851464167991751424e+02
2.842903432987623660e+02
2.829636012698610443e+02
2.829869852385575655e+02
2.816539467687869660e+02
2.820777482467859727e+02
2.829871874119311883e+02
2.839963601095794274e+02
2.842331784611630496e+02
2.842561662666332722e+02
2.832772409798232047e+02
2.831270913640830713e+02
2.831371116634091436e+02
2.829699261757958766e+02
2.831228968875981877e+02
2.832772409798232047e+02
2.831371116634091436e+02
2.829699261757958766e+02
2.829636012698610443e+02
2.842561662666332722e+02
2.832772409798232047e+02
2.857449763336801993e+02
2.853184229397490981e+02
2.856350963306402377e+02
2.842903432987623660e+02
2.842331784611630496e+02
2.842903432987623660e+02
2.842331784611630496e+02
2.856617045086592270e+02
2.831371116634091436e+02
2.844716174530429953e+02
2.842903432987623660e+02
2.848436723302717155e+02
2.859756327495234132e+02
2.842561662666332722e+02
2.850689912858419461e+02
2.842331784611630496e+02
2.857449763336801993e+02
2.855407435668526546e+02
2.829151214152905141e+02
2.829871874119311883e+02
2.832772409798232047e+02
2.831777090987497445e+02
2.855407435668526546e+02
2.842331784611630496e+02
2.856350963306402377e+02
2.829151214152905141e+02
2.829416720665659568e+02
2.855407435668526546e+02
2.857449763336801993e+02
2.829871874119311883e+02
2.848436723302717155e+02
2.855538338207833249e+02
2.829910706287120092e+02
2.851679524068013052e+02
2.831777090987497445e+02
2.844716174530429953e+02
2.856350963306402377e+02
2.856350963306402377e+02
2.851679524068013052e+02
2.856350963306402377e+02
2.842903432987623660e+02
2.839963601095794274e+02
2.844716174530429953e+02
2.829869852385575655e+02
2.842903432987623660e+02
2.832486302748595790e+02
2.831371116634091436e+02
2.855227135060266619e+02
2.856350963306402377e+02
2.856350963306402377e+02
2.860172901050598853e+02
2.829869852385575655e+02
2.844716174530429953e+02
2.855227135060266619e+02
2.844716174530429953e+02
2.842903432987623660e+02
2.857449763336801993e+02
2.850689912858419461e+02
2.855407435668526546e+02
2.839963601095794274e+02
2.851679524068013052e+02
2.851679524068013052e+02
2.856350963306402377e+02
2.829416720665659568e+02
2.853184229397490981e+02
2.853184229397490981e+02
2.855407435668526546e+02
2.829151214152905141e+02
2.853184229397490981e+02
2.855227135060266619e+02
2.853184229397490981e+02
2.850689912858419461e+02
2.844716174530429953e+02
2.857449763336801993e+02
2.842331784611630496e+02
2.842903432987623660e+02
2.842331784611630496e+02
2.853184229397490981e+02
2.853184229397490981e+02
2.829910706287120092e+02
2.839963601095794274e+02
2.842903432987623660e+02
2.831803482650569208e+02
2.817500634771581076e+02
2.812314451196772893e+02
2.831803482650569208e+02
2.831270913640830713e+02
2.820777482467859727e+02
2.831732957653367748e+02
2.850689912858419461e+02
2.842903432987623660e+02
2.829910706287120092e+02
2.831228968875981877e+02
2.831175133055045876e+02
2.831732957653367748e+02
2.830719496482049067e+02
2.831732957653367748e+02
2.818827294067375533e+02
2.831527026323885252e+02
2.817500634771581076e+02
2.831530251854974836e+02
2.829636012698610443e+02
2.851679524068013052e+02
2.829910706287120092e+02
2.830719496482049067e+02
2.831522424411724046e+02
2.831732957653367748e+02
2.831228968875981877e+02
2.831803482650569208e+02
2.829871874119311883e+02
2.830719496482049067e+02
2.831228968875981877e+02
2.832772409798232047e+02
2.831530251854974836e+02
2.831270913640830713e+02
2.817500634771581076e+02
2.831530251854974836e+02
2.842903432987623660e+02
2.829910706287120092e+02
2.829636012698610443e+02
2.829910706287120092e+02
2.831491774524969287e+02
2.831527026323885252e+02
2.829910706287120092e+02
2.829869852385575655e+02
2.830719496482049067e+02
2.829871874119311883e+02
