2.890117797851562500e+02
2.890881958007812500e+02
2.888837890625000000e+02
2.886130065917968750e+02
2.882393493652343750e+02
2.887816772460937500e+02
2.883738708496093750e+02
2.885982971191406250e+02
2.884880981445312500e+02
2.883038940429687500e+02
2.884806518554687500e+02
2.885798339843750000e+02
2.882481994628906250e+02
2.884174194335937500e+02
2.888289794921875000e+02
2.882963256835937500e+02
2.885832214355468750e+02
2.883847656250000000e+02
2.885429077148437500e+02
2.883847656250000000e+02
2.883258056640625000e+02
2.883334045410156250e+02
2.879523620605468750e+02
2.879414978027343750e+02
2.882963256835937500e+02
2.885429077148437500e+02
2.884065551757812500e+02
2.882263488769531250e+02
2.883738708496093750e+02
2.882449340820312500e+02
2.881639404296875000e+02
2.884072570800781250e+02
2.883334045410156250e+02
2.881113281250000000e+02
2.884391174316406250e+02
2.887518310546875000e+02
2.884980468750000000e+02
2.887192077636718750e+02
2.885538024902343750e+02
2.887224731445312500e+02
2.883443603515625000e+02
2.885798339843750000e+02
2.886679687500000000e+02
2.886789245605468750e+02
2.887669372558593750e+02
2.887669372558593750e+02
2.887266540527343750e+02
2.885982971191406250e+02
2.884696960449218750e+02
2.881454162597656250e+02
2.884108276367187500e+02
2.886240234375000000e+02
2.885359191894531250e+02
2.886643676757812500e+02
2.884696960449218750e+02
2.883814086914062500e+02
2.884770812988281250e+02
2.887523803710937500e+02
2.886605834960937500e+02
2.887120361328125000e+02
2.886788330078125000e+02
2.886677246093750000e+02
2.885979614257812500e+02
2.885281066894531250e+02
2.881382446289062500e+02
2.883373107910156250e+02
2.881714477539062500e+02
2.887413330078125000e+02
2.888291931152343750e+02
2.887889099121093750e+02
2.886130065917968750e+02
2.889352111816406250e+02
2.889573059082031250e+02
2.889573059082031250e+02
2.890741271972656250e+02
2.888767395019531250e+02
2.886524353027343750e+02
2.885392456054687500e+02
2.880976257324218750e+02
2.885797424316406250e+02
2.887960510253906250e+02
2.886970520019531250e+02
2.889352111816406250e+02
2.889864807128906250e+02
2.889573059082031250e+02
2.886312561035156250e+02
2.886201782226562500e+02
2.888837890625000000e+02
2.888141784667968750e+02
2.887778625488281250e+02
2.887596130371093750e+02
2.890701293945312500e+02
2.885065002441406250e+02
2.889864807128906250e+02
2.888837890625000000e+02
2.885725402832031250e+02
2.887556152343750000e+02
2.887816772460937500e+02
2.884108276367187500e+02
2.884586791992187500e+02
2.884991149902343750e+02
2.885832214355468750e+02
2.881672973632812500e+02
2.881081848144531250e+02
2.881714477539062500e+02
2.879601745605468750e+02
2.884327697753906250e+02
2.884844360351562500e+02
2.886130065917968750e+02
2.886276245117187500e+02
2.885137939453125000e+02
2.883224182128906250e+02
2.884402770996093750e+02
2.885579223632812500e+02
2.888255920410156250e+02
2.887376403808593750e+02
2.887082824707031250e+02
2.887743530273437500e+02
2.888915100097656250e+02
2.886350402832031250e+02
2.887192687988281250e+02
2.887040405273437500e+02
2.883406066894531250e+02
2.883294067382812500e+02
2.884987487792968750e+02
2.886747741699218750e+02
2.886231079101562500e+02
2.887626037597656250e+02
2.886130065917968750e+02
2.887413330078125000e+02
2.887523803710937500e+02
2.887009887695312500e+02
2.889390258789062500e+02
2.889390258789062500e+02
2.890084838867187500e+02
2.887633361816406250e+02
2.887230529785156250e+02
2.890993347167968750e+02
2.888656616210937500e+02
2.886677246093750000e+02
2.885614929199218750e+02
2.887738037109375000e+02
2.887152404785156250e+02
2.887120361328125000e+02
2.887556152343750000e+02
2.886273193359375000e+02
2.885908203125000000e+02
2.890007019042968750e+02
2.884876098632812500e+02
2.886312561035156250e+02
2.890046691894531250e+02
2.886643676757812500e+02
2.891143493652343750e+02
2.890046691894531250e+02
2.890631103515625000e+02
2.888474731445312500e+02
2.887556152343750000e+02
2.890701293945312500e+02
2.890046691894531250e+02
2.889390563964843750e+02
2.889533691406250000e+02
2.891214599609375000e+02
2.890156860351562500e+02
2.888877563476562500e+02
2.891544799804687500e+02
2.890449218750000000e+02
2.888695373535156250e+02
2.886166687011718750e+02
2.888219604492187500e+02
2.889936523437500000e+02
2.890741271972656250e+02
2.891324768066406250e+02
2.886643676757812500e+02
2.889644470214843750e+02
2.890701293945312500e+02
2.889241333007812500e+02
2.888434143066406250e+02
2.890368041992187500e+02
2.891756286621093750e+02
2.890368041992187500e+02
2.889059753417968750e+02
2.888656616210937500e+02
2.888837890625000000e+02
2.890117797851562500e+02
2.890409545898437500e+02
2.892671813964843750e+02
2.888988037109375000e+02
2.889059753417968750e+02
2.890228881835937500e+02
2.890409545898437500e+02
2.887230529785156250e+02
2.888109436035156250e+02
2.886826782226562500e+02
2.888988037109375000e+02
2.891214599609375000e+02
2.888948974609375000e+02
2.888726806640625000e+02
2.889311523437500000e+02
2.890339050292968750e+02
2.888837890625000000e+02
2.888474731445312500e+02
2.891104125976562500e+02
2.891506347656250000e+02
2.885762939453125000e+02
2.874410095214843750e+02
2.887413330078125000e+02
2.892128295898437500e+02
2.892018432617187500e+02
2.887889099121093750e+02
2.887778625488281250e+02
2.889352111816406250e+02
2.886716918945312500e+02
2.885432128906250000e+02
2.883667907714843750e+02
2.887633361816406250e+02
2.887596130371093750e+02
2.889792785644531250e+02
2.890377502441406250e+02
2.890961303710937500e+02
2.888988037109375000e+02
2.888141784667968750e+02
2.885432128906250000e+02
2.883777770996093750e+02
2.886788330078125000e+02
2.883409118652343750e+02
2.885652465820312500e+02
2.886899414062500000e+02
2.885359191894531250e+02
2.884622192382812500e+02
2.888841857910156250e+02
2.886311035156250000e+02
2.882558593750000000e+02
2.882044372558593750e+02
2.882929687500000000e+02
2.885798339843750000e+02
2.885836486816406250e+02
2.887889099121093750e+02
2.877446594238281250e+02
2.885722961425781250e+02
2.886495361328125000e+02
2.881781921386718750e+02
2.883334045410156250e+02
2.888622131347656250e+02
2.888329772949218750e+02
2.887926635742187500e+02
2.888291931152343750e+02
2.885873107910156250e+02
2.876867980957031250e+02
2.881749267578125000e+02
2.886679687500000000e+02
2.885504455566406250e+02
2.882963256835937500e+02
2.878494262695312500e+02
2.879941101074218750e+02
2.881493530273437500e+02
2.886384277343750000e+02
2.887738037109375000e+02
2.887192687988281250e+02
2.889682922363281250e+02
2.885285339355468750e+02
2.887047119140625000e+02
2.887706909179687500e+02
2.888141784667968750e+02
2.885762939453125000e+02
2.888219604492187500e+02
2.889169921875000000e+02
2.886240234375000000e+02
2.887778625488281250e+02
2.887849121093750000e+02
2.886859130859375000e+02
2.885169677734375000e+02
2.885098876953125000e+02
2.886130065917968750e+02
2.884770812988281250e+02
2.888474731445312500e+02
2.889462280273437500e+02
2.888877563476562500e+02
2.885836486816406250e+02
2.889573059082031250e+02
2.889500122070312500e+02
2.884439392089843750e+02
2.880305480957031250e+02
2.883923339843750000e+02
2.884550170898437500e+02
2.887816772460937500e+02
2.887926635742187500e+02
2.888329772949218750e+02
2.888656616210937500e+02
2.889352111816406250e+02
2.857098388671875000e+02
