2.826040922662617163e+02
2.826040922662612047e+02
2.826040922661967443e+02
2.826040922662554067e+02
2.826040922662612047e+02
2.826040922662612616e+02
2.826040922662617163e+02
2.826040919731200916e+02
2.826040922662027697e+02
2.826040922522138885e+02
2.826040908913342946e+02
2.826040922662518824e+02
2.826040922662509729e+02
2.826040797558682698e+02
2.826040922660155275e+02
2.826040922662569983e+02
2.826040922662551225e+02
2.826040922661516674e+02
2.826040922662490971e+02
2.826040917113411410e+02
2.826047700168175538e+02
2.826041026763803643e+02
2.826040922687523107e+02
2.826040922506648485e+02
2.826040917299693547e+02
2.826040917299693547e+02
2.826040922475193042e+02
2.826040922661546233e+02
2.826040922660739056e+02
2.826040921666345866e+02
2.826040928968844241e+02
2.826040922652700829e+02
2.826040922662569983e+02
2.826040922662526782e+02
2.826040922652700829e+02
2.826040922492557570e+02
2.826040922632996057e+02
2.826040924551676881e+02
2.826034618327938119e+02
2.826025159657521613e+02
2.826039260923394068e+02
2.826040919087757288e+02
2.826040639822432468e+02
2.826040921715929812e+02
2.826040913334987295e+02
2.826040922662610342e+02
2.826040921517077322e+02
2.826040911106695148e+02
2.826040921455353896e+02
2.826040859415564341e+02
2.826040924551676881e+02
2.826040922662122625e+02
2.826040922322600295e+02
2.826040922661268837e+02
2.826040921806664983e+02
2.826040922590312903e+02
2.826040922492557570e+02
2.826040653300938175e+02
2.826040920809461454e+02
2.826040873478396520e+02
2.826040710769823363e+02
2.826040921666345866e+02
2.826040922528367219e+02
2.826040922459251874e+02
2.826040922662611479e+02
2.826040922639666064e+02
2.826040918347104594e+02
2.826040922445724846e+02
2.826040922662610910e+02
2.826040922662614321e+02
2.826040922662612047e+02
2.826040921517077322e+02
2.826040922662617163e+02
2.826040922662615458e+02
2.826040922705729486e+02
2.826040922662616026e+02
2.826040922662617163e+02
2.826040922662594426e+02
2.826040922662617163e+02
2.826040922662617163e+02
2.826040922662654111e+02
2.826040922662617163e+02
2.826040922662614889e+02
2.826040922662617163e+02
2.826040922662588741e+02
2.826040922662610342e+02
2.826040922660796468e+02
2.826040922662616026e+02
2.826040922225885765e+02
2.826040922662595563e+02
2.826040922662617163e+02
2.826040921925957150e+02
2.826041728945520504e+02
2.826066769359975979e+02
2.826040836795006044e+02
2.826039631754870811e+02
2.826033802455299337e+02
2.826046662001176628e+02
2.826057232930541545e+02
2.826040923086520138e+02
2.826040922660796468e+02
2.826040920731142592e+02
2.826040922439870542e+02
2.826040922662027697e+02
2.826040922662550656e+02
2.826040922646113813e+02
2.826040919731200916e+02
2.826040922632996057e+02
2.826040922643241515e+02
2.826040922641223005e+02
2.826040921207148813e+02
2.826041008827272094e+02
2.826040910119481850e+02
2.826040639822432468e+02
2.826039900948115928e+02
2.826040483920417046e+02
2.826040922662027697e+02
2.826040922647741240e+02
2.826040846364776371e+02
2.826040910119481850e+02
2.826037966532860537e+02
2.826000420176244461e+02
2.826040924551676881e+02
2.826040836795006044e+02
2.826040915553888340e+02
2.826040922561832076e+02
2.826040922660946535e+02
2.826040922614789679e+02
2.826040922632996057e+02
2.826041125659582463e+02
2.826040923656603923e+02
2.826040922632996057e+02
2.826040922662530761e+02
2.826040922561832076e+02
2.826040922661921968e+02
2.826040922661921968e+02
2.826040922662439243e+02
2.826040922576787011e+02
2.826040922652700829e+02
2.826040922660892534e+02
2.826040922445724846e+02
2.826040922632996057e+02
2.826040922571764327e+02
2.826040922661389345e+02
2.826040922409911218e+02
2.826040915598078413e+02
2.826040913899776683e+02
2.826040838852681532e+02
2.826040919087757288e+02
2.826040919087757288e+02
2.826040846364776371e+02
2.826040915553888340e+02
2.826040922654963197e+02
2.826040922655463419e+02
2.826040922662122625e+02
2.826040922576787011e+02
2.826040922621971845e+02
2.826040922642742999e+02
2.826040922662279513e+02
2.826040922662569983e+02
2.826040922662607500e+02
2.826040922662439243e+02
2.826040921308515408e+02
2.826040859415564341e+02
2.826040871999617252e+02
2.826040920829173615e+02
2.826040922651131382e+02
2.826040922662576804e+02
2.826040922662612616e+02
2.826040922651131382e+02
2.826040913334987295e+02
2.826040922647634375e+02
2.826040922662122625e+02
2.826040922662439243e+02
2.826040922662277808e+02
2.826040922658215209e+02
2.826040922430554474e+02
2.826040922646113813e+02
2.826040922322600295e+02
2.826040921207148813e+02
2.826040922658557406e+02
2.826040922662206754e+02
2.826040922657664964e+02
2.826040922661921968e+02
2.826040922661268837e+02
2.826040922658557406e+02
2.826040922662122625e+02
2.826040922662617163e+02
2.826040922662601815e+02
2.826040922646113813e+02
2.826040921935681922e+02
2.826040922658215209e+02
2.826040922646002969e+02
2.826040922646132572e+02
2.826040922640013946e+02
2.826040922662616595e+02
2.826040922662616595e+02
2.826040922662488697e+02
2.826040922661095465e+02
2.826040922612876329e+02
2.826040922662279513e+02
2.826040922662617163e+02
2.826040922662617163e+02
2.826040922662544972e+02
2.826040922662617163e+02
2.826040922662617163e+02
2.826040922642742999e+02
2.826040933347913438e+02
2.826040920315538187e+02
2.826041015914478294e+02
2.826040992729087975e+02
2.826040921018528138e+02
2.826040922640319195e+02
2.826040922661268837e+02
2.826040922661095465e+02
2.826040923378292291e+02
2.826040922701401996e+02
2.826040922663938204e+02
2.826040922620457536e+02
2.826040922663938204e+02
2.826040922662533603e+02
2.826040922679063101e+02
2.826040922679063101e+02
2.826040922662651269e+02
2.826040922662615458e+02
2.826040922661095465e+02
2.826040922661967443e+02
2.826040922646132572e+02
2.826040922655463419e+02
2.826040922662610342e+02
2.826040922662617163e+02
2.826040922662617163e+02
2.826040922662616595e+02
2.826040922662589878e+02
2.826040922662617163e+02
2.826040922662617163e+02
2.826040922664458890e+02
2.826040922662488697e+02
2.826040922662599542e+02
2.826040922662617163e+02
2.826040922662617163e+02
2.826040922662617163e+02
2.826040922662617163e+02
2.826040922662612616e+02
2.826040922662616026e+02
2.826040922662617163e+02
2.826040922661708805e+02
2.826040922662603521e+02
2.826040922662616026e+02
2.826040922662617163e+02
2.826040922662617163e+02
2.826040922662627395e+02
2.826040922661132413e+02
2.826040922662617163e+02
2.826040922662617163e+02
2.826040922662617163e+02
2.826040922662617163e+02
2.826040922660916976e+02
2.826040922664411710e+02
2.826040922649928575e+02
2.826040922662617163e+02
2.826040922662617163e+02
2.826040922662610342e+02
2.826040922662617163e+02
2.826040922662617163e+02
2.826040922662617163e+02
2.826040922662617163e+02
2.826040922662617163e+02
2.826040922662617163e+02
2.826040922662617163e+02
2.826040922662617163e+02
2.826040922662617163e+02
2.826040922662617163e+02
2.826040922662617163e+02
2.826040922662617163e+02
2.826040922662617163e+02
2.826040922662617163e+02
2.826040922662616595e+02
2.826040922662617163e+02
2.826040922662610342e+02
2.826040922662495518e+02
2.826040922662610342e+02
2.826040922662617163e+02
2.826040922662616595e+02
2.826040922662617163e+02
2.826040922662610342e+02
2.826040922652700829e+02
2.826040922576787011e+02
2.826040921455353896e+02
2.826040921666345866e+02
2.826040922662495518e+02
2.826040922661331933e+02
2.826040926645508762e+02
2.826040922662617163e+02
2.826040922662617163e+02
2.826040922662617163e+02
2.826040922661005084e+02
2.826040922640013946e+02
2.826040922431481022e+02
2.826040922662610342e+02
2.826040922679063101e+02
2.826040922661095465e+02
2.826040922662610910e+02
2.826040922662617163e+02
2.826040922662488697e+02
2.826040922661095465e+02
2.826040922662518824e+02
2.826040922661331933e+02
2.826040920829173615e+02
2.826041703858155643e+02
2.826039075259377569e+02
2.826040920731142592e+02
2.826040922662588741e+02
2.826040922662617163e+02
2.826040922660712909e+02
2.826040922660739056e+02
2.826040922640013946e+02
2.826040922646002969e+02
2.826040922649928575e+02
2.826040922640319195e+02
2.826040921018528138e+02
2.826040922590312903e+02
2.826040922662578510e+02
2.826040922639666064e+02
2.826040859415564341e+02
2.826040922660712909e+02
2.826040922644312445e+02
2.826040922647741240e+02
2.826040922155178805e+02
2.826041438041272045e+02
2.826041703858155643e+02
2.826154025945751300e+02
2.826040910119481850e+02
2.826040922640013946e+02
2.826040922576787011e+02
2.826040922612876329e+02
2.826040922621971845e+02
2.826040922492557570e+02
2.826040908773894671e+02
2.826044439649841138e+02
2.826040922590312903e+02
2.826040573206942099e+02
2.826040922662759272e+02
2.826040922661805439e+02
2.826040922571690999e+02
2.826039637115230221e+02
2.826035738449116934e+02
2.826039579965271287e+02
2.826040912199094919e+02
2.826040922662122625e+02
2.826040922662617163e+02
2.826040922662612047e+02
2.826040922640319195e+02
2.826040970735962787e+02
2.826134351239921330e+02
2.826041398923299539e+02
2.826040941699063751e+02
2.826040922649466438e+02
2.826040922662588741e+02
2.826040922662122625e+02
2.826040922652645691e+02
2.826040922880921471e+02
2.826040922430554474e+02
2.826040922510508722e+02
2.826040920727393200e+02
2.826040921018528138e+02
2.826040922459251874e+02
2.826040922545604417e+02
2.826040922662554067e+02
2.826040922661005084e+02
2.826040922662569983e+02
2.826040922661805439e+02
2.826040922662122625e+02
2.826040922662604657e+02
2.826040922661132413e+02
2.826040922661132413e+02
2.826040922661546233e+02
2.826040922662342041e+02
2.826040922661132413e+02
2.826040922649466438e+02
2.826040922445724846e+02
2.826040921517077322e+02
2.826040922662509729e+02
2.826040922662613184e+02
2.826040922660712909e+02
2.826040922662495518e+02
2.826040922662610342e+02
2.826040922662526782e+02
2.826040922662612616e+02
2.826040922680372773e+02
2.826040922435743710e+02
2.826040921018528138e+02
2.826040923423552158e+02
2.826040922662576236e+02
2.826040922662542698e+02
2.826040922662641606e+02
2.826040922662617163e+02
2.826040922662617163e+02
2.826040922664411710e+02
2.826040922662617163e+02
2.826040922662617163e+02
2.826040922662617163e+02
2.826040922662617163e+02
2.826040922662617163e+02
2.826040922662617163e+02
2.826040922662617163e+02
2.826040922662617163e+02
2.826040922662617163e+02
2.826040922662617163e+02
2.826040922662617163e+02
2.826040922662617163e+02
2.826040922662617163e+02
2.826040922662617163e+02
2.826040922662617163e+02
2.826040922662617163e+02
2.826040922662617163e+02
2.826040922664411710e+02
2.826040922662617163e+02
2.826040922662617163e+02
2.826040922662551225e+02
2.826040922662613184e+02
2.826040922662617163e+02
2.826040922662616595e+02
2.826040922662617163e+02
2.826040922662617163e+02
2.826040922662617163e+02
2.826040922662632511e+02
2.826040922662610910e+02
2.826040922662617163e+02
2.826040922662617163e+02
2.826040922662617163e+02
2.826040922662617163e+02
2.826040922662617163e+02
2.826040922662617163e+02
2.826040922662617163e+02
2.826040922663175934e+02
2.826040922662349999e+02
