2.842720336914062500e+02
2.843136596679687500e+02
2.843340454101562500e+02
2.843722839355468750e+02
2.843204345703125000e+02
2.842432556152343750e+02
2.843777770996093750e+02
2.842759704589843750e+02
2.841730651855468750e+02
2.841906433105468750e+02
2.842182006835937500e+02
2.842277221679687500e+02
2.841881713867187500e+02
2.841528320312500000e+02
2.842031860351562500e+02
2.841829223632812500e+02
2.842456359863281250e+02
2.842307434082031250e+02
2.843677062988281250e+02
2.842682495117187500e+02
2.841906433105468750e+02
2.843056335449218750e+02
2.842682495117187500e+02
2.842830810546875000e+02
2.842830810546875000e+02
2.842908020019531250e+02
2.842557678222656250e+02
2.842682495117187500e+02
2.842682495117187500e+02
2.842254028320312500e+02
2.842355041503906250e+02
2.842908325195312500e+02
2.842182006835937500e+02
2.841805114746093750e+02
2.841451416015625000e+02
2.841275329589843750e+02
2.841528320312500000e+02
2.843227233886718750e+02
2.842581481933593750e+02
2.843328552246093750e+02
2.842355346679687500e+02
2.842978515625000000e+02
2.842050476074218750e+02
2.842799072265625000e+02
2.842799072265625000e+02
2.843475646972656250e+02
2.841856689453125000e+02
2.841755676269531250e+02
2.842658691406250000e+02
2.843281860351562500e+02
2.843258056640625000e+02
2.843621826171875000e+02
2.843126220703125000e+02
2.843699951171875000e+02
2.842378845214843750e+02
2.841979370117187500e+02
2.842753295898437500e+02
2.842776184082031250e+02
2.843419494628906250e+02
2.843441772460937500e+02
2.844013977050781250e+02
2.843644409179687500e+02
2.844057922363281250e+02
2.843710632324218750e+02
2.843464050292968750e+02
2.843666687011718750e+02
2.845016174316406250e+02
2.844527282714843750e+02
2.845865783691406250e+02
2.844294128417968750e+02
2.843134155273437500e+02
2.843452453613281250e+02
2.844750366210937500e+02
2.843238220214843750e+02
2.841744689941406250e+02
2.842968750000000000e+02
2.843193969726562500e+02
2.842697448730468750e+02
2.843587036132812500e+02
2.843587036132812500e+02
2.842526855468750000e+02
2.843688659667968750e+02
2.844649353027343750e+02
2.845095520019531250e+02
2.844792785644531250e+02
2.844281921386718750e+02
2.844670715332031250e+02
2.843897705078125000e+02
2.844100952148437500e+02
2.843855285644531250e+02
2.843340454101562500e+02
2.841870117187500000e+02
2.842221984863281250e+02
2.843216552734375000e+02
2.841242065429687500e+02
2.843136596679687500e+02
2.842844238281250000e+02
2.843609008789062500e+02
2.844057922363281250e+02
2.842674560546875000e+02
2.844281921386718750e+02
2.844527282714843750e+02
2.842844238281250000e+02
2.842073669433593750e+02
2.842402038574218750e+02
2.843002014160156250e+02
2.843598937988281250e+02
2.843543090820312500e+02
2.842946166992187500e+02
2.844303283691406250e+02
2.843374023437500000e+02
2.843846130371093750e+02
2.844013977050781250e+02
2.842830810546875000e+02
2.841602172851562500e+02
2.842254028320312500e+02
2.843396911621093750e+02
2.841426696777343750e+02
2.845217285156250000e+02
2.845401611328125000e+02
2.842854309082031250e+02
2.844649353027343750e+02
2.841721496582031250e+02
2.842323913574218750e+02
2.842538757324218750e+02
2.841697692871093750e+02
2.841272583007812500e+02
2.841925354003906250e+02
2.842651672363281250e+02
2.843789672851562500e+02
2.844850769042968750e+02
2.844483642578125000e+02
2.845116577148437500e+02
2.844201965332031250e+02
2.844159240722656250e+02
2.844303283691406250e+02
2.844792785644531250e+02
2.844201965332031250e+02
2.841925354003906250e+02
2.844159240722656250e+02
2.844216003417968750e+02
2.845279846191406250e+02
2.844260253906250000e+02
2.844159240722656250e+02
2.843767700195312500e+02
2.844382934570312500e+02
2.843227233886718750e+02
2.843273010253906250e+02
2.843992004394531250e+02
2.845095520019531250e+02
2.843934631347656250e+02
2.843002014160156250e+02
2.844505615234375000e+02
2.844893798828125000e+02
2.844771728515625000e+02
2.843934631347656250e+02
2.843956604003906250e+02
2.844324645996093750e+02
2.844201965332031250e+02
2.844404602050781250e+02
2.845300903320312500e+02
2.844079284667968750e+02
2.843811645507812500e+02
2.843833618164062500e+02
2.842425537109375000e+02
2.842050476074218750e+02
2.844115295410156250e+02
2.843811645507812500e+02
2.844036254882812500e+02
2.844670715332031250e+02
2.844036254882812500e+02
2.842480163574218750e+02
2.843328552246093750e+02
2.844216003417968750e+02
2.844750366210937500e+02
2.844223632812500000e+02
2.842425537109375000e+02
2.843047790527343750e+02
2.843024902343750000e+02
2.843250427246093750e+02
2.843273010253906250e+02
2.842448425292968750e+02
2.844750366210937500e+02
2.843811645507812500e+02
2.844814147949218750e+02
2.844303283691406250e+02
2.844792785644531250e+02
2.844281921386718750e+02
2.843520812988281250e+02
2.845582275390625000e+02
2.844281616210937500e+02
2.844649353027343750e+02
2.844850769042968750e+02
2.843295898437500000e+02
2.843250427246093750e+02
2.843969726562500000e+02
2.843977966308593750e+02
2.844346008300781250e+02
2.842844238281250000e+02
2.844447326660156250e+02
2.844281921386718750e+02
2.844260253906250000e+02
2.845016174316406250e+02
2.844505615234375000e+02
2.843374023437500000e+02
2.844728698730468750e+02
2.843024902343750000e+02
2.842604980468750000e+02
2.843745117187500000e+02
2.843992004394531250e+02
2.842533569335937500e+02
2.842682495117187500e+02
2.843328552246093750e+02
2.841853637695312500e+02
2.842807312011718750e+02
2.842682495117187500e+02
2.842229919433593750e+02
2.842277221679687500e+02
2.842877502441406250e+02
2.841476135253906250e+02
2.842807312011718750e+02
2.842384033203125000e+02
2.842182006835937500e+02
2.842230224609375000e+02
2.842456359863281250e+02
2.842978515625000000e+02
2.841823425292968750e+02
2.843079833984375000e+02
2.843305358886718750e+02
2.843506774902343750e+02
2.841930541992187500e+02
2.841500549316406250e+02
2.841602172851562500e+02
2.841979370117187500e+02
2.842877502441406250e+02
2.841727905273437500e+02
2.843079833984375000e+02
2.842651672363281250e+02
2.843126220703125000e+02
2.842408447265625000e+02
2.843529663085937500e+02
2.843258056640625000e+02
2.842485046386718750e+02
2.842509155273437500e+02
2.840615234375000000e+02
2.843085632324218750e+02
2.842759704589843750e+02
2.842884521484375000e+02
2.843033142089843750e+02
2.842783508300781250e+02
2.843134155273437500e+02
2.842384033203125000e+02
2.843281860351562500e+02
2.844685363769531250e+02
2.844707031250000000e+02
2.844237976074218750e+02
2.843869018554687500e+02
2.844404602050781250e+02
2.844281921386718750e+02
2.845380859375000000e+02
2.845380859375000000e+02
2.844548339843750000e+02
2.846127624511718750e+02
2.844505615234375000e+02
2.841047668457031250e+02
2.842206115722656250e+02
2.845338745117187500e+02
2.846449279785156250e+02
2.845539855957031250e+02
2.846328735351562500e+02
2.845703735351562500e+02
2.846569519042968750e+02
2.846748657226562500e+02
2.845279846191406250e+02
2.843543090820312500e+02
2.844137268066406250e+02
2.844093322753906250e+02
2.844685363769531250e+02
2.844994506835937500e+02
2.842355346679687500e+02
2.841146545410156250e+02
2.841955261230468750e+02
2.844914855957031250e+02
2.845543518066406250e+02
2.843441772460937500e+02
2.845137634277343750e+02
2.845174560546875000e+02
2.844951782226562500e+02
2.843789672851562500e+02
2.844180908203125000e+02
2.844238281250000000e+02
2.845966186523437500e+02
2.845906066894531250e+02
2.842844238281250000e+02
2.844771728515625000e+02
2.846127624511718750e+02
2.845338745117187500e+02
2.845724487304687500e+02
2.846429138183593750e+02
2.847207641601562500e+02
2.846767578125000000e+02
2.844483642578125000e+02
2.844590759277343750e+02
2.845279846191406250e+02
2.845563659667968750e+02
2.841619262695312500e+02
2.842968750000000000e+02
2.844079284667968750e+02
2.843710632324218750e+02
2.843913269042968750e+02
2.844691772460937500e+02
2.844201965332031250e+02
2.844691772460937500e+02
2.845016174316406250e+02
2.845300903320312500e+02
2.845926513671875000e+02
2.843934631347656250e+02
2.842753295898437500e+02
2.842355041503906250e+02
2.842002868652343750e+02
2.842323913574218750e+02
2.843260498046875000e+02
2.842369384765625000e+02
2.842720336914062500e+02
2.842618713378906250e+02
2.843956604003906250e+02
2.843520812988281250e+02
2.843992004394531250e+02
2.844338989257812500e+02
2.843171691894531250e+02
2.843441772460937500e+02
2.842990722656250000e+02
2.841697692871093750e+02
2.842448425292968750e+02
2.844294128417968750e+02
2.844584350585937500e+02
2.843869018554687500e+02
2.844260253906250000e+02
2.843666687011718750e+02
2.844893798828125000e+02
2.845422363281250000e+02
2.844893798828125000e+02
2.844771728515625000e+02
2.844914855957031250e+02
2.842221984863281250e+02
2.842526855468750000e+02
2.842175903320312500e+02
2.843070068359375000e+02
2.843688659667968750e+02
2.843869018554687500e+02
2.844115295410156250e+02
2.843890991210937500e+02
2.844872741699218750e+02
2.844994506835937500e+02
2.844036254882812500e+02
2.845238342285156250e+02
2.845116577148437500e+02
2.844505615234375000e+02
2.843934631347656250e+02
2.843913269042968750e+02
2.844872741699218750e+02
2.843374023437500000e+02
2.843767700195312500e+02
2.844505615234375000e+02
2.843621826171875000e+02
2.842503662109375000e+02
2.843890991210937500e+02
2.844483642578125000e+02
2.843666687011718750e+02
2.844260253906250000e+02
2.844505615234375000e+02
2.844951782226562500e+02
2.843745117187500000e+02
2.843934631347656250e+02
2.844447326660156250e+02
2.845502624511718750e+02
2.844468383789062500e+02
2.843956604003906250e+02
2.844914855957031250e+02
2.845279846191406250e+02
2.844670715332031250e+02
2.844201965332031250e+02
2.843565063476562500e+02
2.844404602050781250e+02
2.842229919433593750e+02
2.843745117187500000e+02
2.844973449707031250e+02
2.843520812988281250e+02
2.844382934570312500e+02
2.845095520019531250e+02
2.844426269531250000e+02
2.844159240722656250e+02
2.843688659667968750e+02
2.844792785644531250e+02
2.841823425292968750e+02
2.843543090820312500e+02
2.844013977050781250e+02
2.844137268066406250e+02
2.844728698730468750e+02
2.845116577148437500e+02
2.844505615234375000e+02
2.843396911621093750e+02
2.843890991210937500e+02
2.843890991210937500e+02
2.844404602050781250e+02
2.844483642578125000e+02
2.843969726562500000e+02
2.844036254882812500e+02
2.844792785644531250e+02
2.844036254882812500e+02
2.845360107421875000e+02
2.844338989257812500e+02
2.843869018554687500e+02
2.844483642578125000e+02
2.843869018554687500e+02
2.845195922851562500e+02
2.845539855957031250e+02
2.844338989257812500e+02
2.844439392089843750e+02
2.842900695800781250e+02
2.843543090820312500e+02
2.844994506835937500e+02
2.843644409179687500e+02
2.843543090820312500e+02
2.842557678222656250e+02
2.841577758789062500e+02
2.841476135253906250e+02
2.842705993652343750e+02
2.842056274414062500e+02
2.842877502441406250e+02
2.842581481933593750e+02
2.843328552246093750e+02
2.842206115722656250e+02
2.842480163574218750e+02
2.843846130371093750e+02
2.842031860351562500e+02
2.842408447265625000e+02
2.843258056640625000e+02
2.843033142089843750e+02
2.842384033203125000e+02
2.842157287597656250e+02
2.842759704589843750e+02
2.842783508300781250e+02
2.842307434082031250e+02
2.841805114746093750e+02
2.842331237792968750e+02
2.842432556152343750e+02
2.842307434082031250e+02
2.842480163574218750e+02
2.843305358886718750e+02
2.843047790527343750e+02
2.841577758789062500e+02
2.843374023437500000e+02
2.844047851562500000e+02
2.843429260253906250e+02
2.842807312011718750e+02
2.842456359863281250e+02
2.842550354003906250e+02
2.844070434570312500e+02
2.843305358886718750e+02
2.843654174804687500e+02
2.843800964355468750e+02
2.844540100097656250e+02
2.844741210937500000e+02
2.844024963378906250e+02
2.843878479003906250e+02
2.843358764648437500e+02
2.843134155273437500e+02
2.843405761718750000e+02
2.843621826171875000e+02
