2.837017211914062500e+02
2.837367248535156250e+02
2.837386779785156250e+02
2.837362060546875000e+02
2.837001647949218750e+02
2.836491699218750000e+02
2.837243041992187500e+02
2.836585083007812500e+02
2.835925292968750000e+02
2.836129760742187500e+02
2.836343383789062500e+02
2.836601562500000000e+02
2.836064758300781250e+02
2.835906372070312500e+02
2.836204223632812500e+02
2.836184692382812500e+02
2.836556701660156250e+02
2.836417846679687500e+02
2.837233276367187500e+02
2.836640319824218750e+02
2.836129760742187500e+02
2.836862792968750000e+02
2.836640319824218750e+02
2.836779174804687500e+02
2.836779174804687500e+02
2.836724243164062500e+02
2.836566162109375000e+02
2.836640319824218750e+02
2.836640319824218750e+02
2.836537170410156250e+02
2.836546936035156250e+02
2.836724243164062500e+02
2.836343383789062500e+02
2.836119995117187500e+02
2.835961914062500000e+02
2.835757446289062500e+02
2.835906372070312500e+02
2.837066040039062500e+02
2.836630554199218750e+02
2.837076110839843750e+02
2.836546936035156250e+02
2.836917724609375000e+02
2.836518249511718750e+02
2.836962585449218750e+02
2.836962585449218750e+02
2.837213745117187500e+02
2.835999450683593750e+02
2.835990295410156250e+02
2.836575622558593750e+02
2.836946716308593750e+02
2.836882324218750000e+02
2.837352294921875000e+02
2.837056274414062500e+02
2.837297668457031250e+02
2.836611328125000000e+02
2.836323852539062500e+02
2.836833801269531250e+02
2.836898498535156250e+02
2.837332458496093750e+02
2.837396850585937500e+02
2.837637939453125000e+02
2.837416381835937500e+02
2.837765808105468750e+02
2.837608642578125000e+02
2.837460937500000000e+02
2.837480163574218750e+02
2.838291625976562500e+02
2.837996520996093750e+02
2.838806152343750000e+02
2.837603759765625000e+02
2.836807861328125000e+02
2.837149963378906250e+02
2.838080444335937500e+02
2.837377014160156250e+02
2.836489257812500000e+02
2.837164916992187500e+02
2.837248535156250000e+02
2.836953125000000000e+02
2.837534790039062500e+02
2.837534790039062500e+02
2.836750183105468750e+02
2.837544250488281250e+02
2.838070373535156250e+02
2.838237609863281250e+02
2.838208007812500000e+02
2.837849426269531250e+02
2.838134155273437500e+02
2.837874145507812500e+02
2.837893676757812500e+02
2.837745971679687500e+02
2.837386779785156250e+02
2.836563110351562500e+02
2.836721191406250000e+02
2.837312622070312500e+02
2.836192626953125000e+02
2.837367248535156250e+02
2.837091064453125000e+02
2.837598571777343750e+02
2.837765808105468750e+02
2.836888427734375000e+02
2.837849426269531250e+02
2.837996520996093750e+02
2.837091064453125000e+02
2.836582336425781250e+02
2.836676025390625000e+02
2.836982421875000000e+02
2.837287902832031250e+02
2.837406311035156250e+02
2.837100830078125000e+02
2.837913513183593750e+02
2.837204284667968750e+02
2.837435913085937500e+02
2.837637939453125000e+02
2.836779174804687500e+02
2.836101074218750000e+02
2.836537170410156250e+02
2.837268371582031250e+02
2.835896606445312500e+02
2.838311157226562500e+02
2.838575744628906250e+02
2.836843566894531250e+02
2.838070373535156250e+02
2.836424560546875000e+02
2.836730651855468750e+02
2.837061767578125000e+02
2.836359863281250000e+02
2.836007690429687500e+02
2.836443786621093750e+02
2.836824340820312500e+02
2.837554016113281250e+02
2.838090209960937500e+02
2.837869262695312500e+02
2.838301391601562500e+02
2.837903442382812500e+02
2.837775573730468750e+02
2.837913513183593750e+02
2.838208007812500000e+02
2.837903442382812500e+02
2.836443786621093750e+02
2.837775573730468750e+02
2.837657470703125000e+02
2.838501892089843750e+02
2.837785339355468750e+02
2.837775573730468750e+02
2.837490234375000000e+02
2.837859191894531250e+02
2.837066040039062500e+02
2.837194519042968750e+02
2.837573852539062500e+02
2.838237609863281250e+02
2.837691955566406250e+02
2.836982421875000000e+02
2.837932739257812500e+02
2.838217773437500000e+02
2.838144226074218750e+02
2.837691955566406250e+02
2.837756042480468750e+02
2.837976989746093750e+02
2.837903442382812500e+02
2.837922973632812500e+02
2.838565368652343750e+02
2.837829895019531250e+02
2.837618408203125000e+02
2.837681884765625000e+02
2.836740417480468750e+02
2.836518249511718750e+02
2.837647705078125000e+02
2.837618408203125000e+02
2.837701721191406250e+02
2.838134155273437500e+02
2.837701721191406250e+02
2.836620788574218750e+02
2.837076110839843750e+02
2.837657470703125000e+02
2.838080444335937500e+02
2.837967224121093750e+02
2.836740417480468750e+02
2.837110900878906250e+02
2.837046203613281250e+02
2.837130126953125000e+02
2.837194519042968750e+02
2.836804809570312500e+02
2.838080444335937500e+02
2.837618408203125000e+02
2.838271484375000000e+02
2.837913513183593750e+02
2.838208007812500000e+02
2.837849426269531250e+02
2.837342224121093750e+02
2.838531799316406250e+02
2.837849426269531250e+02
2.838070373535156250e+02
2.838090209960937500e+02
2.837258605957031250e+02
2.837130126953125000e+02
2.837509765625000000e+02
2.837819824218750000e+02
2.838040771484375000e+02
2.837091064453125000e+02
2.838050842285156250e+02
2.837849426269531250e+02
2.837785339355468750e+02
2.838291625976562500e+02
2.837932739257812500e+02
2.837204284667968750e+02
2.838016357421875000e+02
2.837046203613281250e+02
2.836695251464843750e+02
2.837425842285156250e+02
2.837573852539062500e+02
2.836501159667968750e+02
2.836640319824218750e+02
2.837076110839843750e+02
2.836250000000000000e+02
2.836714477539062500e+02
2.836640319824218750e+02
2.836472778320312500e+02
2.836601562500000000e+02
2.836907958984375000e+02
2.836026611328125000e+02
2.836714477539062500e+02
2.836362304687500000e+02
2.836343383789062500e+02
2.836472778320312500e+02
2.836556701660156250e+02
2.836917724609375000e+02
2.836434326171875000e+02
2.836927490234375000e+02
2.837011413574218750e+02
2.837030334472656250e+02
2.836194458007812500e+02
2.836091613769531250e+02
2.836101074218750000e+02
2.836323852539062500e+02
2.836907958984375000e+02
2.836175537109375000e+02
2.836927490234375000e+02
2.836824340820312500e+02
2.837056274414062500e+02
2.836427001953125000e+02
2.837095031738281250e+02
2.836882324218750000e+02
2.836372070312500000e+02
2.836436462402343750e+02
2.835318908691406250e+02
2.836678771972656250e+02
2.836585083007812500e+02
2.836659545898437500e+02
2.836798095703125000e+02
2.836649780273437500e+02
2.836807861328125000e+02
2.836362304687500000e+02
2.836946716308593750e+02
2.837889099121093750e+02
2.837952880859375000e+02
2.837721557617187500e+02
2.837500000000000000e+02
2.837922973632812500e+02
2.837849426269531250e+02
2.838511962890625000e+02
2.838511962890625000e+02
2.838060607910156250e+02
2.839016113281250000e+02
2.837932739257812500e+02
2.835673522949218750e+02
2.836408081054687500e+02
2.838384704589843750e+02
2.839109191894531250e+02
2.838404846191406250e+02
2.839036254882812500e+02
2.838605651855468750e+02
2.839182739257812500e+02
2.839445495605468750e+02
2.838501892089843750e+02
2.837406311035156250e+02
2.837711486816406250e+02
2.837583923339843750e+02
2.837889099121093750e+02
2.838227539062500000e+02
2.836546936035156250e+02
2.835932922363281250e+02
2.836259460449218750e+02
2.838281555175781250e+02
2.838712463378906250e+02
2.837396850585937500e+02
2.838365173339843750e+02
2.838183898925781250e+02
2.838100280761718750e+02
2.837554016113281250e+02
2.837839660644531250e+02
2.837721557617187500e+02
2.838815917968750000e+02
2.838932495117187500e+02
2.837091064453125000e+02
2.838144226074218750e+02
2.839016113281250000e+02
2.838384704589843750e+02
2.838669128417968750e+02
2.839046325683593750e+02
2.839674682617187500e+02
2.839508361816406250e+02
2.837869262695312500e+02
2.838188171386718750e+02
2.838501892089843750e+02
2.838775634765625000e+02
2.836414794921875000e+02
2.837164916992187500e+02
2.837829895019531250e+02
2.837608642578125000e+02
2.837627868652343750e+02
2.838197631835937500e+02
2.837903442382812500e+02
2.838197631835937500e+02
2.838291625976562500e+02
2.838565368652343750e+02
2.838995971679687500e+02
2.837691955566406250e+02
2.836833801269531250e+02
2.836546936035156250e+02
2.836388854980468750e+02
2.836730651855468750e+02
2.837441406250000000e+02
2.836859436035156250e+02
2.837017211914062500e+02
2.837007446289062500e+02
2.837756042480468750e+02
2.837342224121093750e+02
2.837573852539062500e+02
2.837731323242187500e+02
2.837184753417968750e+02
2.837396850585937500e+02
2.837229309082031250e+02
2.836359863281250000e+02
2.836804809570312500e+02
2.837603759765625000e+02
2.837879028320312500e+02
2.837500000000000000e+02
2.837785339355468750e+02
2.837480163574218750e+02
2.838217773437500000e+02
2.838639221191406250e+02
2.838217773437500000e+02
2.838144226074218750e+02
2.838281555175781250e+02
2.836721191406250000e+02
2.836750183105468750e+02
2.836592102050781250e+02
2.837174987792968750e+02
2.837544250488281250e+02
2.837500000000000000e+02
2.837647705078125000e+02
2.837563781738281250e+02
2.838153991699218750e+02
2.838227539062500000e+02
2.837701721191406250e+02
2.838375244140625000e+02
2.838301391601562500e+02
2.837932739257812500e+02
2.837691955566406250e+02
2.837627868652343750e+02
2.838153991699218750e+02
2.837204284667968750e+02
2.837490234375000000e+02
2.837932739257812500e+02
2.837352294921875000e+02
2.836685791015625000e+02
2.837563781738281250e+02
2.837869262695312500e+02
2.837480163574218750e+02
2.837785339355468750e+02
2.837932739257812500e+02
2.838100280761718750e+02
2.837425842285156250e+02
2.837691955566406250e+02
2.838050842285156250e+02
2.838585510253906250e+02
2.838114624023437500e+02
2.837756042480468750e+02
2.838281555175781250e+02
2.838501892089843750e+02
2.838134155273437500e+02
2.837903442382812500e+02
2.837470703125000000e+02
2.837922973632812500e+02
2.836472778320312500e+02
2.837425842285156250e+02
2.838164062500000000e+02
2.837342224121093750e+02
2.837859191894531250e+02
2.838237609863281250e+02
2.837987365722656250e+02
2.837775573730468750e+02
2.837544250488281250e+02
2.838208007812500000e+02
2.836434326171875000e+02
2.837406311035156250e+02
2.837637939453125000e+02
2.837711486816406250e+02
2.838016357421875000e+02
2.838301391601562500e+02
2.837932739257812500e+02
2.837268371582031250e+02
2.837563781738281250e+02
2.837563781738281250e+02
2.837922973632812500e+02
2.837869262695312500e+02
2.837509765625000000e+02
2.837701721191406250e+02
2.838208007812500000e+02
2.837701721191406250e+02
2.838448486328125000e+02
2.837731323242187500e+02
2.837500000000000000e+02
2.837869262695312500e+02
2.837500000000000000e+02
2.838247680664062500e+02
2.838404846191406250e+02
2.837731323242187500e+02
2.837741088867187500e+02
2.836972351074218750e+02
2.837406311035156250e+02
2.838227539062500000e+02
2.837416381835937500e+02
2.837406311035156250e+02
2.836566162109375000e+02
2.836036071777343750e+02
2.836026611328125000e+02
2.836705017089843750e+02
2.836268615722656250e+02
2.836907958984375000e+02
2.836630554199218750e+02
2.837076110839843750e+02
2.836408081054687500e+02
2.836620788574218750e+02
2.837435913085937500e+02
2.836204223632812500e+02
2.836427001953125000e+02
2.836882324218750000e+02
2.836798095703125000e+02
2.836362304687500000e+02
2.836278381347656250e+02
2.836585083007812500e+02
2.836649780273437500e+02
2.836417846679687500e+02
2.836119995117187500e+02
2.836482238769531250e+02
2.836491699218750000e+02
2.836417846679687500e+02
2.836620788574218750e+02
2.837011413574218750e+02
2.837110900878906250e+02
2.836036071777343750e+02
2.837204284667968750e+02
2.837455139160156250e+02
2.837085266113281250e+02
2.836714477539062500e+02
2.836556701660156250e+02
2.836814575195312500e+02
2.837519531250000000e+02
2.837011413574218750e+02
2.837168884277343750e+02
2.837307434082031250e+02
2.837751159667968750e+02
2.837770690917968750e+02
2.837391357421875000e+02
2.837252807617187500e+02
2.836891784667968750e+02
2.836807861328125000e+02
2.837020568847656250e+02
2.837352294921875000e+02
