2.860290222167968750e+02
2.860948486328125000e+02
2.861790161132812500e+02
2.863590393066406250e+02
2.862511901855468750e+02
2.860830688476562500e+02
2.864248352050781250e+02
2.861969604492187500e+02
2.859683532714843750e+02
2.859746704101562500e+02
2.860229187011718750e+02
2.859750366210937500e+02
2.859865722656250000e+02
2.858843688964843750e+02
2.860047607421875000e+02
2.859206848144531250e+02
2.860711059570312500e+02
2.860529785156250000e+02
2.863829650878906250e+02
2.861431274414062500e+02
2.859746704101562500e+02
2.862331542968750000e+02
2.861431274414062500e+02
2.861611633300781250e+02
2.861611633300781250e+02
2.862150573730468750e+02
2.861130981445312500e+02
2.861431274414062500e+02
2.861431274414062500e+02
2.859869995117187500e+02
2.860290527343750000e+02
2.862150573730468750e+02
2.860229187011718750e+02
2.859326171875000000e+02
2.858303222656250000e+02
2.858240661621093750e+02
2.858843688964843750e+02
2.862392272949218750e+02
2.861011352539062500e+02
2.862811279296875000e+02
2.860290527343750000e+02
2.861792297363281250e+02
2.859028320312500000e+02
2.860831909179687500e+02
2.860831909179687500e+02
2.862991638183593750e+02
2.859984436035156250e+02
2.859564819335937500e+02
2.861550598144531250e+02
2.863050231933593750e+02
2.863169555664062500e+02
2.863170776367187500e+02
2.861972045898437500e+02
2.863710327148437500e+02
2.860170898437500000e+02
2.859388732910156250e+02
2.861072082519531250e+02
2.860952148437500000e+02
2.862331237792968750e+02
2.862210998535156250e+02
2.863948669433593750e+02
2.863050537109375000e+02
2.863707885742187500e+02
2.862689208984375000e+02
2.862090454101562500e+02
2.862930603027343750e+02
2.866217651367187500e+02
2.865023803710937500e+02
2.868302612304687500e+02
2.865325012207031250e+02
2.862869873046875000e+02
2.863111267089843750e+02
2.865741577148437500e+02
2.861369628906250000e+02
2.857763366699218750e+02
2.860890502929687500e+02
2.861611022949218750e+02
2.860410766601562500e+02
2.862389526367187500e+02
2.862389526367187500e+02
2.860351257324218750e+02
2.862809753417968750e+02
2.865322570800781250e+02
2.866756591796875000e+02
2.865500793457031250e+02
2.864426269531250000e+02
2.865202331542968750e+02
2.862625122070312500e+02
2.863465881347656250e+02
2.862867736816406250e+02
2.861790161132812500e+02
2.858064575195312500e+02
2.859088134765625000e+02
2.861490478515625000e+02
2.856557617187500000e+02
2.860948486328125000e+02
2.860590820312500000e+02
2.862268676757812500e+02
2.863707885742187500e+02
2.860531921386718750e+02
2.864426269531250000e+02
2.865023803710937500e+02
2.860590820312500000e+02
2.858908081054687500e+02
2.860050964355468750e+02
2.861672668457031250e+02
2.863290710449218750e+02
2.862630920410156250e+02
2.861011352539062500e+02
2.864305725097656250e+02
2.862571716308593750e+02
2.863889770507812500e+02
2.863948669433593750e+02
2.861611633300781250e+02
2.858485412597656250e+02
2.859869995117187500e+02
2.862451477050781250e+02
2.858422851562500000e+02
2.867054748535156250e+02
2.866991271972656250e+02
2.861492004394531250e+02
2.865322570800781250e+02
2.857883911132812500e+02
2.859509582519531250e+02
2.859326477050781250e+02
2.858005065917968750e+02
2.857341308593750000e+02
2.858727722167968750e+02
2.860651855468750000e+02
2.863229980468750000e+02
2.866160278320312500e+02
2.865264587402343750e+02
2.866636047363281250e+02
2.863885803222656250e+02
2.864127197265625000e+02
2.864305725097656250e+02
2.865500793457031250e+02
2.863885803222656250e+02
2.858727722167968750e+02
2.864127197265625000e+02
2.864786987304687500e+02
2.866693115234375000e+02
2.864546508789062500e+02
2.864127197265625000e+02
2.863350524902343750e+02
2.864845581054687500e+02
2.862392272949218750e+02
2.862151794433593750e+02
2.864068908691406250e+02
2.866756591796875000e+02
2.863408508300781250e+02
2.861672668457031250e+02
2.865144348144531250e+02
2.865919494628906250e+02
2.865621032714843750e+02
2.863408508300781250e+02
2.863288269042968750e+02
2.864185180664062500e+02
2.863885803222656250e+02
2.864725036621093750e+02
2.866572570800781250e+02
2.863587036132812500e+02
2.863109130859375000e+02
2.862988891601562500e+02
2.859931030273437500e+02
2.859028320312500000e+02
2.864368286132812500e+02
2.863109130859375000e+02
2.863828430175781250e+02
2.865202331542968750e+02
2.863828430175781250e+02
2.860591430664062500e+02
2.862811279296875000e+02
2.864786987304687500e+02
2.865741577148437500e+02
2.863764953613281250e+02
2.859931030273437500e+02
2.861431884765625000e+02
2.861552124023437500e+02
2.862272338867187500e+02
2.862151794433593750e+02
2.859810180664062500e+02
2.865741577148437500e+02
2.863109130859375000e+02
2.865379333496093750e+02
2.864305725097656250e+02
2.865500793457031250e+02
2.864426269531250000e+02
2.862751159667968750e+02
2.867947998046875000e+02
2.864426574707031250e+02
2.865322570800781250e+02
2.866160278320312500e+02
2.862031860351562500e+02
2.862272338867187500e+02
2.864188537597656250e+02
2.863166809082031250e+02
2.864063720703125000e+02
2.860590820312500000e+02
2.864483642578125000e+02
2.864426269531250000e+02
2.864546508789062500e+02
2.866217651367187500e+02
2.865144348144531250e+02
2.862571716308593750e+02
2.865861816406250000e+02
2.861552124023437500e+02
2.860891723632812500e+02
2.863470458984375000e+02
2.864068908691406250e+02
2.861250305175781250e+02
2.861431274414062500e+02
2.862811279296875000e+02
2.859087524414062500e+02
2.861731262207031250e+02
2.861431274414062500e+02
2.859989929199218750e+02
2.859750366210937500e+02
2.861372680664062500e+02
2.858183898925781250e+02
2.861731262207031250e+02
2.861068725585937500e+02
2.860229187011718750e+02
2.859990234375000000e+02
2.860711059570312500e+02
2.861792297363281250e+02
2.858305969238281250e+02
2.862211914062500000e+02
2.862931213378906250e+02
2.863768920898437500e+02
2.859627380371093750e+02
2.858064270019531250e+02
2.858485412597656250e+02
2.859388732910156250e+02
2.861372680664062500e+02
2.858786315917968750e+02
2.862211914062500000e+02
2.860651855468750000e+02
2.861972045898437500e+02
2.860949707031250000e+02
2.863649291992187500e+02
2.863169555664062500e+02
2.861488342285156250e+02
2.861369018554687500e+02
2.856850280761718750e+02
2.863107299804687500e+02
2.861969604492187500e+02
2.862269592285156250e+02
2.862450866699218750e+02
2.861850585937500000e+02
2.862869873046875000e+02
2.861068725585937500e+02
2.863050231933593750e+02
2.866101379394531250e+02
2.865981750488281250e+02
2.864666748046875000e+02
2.863769531250000000e+02
2.864725036621093750e+02
2.864426269531250000e+02
2.867111816406250000e+02
2.867111816406250000e+02
2.864903259277343750e+02
2.868776550292968750e+02
2.865144348144531250e+02
2.857518310546875000e+02
2.860110168457031250e+02
2.867352294921875000e+02
2.869908752441406250e+02
2.868188171386718750e+02
2.869611816406250000e+02
2.868245544433593750e+02
2.870205688476562500e+02
2.870140075683593750e+02
2.866693115234375000e+02
2.862630920410156250e+02
2.864247741699218750e+02
2.864487915039062500e+02
2.866101379394531250e+02
2.866337890625000000e+02
2.860290527343750000e+02
2.857039489746093750e+02
2.859508056640625000e+02
2.865798950195312500e+02
2.867167968750000000e+02
2.862210998535156250e+02
2.866515808105468750e+02
2.867294921875000000e+02
2.866578063964843750e+02
2.863229980468750000e+02
2.864006652832031250e+02
2.864666748046875000e+02
2.868720397949218750e+02
2.868060913085937500e+02
2.860590820312500000e+02
2.865621032714843750e+02
2.868776550292968750e+02
2.867352294921875000e+02
2.868125305175781250e+02
2.870029296875000000e+02
2.871446228027343750e+02
2.870019226074218750e+02
2.865264587402343750e+02
2.864661560058593750e+02
2.866693115234375000e+02
2.867047119140625000e+02
2.857461853027343750e+02
2.860890502929687500e+02
2.863587036132812500e+02
2.862688903808593750e+02
2.863528747558593750e+02
2.865081176757812500e+02
2.863885803222656250e+02
2.865081176757812500e+02
2.866217651367187500e+02
2.866572570800781250e+02
2.867939453125000000e+02
2.863408508300781250e+02
2.861072082519531250e+02
2.860290527343750000e+02
2.859268493652343750e+02
2.859509582519531250e+02
2.861248474121093750e+02
2.859268188476562500e+02
2.860290222167968750e+02
2.859869079589843750e+02
2.863288269042968750e+02
2.862751159667968750e+02
2.864068908691406250e+02
2.865085449218750000e+02
2.861731872558593750e+02
2.862210998535156250e+02
2.860769653320312500e+02
2.858005065917968750e+02
2.859810180664062500e+02
2.865325012207031250e+02
2.865682983398437500e+02
2.863769531250000000e+02
2.864546508789062500e+02
2.862930603027343750e+02
2.865919494628906250e+02
2.866870422363281250e+02
2.865919494628906250e+02
2.865621032714843750e+02
2.865798950195312500e+02
2.859088134765625000e+02
2.860351257324218750e+02
2.859329223632812500e+02
2.861311340332031250e+02
2.862809753417968750e+02
2.863769531250000000e+02
2.864368286132812500e+02
2.863649597167968750e+02
2.866040039062500000e+02
2.866337890625000000e+02
2.863828430175781250e+02
2.866934509277343750e+02
2.866636047363281250e+02
2.865144348144531250e+02
2.863408508300781250e+02
2.863528747558593750e+02
2.866040039062500000e+02
2.862571716308593750e+02
2.863350524902343750e+02
2.865144348144531250e+02
2.863170776367187500e+02
2.860471191406250000e+02
2.863649291992187500e+02
2.865264587402343750e+02
2.862930603027343750e+02
2.864546508789062500e+02
2.865144348144531250e+02
2.866578369140625000e+02
2.863470458984375000e+02
2.863408508300781250e+02
2.864483642578125000e+02
2.867409667968750000e+02
2.864362792968750000e+02
2.863288269042968750e+02
2.865798950195312500e+02
2.866693115234375000e+02
2.865202331542968750e+02
2.863885803222656250e+02
2.862510375976562500e+02
2.864725036621093750e+02
2.859989929199218750e+02
2.863470458984375000e+02
2.866458435058593750e+02
2.862751159667968750e+02
2.864845581054687500e+02
2.866756591796875000e+02
2.864604492187500000e+02
2.864127197265625000e+02
2.862809753417968750e+02
2.865500793457031250e+02
2.858305969238281250e+02
2.862630920410156250e+02
2.863948669433593750e+02
2.864247741699218750e+02
2.865861816406250000e+02
2.866636047363281250e+02
2.865144348144531250e+02
2.862451477050781250e+02
2.863649291992187500e+02
2.863649291992187500e+02
2.864725036621093750e+02
2.865264587402343750e+02
2.864188537597656250e+02
2.863828430175781250e+02
2.865500793457031250e+02
2.863828430175781250e+02
2.867232360839843750e+02
2.865085449218750000e+02
2.863769531250000000e+02
2.865264587402343750e+02
2.863769531250000000e+02
2.867174987792968750e+02
2.868188171386718750e+02
2.865085449218750000e+02
2.865504150390625000e+02
2.861252136230468750e+02
2.862630920410156250e+02
2.866337890625000000e+02
2.863050537109375000e+02
2.862630920410156250e+02
2.861130981445312500e+02
2.858604431152343750e+02
2.858183898925781250e+02
2.861311645507812500e+02
2.859928283691406250e+02
2.861372680664062500e+02
2.861011352539062500e+02
2.862811279296875000e+02
2.860110168457031250e+02
2.860591430664062500e+02
2.863889770507812500e+02
2.860047607421875000e+02
2.860949707031250000e+02
2.863169555664062500e+02
2.862450866699218750e+02
2.861068725585937500e+02
2.860348510742187500e+02
2.861969604492187500e+02
2.861850585937500000e+02
2.860529785156250000e+02
2.859326171875000000e+02
2.860410461425781250e+02
2.860830688476562500e+02
2.860529785156250000e+02
2.860591430664062500e+02
2.862931213378906250e+02
2.861431884765625000e+02
2.858604431152343750e+02
2.862571716308593750e+02
2.864727172851562500e+02
2.863230590820312500e+02
2.861731262207031250e+02
2.860711059570312500e+02
2.860231323242187500e+02
2.864607543945312500e+02
2.862931213378906250e+02
2.863948974609375000e+02
2.864129028320312500e+02
2.865922546386718750e+02
2.866758422851562500e+02
2.864846801757812500e+02
2.864666748046875000e+02
2.863588256835937500e+02
2.862869873046875000e+02
2.863350219726562500e+02
2.863170776367187500e+02
