2.872191467285156250e+02
2.852879638671875000e+02
2.871911315917968750e+02
2.872044677734375000e+02
2.872123107910156250e+02
2.872023010253906250e+02
2.872123107910156250e+02
2.872017822265625000e+02
2.872670898437500000e+02
2.872562255859375000e+02
2.872645263671875000e+02
2.872167663574218750e+02
2.872683105468750000e+02
2.872512512207031250e+02
2.872742919921875000e+02
2.872436218261718750e+02
2.872677917480468750e+02
2.872721862792968750e+02
2.872593383789062500e+02
2.872656250000000000e+02
2.872384643554687500e+02
2.872262878417968750e+02
2.872905273437500000e+02
2.872645263671875000e+02
2.872487182617187500e+02
2.872903747558593750e+02
2.873032226562500000e+02
2.873139343261718750e+02
2.872423095703125000e+02
2.872980957031250000e+02
2.872378234863281250e+02
2.872746887207031250e+02
2.867505798339843750e+02
2.872955932617187500e+02
2.873253784179687500e+02
2.871888122558593750e+02
2.872425537109375000e+02
2.872670898437500000e+02
2.872305603027343750e+02
2.872619628906250000e+02
2.872473144531250000e+02
2.872487182617187500e+02
2.872341613769531250e+02
2.872611389160156250e+02
2.872358398437500000e+02
2.872540893554687500e+02
2.872068481445312500e+02
2.872696533203125000e+02
2.873497009277343750e+02
2.872677917480468750e+02
2.873335571289062500e+02
2.872425537109375000e+02
2.872098999023437500e+02
2.872721862792968750e+02
2.872721862792968750e+02
2.872309570312500000e+02
2.872487182617187500e+02
2.872075805664062500e+02
2.872017822265625000e+02
2.872955932617187500e+02
2.872252502441406250e+02
2.872721862792968750e+02
2.872696533203125000e+02
2.872496643066406250e+02
2.872302856445312500e+02
2.872721862792968750e+02
2.872123107910156250e+02
2.872487182617187500e+02
2.872487182617187500e+02
2.872905273437500000e+02
2.872191467285156250e+02
2.872721862792968750e+02
2.870148315429687500e+02
2.871940307617187500e+02
2.872358398437500000e+02
2.871521301269531250e+02
2.872844543457031250e+02
2.872278137207031250e+02
2.872332763671875000e+02
2.872730102539062500e+02
2.872327880859375000e+02
2.871992187500000000e+02
2.872401428222656250e+02
2.872352600097656250e+02
2.872252502441406250e+02
2.864340209960937500e+02
2.872425537109375000e+02
2.872262878417968750e+02
2.872645263671875000e+02
2.871833190917968750e+02
2.872487182617187500e+02
2.872510375976562500e+02
2.872028808593750000e+02
2.871992187500000000e+02
2.872746887207031250e+02
2.872496643066406250e+02
2.872696533203125000e+02
2.872191467285156250e+02
2.872075805664062500e+02
2.872487182617187500e+02
2.873062744140625000e+02
2.872611389160156250e+02
2.873005371093750000e+02
2.872893066406250000e+02
2.872352600097656250e+02
2.872879943847656250e+02
2.872215576171875000e+02
2.872844848632812500e+02
2.872378234863281250e+02
2.872746887207031250e+02
2.872299194335937500e+02
2.871833190917968750e+02
2.872670898437500000e+02
2.872215576171875000e+02
2.872796325683593750e+02
2.872796325683593750e+02
2.872327880859375000e+02
2.872487182617187500e+02
2.872256164550781250e+02
2.872377014160156250e+02
2.872588806152343750e+02
2.872144775390625000e+02
2.872844848632812500e+02
2.873005371093750000e+02
2.872683105468750000e+02
2.872764282226562500e+02
2.873102722167968750e+02
2.872496643066406250e+02
2.873126220703125000e+02
2.873143005371093750e+02
2.873189697265625000e+02
2.873447875976562500e+02
2.872844543457031250e+02
2.872656250000000000e+02
2.872543334960937500e+02
2.872425537109375000e+02
2.873078613281250000e+02
2.872695617675781250e+02
2.873005371093750000e+02
2.872611389160156250e+02
2.872562255859375000e+02
2.872955932617187500e+02
2.872611389160156250e+02
2.872543334960937500e+02
2.872611389160156250e+02
2.873359375000000000e+02
2.872410583496093750e+02
2.872683105468750000e+02
2.870970458984375000e+02
2.872656250000000000e+02
2.873585205078125000e+02
2.872888793945312500e+02
2.873189697265625000e+02
2.872955932617187500e+02
2.872854309082031250e+02
2.873030090332031250e+02
2.873189697265625000e+02
2.873406066894531250e+02
2.873099365234375000e+02
2.873263549804687500e+02
2.873615722656250000e+02
2.872868957519531250e+02
2.873062744140625000e+02
2.872683105468750000e+02
2.872844848632812500e+02
2.873030090332031250e+02
2.872955932617187500e+02
2.872963562011718750e+02
2.873472595214843750e+02
2.873189697265625000e+02
2.872963562011718750e+02
2.873114013671875000e+02
2.872868957519531250e+02
2.873189697265625000e+02
2.872586669921875000e+02
2.873189697265625000e+02
2.872893066406250000e+02
2.873054199218750000e+02
2.872611389160156250e+02
2.873196411132812500e+02
2.872659301757812500e+02
2.872619628906250000e+02
2.873239135742187500e+02
2.872659301757812500e+02
2.873114013671875000e+02
2.872955932617187500e+02
2.872975158691406250e+02
2.872487182617187500e+02
2.872796325683593750e+02
2.872866821289062500e+02
2.873563842773437500e+02
2.872449645996093750e+02
2.872980957031250000e+02
2.872844848632812500e+02
2.873263549804687500e+02
2.872821960449218750e+02
2.872566223144531250e+02
2.873750000000000000e+02
2.872821960449218750e+02
2.872844848632812500e+02
2.873185729980468750e+02
2.872954101562500000e+02
2.872796325683593750e+02
2.872980957031250000e+02
2.872730102539062500e+02
2.873541564941406250e+02
2.872488708496093750e+02
2.872696533203125000e+02
2.872309570312500000e+02
2.872659301757812500e+02
2.872467346191406250e+02
2.872868957519531250e+02
2.872776489257812500e+02
2.872844848632812500e+02
2.872796325683593750e+02
2.872327880859375000e+02
2.873149719238281250e+02
2.872611389160156250e+02
2.872955932617187500e+02
2.872252502441406250e+02
2.873474731445312500e+02
2.872730102539062500e+02
2.873189697265625000e+02
2.872677917480468750e+02
2.873102722167968750e+02
2.872656250000000000e+02
2.873078613281250000e+02
2.872543334960937500e+02
2.873309631347656250e+02
2.872866821289062500e+02
2.873126220703125000e+02
2.872954101562500000e+02
2.872771606445312500e+02
2.872611389160156250e+02
2.873706970214843750e+02
2.873353271484375000e+02
2.873745422363281250e+02
2.873347778320312500e+02
2.873400268554687500e+02
2.873728637695312500e+02
2.874495544433593750e+02
2.873563842773437500e+02
2.873794250488281250e+02
2.873054199218750000e+02
2.873322753906250000e+02
2.873269653320312500e+02
2.873189697265625000e+02
2.873290100097656250e+02
2.873662109375000000e+02
2.872844543457031250e+02
2.872905273437500000e+02
2.872888793945312500e+02
2.873382873535156250e+02
2.873139038085937500e+02
2.873472595214843750e+02
2.873545227050781250e+02
2.873460083007812500e+02
2.873164672851562500e+02
2.873214721679687500e+02
2.873196411132812500e+02
2.873312072753906250e+02
2.873309631347656250e+02
2.873452453613281250e+02
2.872721557617187500e+02
2.873058471679687500e+02
2.873312072753906250e+02
2.873009643554687500e+02
2.873239135742187500e+02
2.873077087402343750e+02
2.873189697265625000e+02
2.873269653320312500e+02
2.873521118164062500e+02
2.873077087402343750e+02
2.873185729980468750e+02
2.873242492675781250e+02
2.872670898437500000e+02
2.873099060058593750e+02
2.873474731445312500e+02
2.873429260253906250e+02
2.873290100097656250e+02
2.873077087402343750e+02
2.872955932617187500e+02
2.872932434082031250e+02
2.872879943847656250e+02
2.872776489257812500e+02
2.873312072753906250e+02
2.872730102539062500e+02
2.872844543457031250e+02
2.873429260253906250e+02
2.872980957031250000e+02
2.873009643554687500e+02
2.872844848632812500e+02
2.872930603027343750e+02
2.872615356445312500e+02
2.872512512207031250e+02
2.872695617675781250e+02
2.873114013671875000e+02
2.873662109375000000e+02
2.873629455566406250e+02
2.873650207519531250e+02
2.873287658691406250e+02
2.873353271484375000e+02
2.873347778320312500e+02
2.873374938964843750e+02
2.873545227050781250e+02
2.873752441406250000e+02
2.873545227050781250e+02
2.872844543457031250e+02
2.873359375000000000e+02
2.873032226562500000e+02
2.872879943847656250e+02
2.872996215820312500e+02
2.872645263671875000e+02
2.873310241699218750e+02
2.873771057128906250e+02
2.872826538085937500e+02
2.873078613281250000e+02
2.872826538085937500e+02
2.873009643554687500e+02
2.873164672851562500e+02
2.872764282226562500e+02
2.872721557617187500e+02
2.872844848632812500e+02
2.872656250000000000e+02
2.873077087402343750e+02
2.872586669921875000e+02
2.872212219238281250e+02
2.872963562011718750e+02
2.872635192871093750e+02
2.873521423339843750e+02
2.872954101562500000e+02
2.872893066406250000e+02
2.872403259277343750e+02
2.872421875000000000e+02
2.872463989257812500e+02
2.872144775390625000e+02
2.872023010253906250e+02
2.872496643066406250e+02
2.872017822265625000e+02
2.872123107910156250e+02
2.871888122558593750e+02
2.871914367675781250e+02
2.872023010253906250e+02
2.872776489257812500e+02
2.872231750488281250e+02
2.872954101562500000e+02
2.872721557617187500e+02
2.873242492675781250e+02
2.872487182617187500e+02
2.872593383789062500e+02
2.872867431640625000e+02
2.873078613281250000e+02
2.873126220703125000e+02
2.872888793945312500e+02
2.873497619628906250e+02
2.872611389160156250e+02
2.873078613281250000e+02
2.872425537109375000e+02
2.873196411132812500e+02
2.872332763671875000e+02
2.872844848632812500e+02
2.872175598144531250e+02
2.872940063476562500e+02
2.872320556640625000e+02
2.872562255859375000e+02
2.872201232910156250e+02
2.872722473144531250e+02
2.872362365722656250e+02
2.872611389160156250e+02
2.872378234863281250e+02
2.872410583496093750e+02
2.873287658691406250e+02
2.872771606445312500e+02
2.872826538085937500e+02
2.873519592285156250e+02
2.872764282226562500e+02
2.873312072753906250e+02
2.873290100097656250e+02
2.873312072753906250e+02
2.872821960449218750e+02
2.873263549804687500e+02
2.872854309082031250e+02
2.872721862792968750e+02
2.872955932617187500e+02
2.873078613281250000e+02
2.872963562011718750e+02
2.872423095703125000e+02
2.873196411132812500e+02
2.872594604492187500e+02
2.872986755371093750e+02
2.872588806152343750e+02
2.872954101562500000e+02
2.872879943847656250e+02
2.872488708496093750e+02
2.873196411132812500e+02
2.872593383789062500e+02
2.872352600097656250e+02
2.872844848632812500e+02
2.872423095703125000e+02
2.872278137207031250e+02
2.872423095703125000e+02
2.872963562011718750e+02
2.872262878417968750e+02
2.872771606445312500e+02
2.872488708496093750e+02
2.872940063476562500e+02
2.872488708496093750e+02
2.872844848632812500e+02
2.872362365722656250e+02
2.873054809570312500e+02
2.872425537109375000e+02
2.873519592285156250e+02
2.872792053222656250e+02
2.873196411132812500e+02
2.872695617675781250e+02
2.872910766601562500e+02
2.872385559082031250e+02
2.872588806152343750e+02
2.873022766113281250e+02
2.872721557617187500e+02
2.856212463378906250e+02
2.872677917480468750e+02
2.872488708496093750e+02
2.872844848632812500e+02
2.872309570312500000e+02
2.872167663574218750e+02
2.871978759765625000e+02
2.871911315917968750e+02
2.872677917480468750e+02
2.872144775390625000e+02
2.872488708496093750e+02
2.872844543457031250e+02
2.872129821777343750e+02
2.871794738769531250e+02
2.872496643066406250e+02
2.872256164550781250e+02
2.872656250000000000e+02
2.872560729980468750e+02
2.872844543457031250e+02
2.872828369140625000e+02
2.872377014160156250e+02
2.872423706054687500e+02
2.872821960449218750e+02
2.872955932617187500e+02
2.872378234863281250e+02
2.872611389160156250e+02
2.872954101562500000e+02
2.872510375976562500e+02
2.873099365234375000e+02
2.872256164550781250e+02
2.872362365722656250e+02
2.872044677734375000e+02
2.872142944335937500e+02
2.871664123535156250e+02
2.871981506347656250e+02
2.872378234863281250e+02
2.872023010253906250e+02
2.872593383789062500e+02
2.872512512207031250e+02
2.872593383789062500e+02
2.872144775390625000e+02
2.872028808593750000e+02
2.872566223144531250e+02
2.871956787109375000e+02
2.872329406738281250e+02
2.872986755371093750e+02
2.872362365722656250e+02
2.872566223144531250e+02
2.872611389160156250e+02
2.871957092285156250e+02
2.872562255859375000e+02
2.872753295898437500e+02
2.872142944335937500e+02
2.873102722167968750e+02
2.872191467285156250e+02
2.872302856445312500e+02
2.872496643066406250e+02
2.871648559570312500e+02
2.872017822265625000e+02
2.872129821777343750e+02
2.872262878417968750e+02
2.872378234863281250e+02
2.872893066406250000e+02
2.872721557617187500e+02
2.872868957519531250e+02
2.872378234863281250e+02
2.872730102539062500e+02
2.871911315917968750e+02
2.872776489257812500e+02
2.872543334960937500e+02
2.872066345214843750e+02
2.872496643066406250e+02
2.871722717285156250e+02
2.872378234863281250e+02
2.872028808593750000e+02
2.871560363769531250e+02
2.872075805664062500e+02
2.872425537109375000e+02
2.871677246093750000e+02
2.873017272949218750e+02
2.871782531738281250e+02
2.871179809570312500e+02
2.871782531738281250e+02
2.871957092285156250e+02
2.872262878417968750e+02
2.872149658203125000e+02
2.871908264160156250e+02
2.872302856445312500e+02
2.872531738281250000e+02
2.872893066406250000e+02
2.872558288574218750e+02
2.872721862792968750e+02
2.872531738281250000e+02
2.872487182617187500e+02
2.872378234863281250e+02
2.872730102539062500e+02
2.871911315917968750e+02
2.871677246093750000e+02
2.872252502441406250e+02
2.871842041015625000e+02
2.872189941406250000e+02
2.871875915527343750e+02
2.871992187500000000e+02
2.871978759765625000e+02
2.872377014160156250e+02
2.872252502441406250e+02
2.872096862792968750e+02
2.872611389160156250e+02
2.872730102539062500e+02
2.872730102539062500e+02
2.872449645996093750e+02
2.873287658691406250e+02
2.872588806152343750e+02
2.872358398437500000e+02
2.872028808593750000e+02
2.872955932617187500e+02
2.872721557617187500e+02
2.872796325683593750e+02
2.872191467285156250e+02
2.873078613281250000e+02
2.872167663574218750e+02
2.873309631347656250e+02
2.872615356445312500e+02
2.872635192871093750e+02
2.872211914062500000e+02
2.872461853027343750e+02
2.872496643066406250e+02
2.872799377441406250e+02
2.873114013671875000e+02
2.872730102539062500e+02
2.872905273437500000e+02
2.872543334960937500e+02
2.872043151855468750e+02
2.872487182617187500e+02
2.872586669921875000e+02
2.872893066406250000e+02
2.873287658691406250e+02
2.872954101562500000e+02
2.873078613281250000e+02
2.872552795410156250e+02
2.872844848632812500e+02
2.843504638671875000e+02
2.872844848632812500e+02
2.872496643066406250e+02
2.872537536621093750e+02
2.872635192871093750e+02
2.872955932617187500e+02
2.872543334960937500e+02
2.872460632324218750e+02
2.872879943847656250e+02
2.872820434570312500e+02
2.872358398437500000e+02
2.872775573730468750e+02
2.872721557617187500e+02
2.871704711914062500e+02
2.872487182617187500e+02
2.872844848632812500e+02
2.872905273437500000e+02
2.872980957031250000e+02
2.872488708496093750e+02
2.872487182617187500e+02
2.872144775390625000e+02
2.872645263671875000e+02
2.872487182617187500e+02
2.872487182617187500e+02
2.872410583496093750e+02
2.872496643066406250e+02
2.872955932617187500e+02
2.872262878417968750e+02
2.872659301757812500e+02
2.872327880859375000e+02
2.872721862792968750e+02
2.873165588378906250e+02
2.872683105468750000e+02
2.872449645996093750e+02
2.872746887207031250e+02
2.872844848632812500e+02
2.872358398437500000e+02
2.873114013671875000e+02
2.873099365234375000e+02
2.873114013671875000e+02
2.872955932617187500e+02
2.873139343261718750e+02
2.872844848632812500e+02
2.872696533203125000e+02
2.872706909179687500e+02
2.873312072753906250e+02
2.873078613281250000e+02
2.872844848632812500e+02
2.872930603027343750e+02
2.872611389160156250e+02
2.872721862792968750e+02
2.873078613281250000e+02
2.873662109375000000e+02
2.873347778320312500e+02
2.872868957519531250e+02
2.872401428222656250e+02
2.873359375000000000e+02
2.873312072753906250e+02
2.873164672851562500e+02
2.873078613281250000e+02
2.873452453613281250e+02
2.872586669921875000e+02
2.872980957031250000e+02
2.872955932617187500e+02
2.873030090332031250e+02
2.873568725585937500e+02
2.873062744140625000e+02
2.873126220703125000e+02
2.872955932617187500e+02
2.872844848632812500e+02
2.872963562011718750e+02
2.872844848632812500e+02
2.873126220703125000e+02
2.872619628906250000e+02
2.872771606445312500e+02
2.872670898437500000e+02
2.873465576171875000e+02
2.873400268554687500e+02
2.872645263671875000e+02
2.872695617675781250e+02
2.873196411132812500e+02
2.873287658691406250e+02
2.872722473144531250e+02
2.873189697265625000e+02
2.873218688964843750e+02
2.873545227050781250e+02
2.873242492675781250e+02
2.872828369140625000e+02
2.873417663574218750e+02
2.872611389160156250e+02
2.872487182617187500e+02
2.872776489257812500e+02
2.873207397460937500e+02
2.872543334960937500e+02
2.872916870117187500e+02
2.872706909179687500e+02
2.872633666992187500e+02
2.872377014160156250e+02
2.872963562011718750e+02
2.872986755371093750e+02
2.873030090332031250e+02
2.873382873535156250e+02
2.873271179199218750e+02
2.872955932617187500e+02
2.872540893554687500e+02
2.872844848632812500e+02
2.873054199218750000e+02
2.872775573730468750e+02
2.872802124023437500e+02
2.872980651855468750e+02
2.873189697265625000e+02
2.872955932617187500e+02
2.872916870117187500e+02
2.873126220703125000e+02
2.873126220703125000e+02
2.873874511718750000e+02
2.873126220703125000e+02
2.872963562011718750e+02
2.872611389160156250e+02
2.872425537109375000e+02
2.872377014160156250e+02
2.872611389160156250e+02
2.872593383789062500e+02
2.872611389160156250e+02
2.872730102539062500e+02
2.872167663574218750e+02
2.871623535156250000e+02
2.872537536621093750e+02
2.872144775390625000e+02
2.871957092285156250e+02
2.872028808593750000e+02
2.871908264160156250e+02
2.871956787109375000e+02
2.872496643066406250e+02
2.872142944335937500e+02
2.872721862792968750e+02
2.872635192871093750e+02
2.872721862792968750e+02
2.872905273437500000e+02
2.872955932617187500e+02
2.872963562011718750e+02
2.872537536621093750e+02
2.873009643554687500e+02
2.873480529785156250e+02
2.872963562011718750e+02
2.872425537109375000e+02
2.872730102539062500e+02
2.872302856445312500e+02
2.872433166503906250e+02
2.872844848632812500e+02
2.872352600097656250e+02
2.872844848632812500e+02
2.872683105468750000e+02
2.872562255859375000e+02
2.872017822265625000e+02
2.872487182617187500e+02
2.872930603027343750e+02
2.872775573730468750e+02
2.873189697265625000e+02
2.873030090332031250e+02
2.872844848632812500e+02
2.872487182617187500e+02
2.872963562011718750e+02
2.872963562011718750e+02
2.871491699218750000e+02
2.872749328613281250e+02
2.872930908203125000e+02
2.872963562011718750e+02
2.872955932617187500e+02
2.872955932617187500e+02
2.872721862792968750e+02
2.872963562011718750e+02
2.872593383789062500e+02
2.872305603027343750e+02
2.872670898437500000e+02
2.872670898437500000e+02
2.872955932617187500e+02
2.872670898437500000e+02
2.872613830566406250e+02
2.872828369140625000e+02
2.873347778320312500e+02
2.872930908203125000e+02
2.873139343261718750e+02
2.872828369140625000e+02
2.873114013671875000e+02
2.872645263671875000e+02
2.872828369140625000e+02
2.872721862792968750e+02
2.871039428710937500e+02
2.873005371093750000e+02
2.872358398437500000e+02
2.872828369140625000e+02
2.872984313964843750e+02
2.873102722167968750e+02
2.872893066406250000e+02
2.872487182617187500e+02
2.873005371093750000e+02
2.872358398437500000e+02
2.872721862792968750e+02
2.872828369140625000e+02
2.873189697265625000e+02
2.872980957031250000e+02
2.873189697265625000e+02
2.872487182617187500e+02
2.872487182617187500e+02
2.872611389160156250e+02
2.872302856445312500e+02
2.873165588378906250e+02
2.872641296386718750e+02
2.872695617675781250e+02
2.872984313964843750e+02
2.872252502441406250e+02
2.872905273437500000e+02
2.872611389160156250e+02
2.873030090332031250e+02
2.872611389160156250e+02
2.873239135742187500e+02
2.873062744140625000e+02
2.873173217773437500e+02
2.873322753906250000e+02
2.873649597167968750e+02
2.872954101562500000e+02
2.873239135742187500e+02
2.872746887207031250e+02
2.872256164550781250e+02
2.872352600097656250e+02
2.871704711914062500e+02
2.872753295898437500e+02
2.872129821777343750e+02
2.872940063476562500e+02
2.872566223144531250e+02
2.872955932617187500e+02
2.872377014160156250e+02
2.872410583496093750e+02
2.872358398437500000e+02
2.871794738769531250e+02
2.873030090332031250e+02
2.872252502441406250e+02
2.872562255859375000e+02
2.872487182617187500e+02
2.871469116210937500e+02
2.873005371093750000e+02
2.872098999023437500e+02
2.872844848632812500e+02
2.872278137207031250e+02
2.872696533203125000e+02
2.872537536621093750e+02
2.872721862792968750e+02
2.872487182617187500e+02
2.872802124023437500e+02
2.872593383789062500e+02
2.872879943847656250e+02
2.872776489257812500e+02
2.872844848632812500e+02
2.872656250000000000e+02
2.873121337890625000e+02
2.872963562011718750e+02
2.873271179199218750e+02
2.872252502441406250e+02
2.872955932617187500e+02
2.872699890136718750e+02
2.872425537109375000e+02
2.872562255859375000e+02
2.873296813964843750e+02
2.905401611328125000e+02
2.872721862792968750e+02
2.872905273437500000e+02
2.872844848632812500e+02
2.872696533203125000e+02
2.872487182617187500e+02
2.872567138671875000e+02
2.872543334960937500e+02
2.872955932617187500e+02
2.872562255859375000e+02
2.872696533203125000e+02
2.872695617675781250e+02
2.873335571289062500e+02
2.872916870117187500e+02
2.873139343261718750e+02
2.873239135742187500e+02
2.872721862792968750e+02
2.872730102539062500e+02
2.873382873535156250e+02
2.872566223144531250e+02
2.873078613281250000e+02
2.872721862792968750e+02
2.872436218261718750e+02
2.872066345214843750e+02
2.872730102539062500e+02
2.872378234863281250e+02
2.873406066894531250e+02
2.872611389160156250e+02
2.873189697265625000e+02
2.872753295898437500e+02
2.873541564941406250e+02
2.872696533203125000e+02
2.872611389160156250e+02
2.873219299316406250e+02
2.872425537109375000e+02
2.873429260253906250e+02
2.872286376953125000e+02
2.873077087402343750e+02
2.872821960449218750e+02
2.872980957031250000e+02
2.872611389160156250e+02
2.873139343261718750e+02
2.872799377441406250e+02
2.873005371093750000e+02
2.872537536621093750e+02
2.873126220703125000e+02
2.872423095703125000e+02
2.873242492675781250e+02
2.872611389160156250e+02
2.872512512207031250e+02
2.872378234863281250e+02
2.872868957519531250e+02
2.872449645996093750e+02
2.873139343261718750e+02
2.872821960449218750e+02
2.873164672851562500e+02
2.872496643066406250e+02
2.872980957031250000e+02
2.872699890136718750e+02
2.872771606445312500e+02
2.872730102539062500e+02
2.873189697265625000e+02
2.872844543457031250e+02
2.873114013671875000e+02
2.873032226562500000e+02
2.873568725585937500e+02
2.873077087402343750e+02
2.873335571289062500e+02
2.873077087402343750e+02
2.873054199218750000e+02
2.872633666992187500e+02
2.873078613281250000e+02
2.873054199218750000e+02
2.872954101562500000e+02
2.872776489257812500e+02
2.873189697265625000e+02
2.872910766601562500e+02
2.872930603027343750e+02
2.872659301757812500e+02
2.873359375000000000e+02
2.872954101562500000e+02
2.873312072753906250e+02
2.873312072753906250e+02
2.873429260253906250e+02
2.872677917480468750e+02
2.873054199218750000e+02
2.872487182617187500e+02
2.872384643554687500e+02
2.873218688964843750e+02
2.872893066406250000e+02
2.873423461914062500e+02
2.873143005371093750e+02
2.873429260253906250e+02
2.873331604003906250e+02
2.873335571289062500e+02
2.873196411132812500e+02
2.873691101074218750e+02
2.872721862792968750e+02
2.873189697265625000e+02
2.873102722167968750e+02
2.873196411132812500e+02
2.873214721679687500e+02
2.872940063476562500e+02
2.873218688964843750e+02
2.872802124023437500e+02
2.873296813964843750e+02
2.872916870117187500e+02
2.873062744140625000e+02
2.872721862792968750e+02
2.872262878417968750e+02
2.873242492675781250e+02
2.872683105468750000e+02
2.873029479980468750e+02
2.872766113281250000e+02
2.873273010253906250e+02
2.873385314941406250e+02
2.873466186523437500e+02
2.873412170410156250e+02
2.874269714355468750e+02
2.873745422363281250e+02
2.873887939453125000e+02
2.873770141601562500e+02
2.873728637695312500e+02
2.873720397949218750e+02
2.873497619628906250e+02
2.874263610839843750e+02
2.873244934082031250e+02
2.873078613281250000e+02
2.873244934082031250e+02
2.873214721679687500e+02
2.872916870117187500e+02
2.873102722167968750e+02
2.872910766601562500e+02
2.873335571289062500e+02
2.873628234863281250e+02
2.873263549804687500e+02
2.872866821289062500e+02
2.872955932617187500e+02
2.872820434570312500e+02
2.873521118164062500e+02
2.873139343261718750e+02
2.873472595214843750e+02
2.873062744140625000e+02
2.873036804199218750e+02
2.872656250000000000e+02
2.873126220703125000e+02
2.872888793945312500e+02
2.873077087402343750e+02
2.873078613281250000e+02
2.873265075683593750e+02
2.873164672851562500e+02
2.873615722656250000e+02
2.872905273437500000e+02
2.872910766601562500e+02
2.872633666992187500e+02
2.872401428222656250e+02
2.873017272949218750e+02
2.873054199218750000e+02
2.873032226562500000e+02
2.873078613281250000e+02
2.872279052734375000e+02
2.873309631347656250e+02
2.873296813964843750e+02
2.872868957519531250e+02
2.872844848632812500e+02
2.873359375000000000e+02
2.873545227050781250e+02
2.873811645507812500e+02
2.873563842773437500e+02
2.873374938964843750e+02
2.873185729980468750e+02
2.873322753906250000e+02
2.873396606445312500e+02
2.873406066894531250e+02
2.873460083007812500e+02
2.873615722656250000e+02
2.873460083007812500e+02
2.873545227050781250e+02
2.873228149414062500e+02
2.873545227050781250e+02
2.873792114257812500e+02
2.873899841308593750e+02
2.873417663574218750e+02
2.873500976562500000e+02
2.873521118164062500e+02
2.873242492675781250e+02
2.872986755371093750e+02
2.873078613281250000e+02
2.872844543457031250e+02
2.873406066894531250e+02
2.873248901367187500e+02
2.873545227050781250e+02
2.873330383300781250e+02
2.873813171386718750e+02
2.873290100097656250e+02
2.873017272949218750e+02
2.873353271484375000e+02
2.873058471679687500e+02
2.873429260253906250e+02
2.873480529785156250e+02
2.873706970214843750e+02
2.873706970214843750e+02
2.873382873535156250e+02
2.873472595214843750e+02
2.873265075683593750e+02
2.873568725585937500e+02
2.872893066406250000e+02
2.873497619628906250e+02
2.873158264160156250e+02
2.873382873535156250e+02
2.873038024902343750e+02
2.873121337890625000e+02
2.873158264160156250e+02
2.872887573242187500e+02
2.872821960449218750e+02
2.873078613281250000e+02
2.872821960449218750e+02
2.872403259277343750e+02
2.872594604492187500e+02
2.872986755371093750e+02
2.872677917480468750e+02
2.872785339355468750e+02
2.873173217773437500e+02
2.872619628906250000e+02
2.873005371093750000e+02
2.872377014160156250e+02
2.872828369140625000e+02
2.872888793945312500e+02
2.873005371093750000e+02
2.872722473144531250e+02
2.873312072753906250e+02
2.872611389160156250e+02
2.872868957519531250e+02
2.872445373535156250e+02
2.872633666992187500e+02
2.872955932617187500e+02
2.872706909179687500e+02
2.873126220703125000e+02
2.873196411132812500e+02
2.873099365234375000e+02
2.873497009277343750e+02
2.872893066406250000e+02
2.873452453613281250e+02
2.872916870117187500e+02
2.872980957031250000e+02
2.872799377441406250e+02
2.873164672851562500e+02
2.872410583496093750e+02
2.873009643554687500e+02
2.872656250000000000e+02
2.872467346191406250e+02
2.872844848632812500e+02
2.872566223144531250e+02
2.873009643554687500e+02
2.872635803222656250e+02
2.872986755371093750e+02
2.873474731445312500e+02
2.872975158691406250e+02
2.873662109375000000e+02
2.873164672851562500e+02
2.873359375000000000e+02
2.873541564941406250e+02
2.873638916015625000e+02
2.873497619628906250e+02
2.873058471679687500e+02
2.873563842773437500e+02
2.873606872558593750e+02
2.873331604003906250e+02
2.873022766113281250e+02
2.872706909179687500e+02
2.873054809570312500e+02
2.872239379882812500e+02
2.872149658203125000e+02
2.872721862792968750e+02
2.872796325683593750e+02
2.872876586914062500e+02
2.872496643066406250e+02
2.873406066894531250e+02
2.872844543457031250e+02
2.872659301757812500e+02
2.872683105468750000e+02
2.872075805664062500e+02
2.872635192871093750e+02
2.872615356445312500e+02
2.873287658691406250e+02
2.872362365722656250e+02
2.872844543457031250e+02
2.872290954589843750e+02
2.873158264160156250e+02
2.872483825683593750e+02
2.872888793945312500e+02
2.872444152832031250e+02
2.872742919921875000e+02
2.872310180664062500e+02
2.872655944824218750e+02
2.873102722167968750e+02
2.872635192871093750e+02
2.873189697265625000e+02
2.873005371093750000e+02
2.872683105468750000e+02
2.872844848632812500e+02
2.872531738281250000e+02
2.873032226562500000e+02
2.872488708496093750e+02
2.873121337890625000e+02
2.872463989257812500e+02
2.873077087402343750e+02
2.872444152832031250e+02
2.872562255859375000e+02
2.872170104980468750e+02
2.873010559082031250e+02
2.872893066406250000e+02
2.872543334960937500e+02
2.872231750488281250e+02
2.872543334960937500e+02
2.872473144531250000e+02
2.872721862792968750e+02
2.872695617675781250e+02
2.873121337890625000e+02
2.872201232910156250e+02
2.872593383789062500e+02
2.872573852539062500e+02
2.872926940917968750e+02
2.872615356445312500e+02
2.872721557617187500e+02
2.872742919921875000e+02
2.872129821777343750e+02
2.872695617675781250e+02
2.872635192871093750e+02
2.872868957519531250e+02
2.873009643554687500e+02
2.872611389160156250e+02
2.872362365722656250e+02
2.873077087402343750e+02
2.872231750488281250e+02
2.872290954589843750e+02
2.872378234863281250e+02
2.871782531738281250e+02
2.871756896972656250e+02
2.872149658203125000e+02
2.872378234863281250e+02
2.872746887207031250e+02
2.872423095703125000e+02
2.871756896972656250e+02
2.872262878417968750e+02
2.871854858398437500e+02
2.872699890136718750e+02
2.872463989257812500e+02
2.872278137207031250e+02
2.871842041015625000e+02
2.871651916503906250e+02
2.872436218261718750e+02
2.872611389160156250e+02
2.872093200683593750e+02
2.872093200683593750e+02
2.872611389160156250e+02
2.872066345214843750e+02
2.872683105468750000e+02
2.872023010253906250e+02
2.872252502441406250e+02
2.871673278808593750e+02
2.872227172851562500e+02
2.871697998046875000e+02
2.872401428222656250e+02
2.871932678222656250e+02
2.872659301757812500e+02
2.872144775390625000e+02
2.872384643554687500e+02
2.872401428222656250e+02
2.871981506347656250e+02
2.872537536621093750e+02
2.872573852539062500e+02
2.872017822265625000e+02
2.872721862792968750e+02
2.872239379882812500e+02
2.873032226562500000e+02
2.872512512207031250e+02
2.872586059570312500e+02
2.873030090332031250e+02
2.867853698730468750e+02
2.873009643554687500e+02
2.872746887207031250e+02
2.873114013671875000e+02
2.872400817871093750e+02
2.873005371093750000e+02
2.872670898437500000e+02
2.873054199218750000e+02
2.873189697265625000e+02
2.872980957031250000e+02
2.873102722167968750e+02
2.872940063476562500e+02
2.872963562011718750e+02
2.873139343261718750e+02
2.872683105468750000e+02
2.873032226562500000e+02
2.873062744140625000e+02
2.872645263671875000e+02
2.872849426269531250e+02
2.873078613281250000e+02
2.873563842773437500e+02
2.873359375000000000e+02
2.872868957519531250e+02
2.872070007324218750e+02
2.872645263671875000e+02
2.872352600097656250e+02
2.872487182617187500e+02
2.872467346191406250e+02
2.872893066406250000e+02
2.872286376953125000e+02
2.872410583496093750e+02
2.872930603027343750e+02
2.872868957519531250e+02
2.873189697265625000e+02
2.873545227050781250e+02
2.872916870117187500e+02
2.873322753906250000e+02
2.872201232910156250e+02
2.873054809570312500e+02
2.872677917480468750e+02
2.873585205078125000e+02
2.872562255859375000e+02
2.873684692382812500e+02
2.872799377441406250e+02
2.873078613281250000e+02
2.872844848632812500e+02
2.872520141601562500e+02
2.872820434570312500e+02
2.871908264160156250e+02
2.872215576171875000e+02
2.872588806152343750e+02
2.873099365234375000e+02
2.873429260253906250e+02
2.872619628906250000e+02
2.872854309082031250e+02
2.872286376953125000e+02
2.873382873535156250e+02
2.872753295898437500e+02
2.872844848632812500e+02
2.872142944335937500e+02
2.872955932617187500e+02
2.872854309082031250e+02
2.872436218261718750e+02
2.873263549804687500e+02
2.873102722167968750e+02
2.872893066406250000e+02
2.873189697265625000e+02
2.872562255859375000e+02
2.872980957031250000e+02
2.872659301757812500e+02
2.873189697265625000e+02
2.873005371093750000e+02
2.873005371093750000e+02
2.872868957519531250e+02
2.873423461914062500e+02
2.873164672851562500e+02
2.873263549804687500e+02
2.872683105468750000e+02
2.872930603027343750e+02
2.872142944335937500e+02
2.872775573730468750e+02
2.872611389160156250e+02
2.873030090332031250e+02
2.872227172851562500e+02
2.872930603027343750e+02
2.872473144531250000e+02
2.872721862792968750e+02
2.872473144531250000e+02
2.872955932617187500e+02
2.872611389160156250e+02
2.873592529296875000e+02
2.872963562011718750e+02
2.872844848632812500e+02
2.872696533203125000e+02
2.871908264160156250e+02
2.873077087402343750e+02
2.872764282226562500e+02
2.872940063476562500e+02
2.872611389160156250e+02
2.873005371093750000e+02
2.873088378906250000e+02
2.872670898437500000e+02
2.873088378906250000e+02
2.872986755371093750e+02
2.873263549804687500e+02
2.872537536621093750e+02
2.873010559082031250e+02
2.872854309082031250e+02
2.873626708984375000e+02
2.872868957519531250e+02
2.873615722656250000e+02
2.872611389160156250e+02
2.873139343261718750e+02
2.873239135742187500e+02
2.873322753906250000e+02
2.872683105468750000e+02
2.873662109375000000e+02
2.872820434570312500e+02
2.873423461914062500e+02
2.873149719238281250e+02
2.873568725585937500e+02
2.872844543457031250e+02
2.873149719238281250e+02
2.872401428222656250e+02
2.872567443847656250e+02
2.872776489257812500e+02
2.873164672851562500e+02
2.873078613281250000e+02
2.872611389160156250e+02
2.873054199218750000e+02
2.872309570312500000e+02
2.873009643554687500e+02
2.872175598144531250e+02
2.873121337890625000e+02
2.872383117675781250e+02
2.872436218261718750e+02
2.872512512207031250e+02
2.873030090332031250e+02
2.872796325683593750e+02
2.873359375000000000e+02
2.873359375000000000e+02
2.873126220703125000e+02
2.872586669921875000e+02
2.872586669921875000e+02
2.872588806152343750e+02
2.872776489257812500e+02
2.872309570312500000e+02
2.873126220703125000e+02
2.872017822265625000e+02
2.872893066406250000e+02
2.872706909179687500e+02
2.872854309082031250e+02
2.872796325683593750e+02
2.872659301757812500e+02
2.873472595214843750e+02
2.872619628906250000e+02
2.872916870117187500e+02
2.872645263671875000e+02
2.872802124023437500e+02
2.873126220703125000e+02
2.872844848632812500e+02
2.873062744140625000e+02
2.873138732910156250e+02
2.873196411132812500e+02
2.872916870117187500e+02
2.873030090332031250e+02
2.872940063476562500e+02
2.872683105468750000e+02
2.872916870117187500e+02
2.872645263671875000e+02
2.873030090332031250e+02
2.872746887207031250e+02
2.873054199218750000e+02
2.872955932617187500e+02
2.873030090332031250e+02
2.873126220703125000e+02
2.873036804199218750e+02
2.873214721679687500e+02
2.873568725585937500e+02
2.873149719238281250e+02
2.873263549804687500e+02
2.873615722656250000e+02
2.873813171386718750e+02
2.873429260253906250e+02
2.873102722167968750e+02
2.873242492675781250e+02
2.873126220703125000e+02
2.872986755371093750e+02
2.873219299316406250e+02
2.872746887207031250e+02
2.872940063476562500e+02
2.873335571289062500e+02
2.872433166503906250e+02
2.873078613281250000e+02
2.873214721679687500e+02
2.872854309082031250e+02
2.873102722167968750e+02
2.872540893554687500e+02
2.872893066406250000e+02
2.873453063964843750e+02
2.873472595214843750e+02
2.873568725585937500e+02
2.873497619628906250e+02
2.873382873535156250e+02
2.872955932617187500e+02
2.873149719238281250e+02
2.873139343261718750e+02
2.873322753906250000e+02
2.873296813964843750e+02
2.873335571289062500e+02
2.873382873535156250e+02
2.873662109375000000e+02
2.873578186035156250e+02
2.873720397949218750e+02
2.873521118164062500e+02
2.873521118164062500e+02
2.873423461914062500e+02
2.873287658691406250e+02
2.873359375000000000e+02
2.873638916015625000e+02
2.873964233398437500e+02
2.873569946289062500e+02
2.873479003906250000e+02
2.873837890625000000e+02
2.873811645507812500e+02
2.873545227050781250e+02
2.873568725585937500e+02
2.873856201171875000e+02
2.873638916015625000e+02
2.873054199218750000e+02
2.873592529296875000e+02
2.873189697265625000e+02
2.873287658691406250e+02
2.873833923339843750e+02
2.873706970214843750e+02
2.873452453613281250e+02
2.873854064941406250e+02
2.873521118164062500e+02
2.873592529296875000e+02
2.874027404785156250e+02
2.873684692382812500e+02
2.873615722656250000e+02
2.873662109375000000e+02
2.873662109375000000e+02
2.873592529296875000e+02
2.873662109375000000e+02
2.873662109375000000e+02
2.873359375000000000e+02
2.873359375000000000e+02
2.873335571289062500e+02
2.873662109375000000e+02
2.873521118164062500e+02
2.873684692382812500e+02
2.873899841308593750e+02
2.873771057128906250e+02
2.874047546386718750e+02
2.874047546386718750e+02
2.873684692382812500e+02
2.873497619628906250e+02
2.873359375000000000e+02
2.873406066894531250e+02
2.873662109375000000e+02
2.873750000000000000e+02
2.873429260253906250e+02
2.873173217773437500e+02
2.873474731445312500e+02
2.873406066894531250e+02
2.873519592285156250e+02
2.872730102539062500e+02
2.872910766601562500e+02
2.872888793945312500e+02
2.873417663574218750e+02
