2.873597717285156250e+02
2.850362548828125000e+02
2.875730895996093750e+02
2.877666625976562500e+02
2.869922485351562500e+02
2.877344665527343750e+02
2.869922485351562500e+02
2.871323242187500000e+02
2.871356506347656250e+02
2.872755432128906250e+02
2.871030578613281250e+02
2.876282653808593750e+02
2.874378662109375000e+02
2.872105102539062500e+02
2.878352050781250000e+02
2.871128540039062500e+02
2.877384643554687500e+02
2.872007751464843750e+02
2.870378417968750000e+02
2.877062072753906250e+02
2.870476379394531250e+02
2.874570312500000000e+02
2.871584167480468750e+02
2.871030578613281250e+02
2.871779785156250000e+02
2.868873291015625000e+02
2.876225891113281250e+02
2.871811828613281250e+02
2.876834106445312500e+02
2.872561035156250000e+02
2.876188049316406250e+02
2.872333374023437500e+02
2.829634094238281250e+02
2.872235717773437500e+02
2.883076171875000000e+02
2.875407714843750000e+02
2.873826293945312500e+02
2.871356506347656250e+02
2.869497680664062500e+02
2.870704650878906250e+02
2.874474487304687500e+02
2.871779785156250000e+02
2.878861389160156250e+02
2.873405151367187500e+02
2.870150451660156250e+02
2.869725646972656250e+02
2.871974182128906250e+02
2.871682128906250000e+02
2.873666076660156250e+02
2.877384643554687500e+02
2.874412841796875000e+02
2.873826293945312500e+02
2.875313110351562500e+02
2.872007751464843750e+02
2.872007751464843750e+02
2.875217895507812500e+02
2.871779785156250000e+02
2.874989624023437500e+02
2.871323242187500000e+02
2.872235717773437500e+02
2.871551818847656250e+02
2.872007751464843750e+02
2.871682128906250000e+02
2.874798889160156250e+02
2.872202453613281250e+02
2.872007751464843750e+02
2.869922485351562500e+02
2.871779785156250000e+02
2.871779785156250000e+02
2.871584167480468750e+02
2.873597717285156250e+02
2.872007751464843750e+02
2.872508239746093750e+02
2.870346374511718750e+02
2.870150451660156250e+02
2.870540771484375000e+02
2.876644287109375000e+02
2.871877136230468750e+02
2.875541076660156250e+02
2.875026550292968750e+02
2.872527465820312500e+02
2.870998229980468750e+02
2.873501586914062500e+02
2.872852478027343750e+02
2.871551818847656250e+02
2.810218811035156250e+02
2.873826293945312500e+02
2.874570312500000000e+02
2.871030578613281250e+02
2.871745605468750000e+02
2.871779785156250000e+02
2.878124084472656250e+02
2.874342041015625000e+02
2.870998229980468750e+02
2.872333374023437500e+02
2.874798889160156250e+02
2.871682128906250000e+02
2.873597717285156250e+02
2.874989624023437500e+02
2.871779785156250000e+02
2.870833435058593750e+02
2.873405151367187500e+02
2.872886352539062500e+02
2.874282226562500000e+02
2.872852478027343750e+02
2.871258239746093750e+02
2.873922119140625000e+02
2.873632812500000000e+02
2.876187744140625000e+02
2.872333374023437500e+02
2.878217468261718750e+02
2.871745605468750000e+02
2.871356506347656250e+02
2.873922119140625000e+02
2.872983398437500000e+02
2.872983398437500000e+02
2.872527465820312500e+02
2.871779785156250000e+02
2.877573242187500000e+02
2.873177185058593750e+02
2.876093139648437500e+02
2.875959777832031250e+02
2.873632812500000000e+02
2.872886352539062500e+02
2.874378662109375000e+02
2.878674316406250000e+02
2.874185485839843750e+02
2.874798889160156250e+02
2.874510192871093750e+02
2.877841186523437500e+02
2.872463073730468750e+02
2.873015747070312500e+02
2.876644287109375000e+02
2.877062072753906250e+02
2.875446166992187500e+02
2.873826293945312500e+02
2.873861083984375000e+02
2.868972778320312500e+02
2.872886352539062500e+02
2.873405151367187500e+02
2.872755432128906250e+02
2.872235717773437500e+02
2.876416320800781250e+02
2.875446166992187500e+02
2.876416320800781250e+02
2.874737548828125000e+02
2.870802612304687500e+02
2.874378662109375000e+02
2.869105834960937500e+02
2.877062072753906250e+02
2.877973937988281250e+02
2.877290344238281250e+02
2.872463073730468750e+02
2.872235717773437500e+02
2.870932312011718750e+02
2.873211364746093750e+02
2.872463073730468750e+02
2.875386047363281250e+02
2.877195129394531250e+02
2.873438720703125000e+02
2.875289306640625000e+02
2.873958129882812500e+02
2.870833435058593750e+02
2.874378662109375000e+02
2.873632812500000000e+02
2.873211364746093750e+02
2.872235717773437500e+02
2.875254516601562500e+02
2.873341064453125000e+02
2.872463073730468750e+02
2.875254516601562500e+02
2.871485595703125000e+02
2.873958129882812500e+02
2.872463073730468750e+02
2.873080444335937500e+02
2.872463073730468750e+02
2.874282226562500000e+02
2.873536071777343750e+02
2.876416320800781250e+02
2.875482482910156250e+02
2.874054260253906250e+02
2.870704650878906250e+02
2.873113708496093750e+02
2.874054260253906250e+02
2.871485595703125000e+02
2.872235717773437500e+02
2.878580322265625000e+02
2.871779785156250000e+02
2.872983398437500000e+02
2.876967468261718750e+02
2.877650756835937500e+02
2.874150390625000000e+02
2.872561035156250000e+02
2.873632812500000000e+02
2.873438720703125000e+02
2.876321105957031250e+02
2.875769653320312500e+02
2.877231750488281250e+02
2.876321105957031250e+02
2.873632812500000000e+02
2.878486022949218750e+02
2.878258361816406250e+02
2.872983398437500000e+02
2.872561035156250000e+02
2.875026550292968750e+02
2.877327575683593750e+02
2.877801818847656250e+02
2.871682128906250000e+02
2.875217895507812500e+02
2.874054260253906250e+02
2.877479553222656250e+02
2.873958129882812500e+02
2.875674133300781250e+02
2.873632812500000000e+02
2.872983398437500000e+02
2.872527465820312500e+02
2.874834289550781250e+02
2.876416320800781250e+02
2.872235717773437500e+02
2.871551818847656250e+02
2.876357727050781250e+02
2.875026550292968750e+02
2.872463073730468750e+02
2.877384643554687500e+02
2.874185485839843750e+02
2.877062072753906250e+02
2.873861083984375000e+02
2.875446166992187500e+02
2.877100219726562500e+02
2.876967468261718750e+02
2.874510192871093750e+02
2.878258361816406250e+02
2.872658386230468750e+02
2.873405151367187500e+02
2.876585083007812500e+02
2.877746276855468750e+02
2.871514892578125000e+02
2.871713256835937500e+02
2.869655151367187500e+02
2.876908874511718750e+02
2.879527587890625000e+02
2.877650756835937500e+02
2.872167358398437500e+02
2.873536071777343750e+02
2.871387329101562500e+02
2.879774475097656250e+02
2.872463073730468750e+02
2.880096435546875000e+02
2.875937500000000000e+02
2.876644287109375000e+02
2.871584167480468750e+02
2.877290344238281250e+02
2.875061645507812500e+02
2.881152954101562500e+02
2.873341064453125000e+02
2.874315795898437500e+02
2.879358520507812500e+02
2.878163757324218750e+02
2.872788696289062500e+02
2.875482482910156250e+02
2.874088439941406250e+02
2.877100219726562500e+02
2.876033630371093750e+02
2.878030090332031250e+02
2.879867858886718750e+02
2.874088439941406250e+02
2.875902099609375000e+02
2.873113708496093750e+02
2.876872253417968750e+02
2.872463073730468750e+02
2.879774475097656250e+02
2.873991394042968750e+02
2.876872253417968750e+02
2.878486022949218750e+02
2.876130371093750000e+02
2.871356506347656250e+02
2.880510864257812500e+02
2.876357727050781250e+02
2.875710144042968750e+02
2.880096435546875000e+02
2.876872253417968750e+02
2.872235717773437500e+02
2.877935485839843750e+02
2.871258239746093750e+02
2.875674133300781250e+02
2.874088439941406250e+02
2.875026550292968750e+02
2.876644287109375000e+02
2.875710144042968750e+02
2.872561035156250000e+02
2.875902099609375000e+02
2.873632812500000000e+02
2.871909790039062500e+02
2.879732971191406250e+02
2.872105102539062500e+02
2.881017456054687500e+02
2.871485595703125000e+02
2.875937500000000000e+02
2.867487182617187500e+02
2.872917785644531250e+02
2.873763732910156250e+02
2.877746276855468750e+02
2.871713256835937500e+02
2.878068847656250000e+02
2.874315490722656250e+02
2.880551147460937500e+02
2.874315490722656250e+02
2.876644287109375000e+02
2.874737548828125000e+02
2.876225891113281250e+02
2.871258239746093750e+02
2.878902282714843750e+02
2.871030578613281250e+02
2.880417480468750000e+02
2.877555236816406250e+02
2.879639892578125000e+02
2.873861083984375000e+02
2.879639892578125000e+02
2.875902099609375000e+02
2.872137451171875000e+02
2.878674316406250000e+02
2.878030090332031250e+02
2.873632812500000000e+02
2.877062072753906250e+02
2.876872253417968750e+02
2.873080444335937500e+02
2.876928405761718750e+02
2.875254516601562500e+02
2.873729858398437500e+02
2.880324096679687500e+02
2.878258361816406250e+02
2.874282226562500000e+02
2.879826049804687500e+02
2.883760681152343750e+02
2.880789184570312500e+02
2.875959777832031250e+02
2.877344665527343750e+02
2.874798889160156250e+02
2.871323242187500000e+02
2.869922485351562500e+02
2.869694213867187500e+02
2.870020446777343750e+02
2.877344665527343750e+02
2.875674133300781250e+02
2.880560302734375000e+02
2.878258361816406250e+02
2.878030090332031250e+02
2.876130371093750000e+02
2.871779785156250000e+02
2.870378417968750000e+02
2.880282592773437500e+02
2.873861083984375000e+02
2.874510192871093750e+02
2.877290344238281250e+02
2.876680908203125000e+02
2.876416320800781250e+02
2.873861083984375000e+02
2.873826293945312500e+02
2.875482482910156250e+02
2.875541076660156250e+02
2.873632812500000000e+02
2.870574645996093750e+02
2.874930725097656250e+02
2.878539428710937500e+02
2.872755432128906250e+02
2.870900573730468750e+02
2.869299926757812500e+02
2.879183044433593750e+02
2.873405151367187500e+02
2.876187744140625000e+02
2.870802612304687500e+02
2.873763732910156250e+02
2.872658386230468750e+02
2.879639892578125000e+02
2.877004394531250000e+02
2.878674316406250000e+02
2.874088439941406250e+02
2.880096435546875000e+02
2.874088439941406250e+02
2.876321105957031250e+02
2.873438720703125000e+02
2.870932312011718750e+02
2.872007751464843750e+02
2.872235717773437500e+02
2.873861083984375000e+02
2.875254516601562500e+02
2.876834106445312500e+02
2.875482482910156250e+02
2.879411315917968750e+02
2.875578308105468750e+02
2.876093139648437500e+02
2.878258361816406250e+02
2.871258239746093750e+02
2.877801818847656250e+02
2.875482482910156250e+02
2.870378417968750000e+02
2.872852478027343750e+02
2.873632812500000000e+02
2.876834106445312500e+02
2.871877136230468750e+02
2.876834106445312500e+02
2.875254516601562500e+02
2.874570312500000000e+02
2.872658386230468750e+02
2.877801818847656250e+02
2.874930725097656250e+02
2.877801818847656250e+02
2.873632812500000000e+02
2.879183044433593750e+02
2.876549377441406250e+02
2.873826293945312500e+02
2.877004394531250000e+02
2.882619628906250000e+02
2.875482482910156250e+02
2.881017456054687500e+02
2.877612915039062500e+02
2.883121948242187500e+02
2.876093139648437500e+02
2.882848205566406250e+02
2.878030090332031250e+02
2.775780639648437500e+02
2.877384643554687500e+02
2.877801818847656250e+02
2.873632812500000000e+02
2.875217895507812500e+02
2.876282653808593750e+02
2.876699829101562500e+02
2.875730895996093750e+02
2.877384643554687500e+02
2.875959777832031250e+02
2.877801818847656250e+02
2.876644287109375000e+02
2.878954467773437500e+02
2.874113464355468750e+02
2.874798889160156250e+02
2.877573242187500000e+02
2.877062072753906250e+02
2.882391052246093750e+02
2.876644287109375000e+02
2.870606079101562500e+02
2.873177185058593750e+02
2.880146789550781250e+02
2.876321105957031250e+02
2.872235717773437500e+02
2.876187744140625000e+02
2.873405151367187500e+02
2.878258361816406250e+02
2.878124084472656250e+02
2.877195129394531250e+02
2.877573242187500000e+02
2.879183044433593750e+02
2.877666625976562500e+02
2.872948913574218750e+02
2.878496704101562500e+02
2.873693847656250000e+02
2.876187744140625000e+02
2.877344665527343750e+02
2.870378417968750000e+02
2.872105102539062500e+02
2.870378417968750000e+02
2.875959777832031250e+02
2.874342041015625000e+02
2.875769653320312500e+02
2.876376647949218750e+02
2.882162475585937500e+02
2.875578308105468750e+02
2.879183044433593750e+02
2.875769653320312500e+02
2.873405151367187500e+02
2.873369750976562500e+02
2.872755432128906250e+02
2.875350646972656250e+02
2.872948913574218750e+02
2.874185485839843750e+02
2.873597717285156250e+02
2.872202453613281250e+02
2.874798889160156250e+02
2.872167053222656250e+02
2.871323242187500000e+02
2.878954162597656250e+02
2.874570312500000000e+02
2.876187744140625000e+02
2.874282226562500000e+02
2.878030090332031250e+02
2.873958129882812500e+02
2.876187744140625000e+02
2.875026550292968750e+02
2.875730895996093750e+02
2.875674133300781250e+02
2.875446166992187500e+02
2.877989196777343750e+02
2.874798889160156250e+02
2.876148071289062500e+02
2.876187744140625000e+02
2.874342041015625000e+02
2.873884277343750000e+02
2.874989624023437500e+02
2.873826293945312500e+02
2.875502014160156250e+02
2.879224548339843750e+02
2.871095275878906250e+02
2.869008483886718750e+02
2.871095275878906250e+02
2.873369750976562500e+02
2.874570312500000000e+02
2.870248718261718750e+02
2.872720336914062500e+02
2.872202453613281250e+02
2.878445739746093750e+02
2.874282226562500000e+02
2.867335510253906250e+02
2.872007751464843750e+02
2.878445739746093750e+02
2.871779785156250000e+02
2.876187744140625000e+02
2.875026550292968750e+02
2.875730895996093750e+02
2.875502014160156250e+02
2.871551818847656250e+02
2.874760742187500000e+02
2.876605834960937500e+02
2.878403930664062500e+02
2.870998229980468750e+02
2.876699829101562500e+02
2.873177185058593750e+02
2.871551818847656250e+02
2.869596252441406250e+02
2.876416320800781250e+02
2.875026550292968750e+02
2.875026550292968750e+02
2.874150695800781250e+02
2.873763732910156250e+02
2.876093139648437500e+02
2.870150451660156250e+02
2.874342041015625000e+02
2.872235717773437500e+02
2.878030090332031250e+02
2.872983398437500000e+02
2.873597717285156250e+02
2.873861083984375000e+02
2.876282653808593750e+02
2.877100219726562500e+02
2.879732971191406250e+02
2.873729858398437500e+02
2.880239257812500000e+02
2.871454162597656250e+02
2.874798889160156250e+02
2.875997924804687500e+02
2.871485595703125000e+02
2.875026550292968750e+02
2.871584167480468750e+02
2.875446166992187500e+02
2.871648864746093750e+02
2.871779785156250000e+02
2.873080444335937500e+02
2.874282226562500000e+02
2.873763732910156250e+02
2.878258361816406250e+02
2.873861083984375000e+02
2.878768005371093750e+02
2.873632812500000000e+02
2.849106140136718750e+02
2.873632812500000000e+02
2.874798889160156250e+02
2.872430114746093750e+02
2.873729858398437500e+02
2.872235717773437500e+02
2.875446166992187500e+02
2.868745117187500000e+02
2.871258239746093750e+02
2.873308410644531250e+02
2.870150451660156250e+02
2.869953308105468750e+02
2.878030090332031250e+02
2.870118103027343750e+02
2.871779785156250000e+02
2.873632812500000000e+02
2.871584167480468750e+02
2.872561035156250000e+02
2.877801818847656250e+02
2.871779785156250000e+02
2.875959777832031250e+02
2.871030578613281250e+02
2.871779785156250000e+02
2.871779785156250000e+02
2.870802612304687500e+02
2.874798889160156250e+02
2.872235717773437500e+02
2.874570312500000000e+02
2.874054260253906250e+02
2.872527465820312500e+02
2.872007751464843750e+02
2.869427795410156250e+02
2.874378662109375000e+02
2.874150695800781250e+02
2.872333374023437500e+02
2.873632812500000000e+02
2.870150451660156250e+02
2.871485595703125000e+02
2.877195129394531250e+02
2.871485595703125000e+02
2.872235717773437500e+02
2.871811828613281250e+02
2.873632812500000000e+02
2.871682128906250000e+02
2.874702453613281250e+02
2.874088439941406250e+02
2.873861083984375000e+02
2.873632812500000000e+02
2.871909790039062500e+02
2.873405151367187500e+02
2.872007751464843750e+02
2.873861083984375000e+02
2.875937500000000000e+02
2.871713256835937500e+02
2.873958129882812500e+02
2.873501586914062500e+02
2.874737548828125000e+02
2.874088439941406250e+02
2.872137451171875000e+02
2.873861083984375000e+02
2.876033630371093750e+02
2.873080444335937500e+02
2.872561035156250000e+02
2.872235717773437500e+02
2.873211364746093750e+02
2.874640197753906250e+02
2.870833435058593750e+02
2.874510192871093750e+02
2.872235717773437500e+02
2.873632812500000000e+02
2.875254516601562500e+02
2.873632812500000000e+02
2.874510192871093750e+02
2.870704650878906250e+02
2.872658386230468750e+02
2.871356506347656250e+02
2.867916870117187500e+02
2.869655151367187500e+02
2.871030578613281250e+02
2.868972778320312500e+02
2.875482482910156250e+02
2.873763732910156250e+02
2.869299926757812500e+02
2.872463073730468750e+02
2.870081176757812500e+02
2.874315490722656250e+02
2.876130371093750000e+02
2.870606079101562500e+02
2.878713989257812500e+02
2.873405151367187500e+02
2.871779785156250000e+02
2.875674133300781250e+02
2.878808288574218750e+02
2.875446166992187500e+02
2.874606628417968750e+02
2.874702453613281250e+02
2.876739501953125000e+02
2.873177185058593750e+02
2.875254516601562500e+02
2.875578308105468750e+02
2.873211364746093750e+02
2.875061645507812500e+02
2.870734558105468750e+02
2.872235717773437500e+02
2.869725646972656250e+02
2.873632812500000000e+02
2.873536071777343750e+02
2.869953308105468750e+02
2.870279846191406250e+02
2.872560729980468750e+02
2.872463073730468750e+02
2.872235717773437500e+02
2.874606628417968750e+02
2.874510192871093750e+02
2.874510192871093750e+02
2.879169006347656250e+02
2.874510192871093750e+02
2.875254516601562500e+02
2.873405151367187500e+02
2.873826293945312500e+02
2.873177185058593750e+02
2.873405151367187500e+02
2.870378417968750000e+02
2.876416320800781250e+02
2.875026550292968750e+02
2.876282653808593750e+02
2.871842346191406250e+02
2.872430114746093750e+02
2.875959777832031250e+02
2.873369750976562500e+02
2.874342041015625000e+02
2.872720336914062500e+02
2.876376647949218750e+02
2.874798889160156250e+02
2.872948913574218750e+02
2.872007751464843750e+02
2.873729858398437500e+02
2.872007751464843750e+02
2.871584167480468750e+02
2.872235717773437500e+02
2.875254516601562500e+02
2.872430114746093750e+02
2.875902099609375000e+02
2.879680480957031250e+02
2.875254516601562500e+02
2.873826293945312500e+02
2.875026550292968750e+02
2.872202453613281250e+02
2.868417968750000000e+02
2.873632812500000000e+02
2.872852478027343750e+02
2.873632812500000000e+02
2.874378662109375000e+02
2.872755432128906250e+02
2.871323242187500000e+02
2.871779785156250000e+02
2.871909790039062500e+02
2.869953308105468750e+02
2.872463073730468750e+02
2.873211364746093750e+02
2.873632812500000000e+02
2.871779785156250000e+02
2.875254516601562500e+02
2.875254516601562500e+02
2.858199462890625000e+02
2.869626770019531250e+02
2.869200439453125000e+02
2.875254516601562500e+02
2.872235717773437500e+02
2.872235717773437500e+02
2.872007751464843750e+02
2.875254516601562500e+02
2.870378417968750000e+02
2.869497680664062500e+02
2.871356506347656250e+02
2.871356506347656250e+02
2.872235717773437500e+02
2.871356506347656250e+02
2.867991027832031250e+02
2.870606079101562500e+02
2.871713256835937500e+02
2.869200439453125000e+02
2.871811828613281250e+02
2.870606079101562500e+02
2.871485595703125000e+02
2.871030578613281250e+02
2.870606079101562500e+02
2.872007751464843750e+02
2.853869018554687500e+02
2.872886352539062500e+02
2.870150451660156250e+02
2.870606079101562500e+02
2.869854125976562500e+02
2.874185485839843750e+02
2.874282226562500000e+02
2.871779785156250000e+02
2.872886352539062500e+02
2.870150451660156250e+02
2.872007751464843750e+02
2.870606079101562500e+02
2.872463073730468750e+02
2.872561035156250000e+02
2.872463073730468750e+02
2.871779785156250000e+02
2.871779785156250000e+02
2.873405151367187500e+02
2.872202453613281250e+02
2.869427795410156250e+02
2.868318481445312500e+02
2.868972778320312500e+02
2.869854125976562500e+02
2.871551818847656250e+02
2.871584167480468750e+02
2.873405151367187500e+02
2.873211364746093750e+02
2.873405151367187500e+02
2.873113708496093750e+02
2.870833435058593750e+02
2.875158691406250000e+02
2.871387329101562500e+02
2.878941650390625000e+02
2.878258361816406250e+02
2.873113708496093750e+02
2.872333374023437500e+02
2.877573242187500000e+02
2.872852478027343750e+02
2.870118103027343750e+02
2.875350646972656250e+02
2.878954467773437500e+02
2.874930725097656250e+02
2.875769653320312500e+02
2.872235717773437500e+02
2.873177185058593750e+02
2.870802612304687500e+02
2.870150451660156250e+02
2.874113464355468750e+02
2.873211364746093750e+02
2.871551818847656250e+02
2.872755432128906250e+02
2.871779785156250000e+02
2.869889526367187500e+02
2.872886352539062500e+02
2.875313110351562500e+02
2.873632812500000000e+02
2.871877136230468750e+02
2.871682128906250000e+02
2.872430114746093750e+02
2.872007751464843750e+02
2.871779785156250000e+02
2.870279846191406250e+02
2.870378417968750000e+02
2.871258239746093750e+02
2.875674133300781250e+02
2.873632812500000000e+02
2.877062072753906250e+02
2.877518310546875000e+02
2.875254516601562500e+02
2.870734558105468750e+02
2.871551818847656250e+02
2.872235717773437500e+02
2.877707214355468750e+02
2.873826293945312500e+02
2.872755432128906250e+02
2.871060791015625000e+02
2.918383178710937500e+02
2.872007751464843750e+02
2.871584167480468750e+02
2.873632812500000000e+02
2.871682128906250000e+02
2.871779785156250000e+02
2.870051879882812500e+02
2.875446166992187500e+02
2.872235717773437500e+02
2.872755432128906250e+02
2.871682128906250000e+02
2.868972778320312500e+02
2.874412841796875000e+02
2.874606628417968750e+02
2.871811828613281250e+02
2.873113708496093750e+02
2.872007751464843750e+02
2.875026550292968750e+02
2.875061645507812500e+02
2.875769653320312500e+02
2.873861083984375000e+02
2.872007751464843750e+02
2.871128540039062500e+02
2.877989196777343750e+02
2.875026550292968750e+02
2.876187744140625000e+02
2.875386047363281250e+02
2.873405151367187500e+02
2.872463073730468750e+02
2.875350646972656250e+02
2.877327575683593750e+02
2.871682128906250000e+02
2.873405151367187500e+02
2.875806274414062500e+02
2.873826293945312500e+02
2.875710144042968750e+02
2.874894409179687500e+02
2.876872253417968750e+02
2.876321105957031250e+02
2.872561035156250000e+02
2.873405151367187500e+02
2.871811828613281250e+02
2.875997924804687500e+02
2.872886352539062500e+02
2.872430114746093750e+02
2.874510192871093750e+02
2.876834106445312500e+02
2.876130371093750000e+02
2.873405151367187500e+02
2.872105102539062500e+02
2.876187744140625000e+02
2.873958129882812500e+02
2.874150695800781250e+02
2.871811828613281250e+02
2.876321105957031250e+02
2.872137451171875000e+02
2.874798889160156250e+02
2.872561035156250000e+02
2.877707214355468750e+02
2.872658386230468750e+02
2.875026550292968750e+02
2.872463073730468750e+02
2.876644287109375000e+02
2.871485595703125000e+02
2.876225891113281250e+02
2.874640197753906250e+02
2.876872253417968750e+02
2.874412841796875000e+02
2.876872253417968750e+02
2.873536071777343750e+02
2.876739501953125000e+02
2.873861083984375000e+02
2.873536071777343750e+02
2.878258361816406250e+02
2.875674133300781250e+02
2.872463073730468750e+02
2.877612915039062500e+02
2.871909790039062500e+02
2.874054260253906250e+02
2.874737548828125000e+02
2.878258361816406250e+02
2.874088439941406250e+02
2.874088439941406250e+02
2.875710144042968750e+02
2.877384643554687500e+02
2.873536071777343750e+02
2.871779785156250000e+02
2.870476379394531250e+02
2.870081176757812500e+02
2.874282226562500000e+02
2.872690429687500000e+02
2.877841186523437500e+02
2.875710144042968750e+02
2.877423095703125000e+02
2.874412841796875000e+02
2.875482482910156250e+02
2.879585876464843750e+02
2.872007751464843750e+02
2.872463073730468750e+02
2.874185485839843750e+02
2.875482482910156250e+02
2.872788085937500000e+02
2.874930725097656250e+02
2.870081176757812500e+02
2.870279846191406250e+02
2.871060791015625000e+02
2.874606628417968750e+02
2.870833435058593750e+02
2.872007751464843750e+02
2.874570312500000000e+02
2.876130371093750000e+02
2.874378662109375000e+02
2.867790222167968750e+02
2.867235107421875000e+02
2.865616760253906250e+02
2.866932067871093750e+02
2.865514526367187500e+02
2.867260437011718750e+02
2.870561828613281250e+02
2.871514892578125000e+02
2.870762329101562500e+02
2.871841430664062500e+02
2.876908874511718750e+02
2.873893127441406250e+02
2.876680908203125000e+02
2.875970458984375000e+02
2.870407714843750000e+02
2.873861083984375000e+02
2.870407714843750000e+02
2.872788696289062500e+02
2.874606628417968750e+02
2.874185485839843750e+02
2.877612915039062500e+02
2.874412841796875000e+02
2.878619079589843750e+02
2.873438720703125000e+02
2.876967468261718750e+02
2.872235717773437500e+02
2.873308410644531250e+02
2.873991394042968750e+02
2.871811828613281250e+02
2.873341064453125000e+02
2.870833435058593750e+02
2.870507507324218750e+02
2.877062072753906250e+02
2.874510192871093750e+02
2.877290344238281250e+02
2.876872253417968750e+02
2.873861083984375000e+02
2.876453552246093750e+02
2.872137451171875000e+02
2.875289306640625000e+02
2.871584167480468750e+02
2.877612915039062500e+02
2.876739501953125000e+02
2.873501586914062500e+02
2.879224548339843750e+02
2.873536071777343750e+02
2.876225891113281250e+02
2.873861083984375000e+02
2.869170837402343750e+02
2.877100219726562500e+02
2.871060791015625000e+02
2.873958129882812500e+02
2.873632812500000000e+02
2.874737548828125000e+02
2.874315795898437500e+02
2.875192260742187500e+02
2.877650756835937500e+02
2.878068847656250000e+02
2.878486022949218750e+02
2.871387329101562500e+02
2.878391418457031250e+02
2.875386047363281250e+02
2.879358520507812500e+02
2.875289306640625000e+02
2.879358520507812500e+02
2.874315490722656250e+02
2.879130249023437500e+02
2.874315490722656250e+02
2.877878417968750000e+02
2.876488647460937500e+02
2.878713989257812500e+02
2.880002136230468750e+02
2.873991394042968750e+02
2.876130371093750000e+02
2.875578308105468750e+02
2.873861083984375000e+02
2.876644287109375000e+02
2.875386047363281250e+02
2.879452514648437500e+02
2.874315490722656250e+02
2.880738830566406250e+02
2.878201293945312500e+02
2.880096435546875000e+02
2.879224548339843750e+02
2.877746276855468750e+02
2.879867858886718750e+02
2.875710144042968750e+02
2.879680480957031250e+02
2.876585083007812500e+02
2.876585083007812500e+02
2.875061645507812500e+02
2.873341064453125000e+02
2.876453552246093750e+02
2.874640197753906250e+02
2.874282226562500000e+02
2.876680908203125000e+02
2.881473999023437500e+02
2.875061645507812500e+02
2.879546203613281250e+02
2.877518310546875000e+02
2.881473999023437500e+02
2.880603637695312500e+02
2.876321105957031250e+02
2.873861083984375000e+02
2.876321105957031250e+02
2.879826049804687500e+02
2.879411315917968750e+02
2.875578308105468750e+02
2.877384643554687500e+02
2.878996582031250000e+02
2.875158691406250000e+02
2.870704650878906250e+02
2.872886352539062500e+02
2.873177185058593750e+02
2.870606079101562500e+02
2.877290344238281250e+02
2.872886352539062500e+02
2.869299926757812500e+02
2.874088439941406250e+02
2.873405151367187500e+02
2.873958129882812500e+02
2.877156677246093750e+02
2.876739501953125000e+02
2.872235717773437500e+02
2.874702453613281250e+02
2.874510192871093750e+02
2.875482482910156250e+02
2.877195129394531250e+02
2.873666076660156250e+02
2.874282226562500000e+02
2.876033630371093750e+02
2.874606628417968750e+02
2.872561035156250000e+02
2.875997924804687500e+02
2.872137451171875000e+02
2.870802612304687500e+02
2.875902099609375000e+02
2.877062072753906250e+02
2.877479553222656250e+02
2.873632812500000000e+02
2.875769653320312500e+02
2.875902099609375000e+02
2.880054626464843750e+02
2.875578308105468750e+02
2.876357727050781250e+02
2.878580322265625000e+02
2.875937500000000000e+02
2.878163757324218750e+02
2.874737548828125000e+02
2.877327575683593750e+02
2.875613403320312500e+02
2.876680908203125000e+02
2.879867858886718750e+02
2.877650756835937500e+02
2.878296508789062500e+02
2.877423095703125000e+02
2.882848205566406250e+02
2.874702453613281250e+02
2.876549377441406250e+02
2.874246520996093750e+02
2.870248718261718750e+02
2.872007751464843750e+02
2.872983398437500000e+02
2.868546142578125000e+02
2.874798889160156250e+02
2.875386047363281250e+02
2.876644287109375000e+02
2.874054260253906250e+02
2.874378662109375000e+02
2.874989624023437500e+02
2.873729858398437500e+02
2.879732971191406250e+02
2.873763732910156250e+02
2.879183044433593750e+02
2.876644287109375000e+02
2.881521911621093750e+02
2.881473999023437500e+02
2.881109619140625000e+02
2.877290344238281250e+02
2.880468139648437500e+02
2.878352050781250000e+02
2.881842346191406250e+02
2.877062072753906250e+02
2.874185485839843750e+02
2.873729858398437500e+02
2.872463073730468750e+02
2.872886352539062500e+02
2.874378662109375000e+02
2.873632812500000000e+02
2.878445739746093750e+02
2.876225891113281250e+02
2.877801818847656250e+02
2.877518310546875000e+02
2.880789184570312500e+02
2.876872253417968750e+02
2.880468139648437500e+02
2.872755432128906250e+02
2.867862854003906250e+02
2.870180664062500000e+02
2.874282226562500000e+02
2.875446166992187500e+02
2.880560302734375000e+02
2.875446166992187500e+02
2.874474487304687500e+02
2.872007751464843750e+02
2.881017456054687500e+02
2.877518310546875000e+02
2.870900573730468750e+02
2.870378417968750000e+02
2.879089660644531250e+02
2.881245727539062500e+02
2.879732971191406250e+02
2.878030090332031250e+02
2.878352050781250000e+02
2.878954162597656250e+02
2.881017456054687500e+02
2.873729858398437500e+02
2.873958129882812500e+02
2.875902099609375000e+02
2.873405151367187500e+02
2.879183044433593750e+02
2.876872253417968750e+02
2.880560302734375000e+02
2.881521911621093750e+02
2.876187744140625000e+02
2.871095275878906250e+02
2.870769653320312500e+02
2.870248718261718750e+02
2.876187744140625000e+02
2.872333374023437500e+02
2.876834106445312500e+02
2.870769653320312500e+02
2.874570312500000000e+02
2.878082275390625000e+02
2.877707214355468750e+02
2.880789184570312500e+02
2.871877136230468750e+02
2.874760742187500000e+02
2.869465942382812500e+02
2.871128540039062500e+02
2.876416320800781250e+02
2.872299194335937500e+02
2.872299194335937500e+02
2.873405151367187500e+02
2.877989196777343750e+02
2.874378662109375000e+02
2.877344665527343750e+02
2.871551818847656250e+02
2.872491760253906250e+02
2.871226196289062500e+02
2.872816467285156250e+02
2.873501586914062500e+02
2.873045043945312500e+02
2.874054260253906250e+02
2.875959777832031250e+02
2.870476379394531250e+02
2.873501586914062500e+02
2.873693847656250000e+02
2.872430114746093750e+02
2.879089660644531250e+02
2.871323242187500000e+02
2.872007751464843750e+02
2.874246520996093750e+02
2.876225891113281250e+02
2.872105102539062500e+02
2.867663269042968750e+02
2.873211364746093750e+02
2.833538818359375000e+02
2.875902099609375000e+02
2.872333374023437500e+02
2.871485595703125000e+02
2.876511230468750000e+02
2.872886352539062500e+02
2.871356506347656250e+02
2.873536071777343750e+02
2.872463073730468750e+02
2.872561035156250000e+02
2.874185485839843750e+02
2.874930725097656250e+02
2.875254516601562500e+02
2.871811828613281250e+02
2.874378662109375000e+02
2.876225891113281250e+02
2.870833435058593750e+02
2.871030578613281250e+02
2.868218383789062500e+02
2.873861083984375000e+02
2.877650756835937500e+02
2.874737548828125000e+02
2.873958129882812500e+02
2.869269714355468750e+02
2.871030578613281250e+02
2.872852478027343750e+02
2.871779785156250000e+02
2.877479553222656250e+02
2.874282226562500000e+02
2.874894409179687500e+02
2.870802612304687500e+02
2.871909790039062500e+02
2.873958129882812500e+02
2.872463073730468750e+02
2.874315490722656250e+02
2.874606628417968750e+02
2.871387329101562500e+02
2.870900573730468750e+02
2.876549377441406250e+02
2.877384643554687500e+02
2.877973937988281250e+02
2.872755432128906250e+02
2.876260986328125000e+02
2.875997924804687500e+02
2.873861083984375000e+02
2.873632812500000000e+02
2.875122375488281250e+02
2.873308410644531250e+02
2.872720336914062500e+02
2.873922119140625000e+02
2.876093139648437500e+02
2.877195129394531250e+02
2.875710144042968750e+02
2.870704650878906250e+02
2.870932312011718750e+02
2.874894409179687500e+02
2.875061645507812500e+02
2.875350646972656250e+02
2.873632812500000000e+02
2.872948913574218750e+02
2.872235717773437500e+02
2.870932312011718750e+02
2.871128540039062500e+02
2.873438720703125000e+02
2.874185485839843750e+02
2.874282226562500000e+02
2.872463073730468750e+02
2.872755432128906250e+02
2.872561035156250000e+02
2.874054260253906250e+02
2.872463073730468750e+02
2.872886352539062500e+02
2.872886352539062500e+02
2.873958129882812500e+02
2.872690429687500000e+02
2.872137451171875000e+02
2.873438720703125000e+02
2.874378662109375000e+02
2.871909790039062500e+02
2.872948913574218750e+02
2.869953308105468750e+02
2.873405151367187500e+02
2.873211364746093750e+02
2.871226196289062500e+02
2.871909790039062500e+02
2.874474487304687500e+02
2.872007751464843750e+02
2.874474487304687500e+02
2.872235717773437500e+02
2.873405151367187500e+02
2.874965209960937500e+02
2.875254516601562500e+02
2.873632812500000000e+02
2.871682128906250000e+02
2.872720336914062500e+02
2.876872253417968750e+02
2.878674316406250000e+02
2.874930725097656250e+02
2.873405151367187500e+02
2.872886352539062500e+02
2.871159973144531250e+02
2.871356506347656250e+02
2.871159973144531250e+02
2.875578308105468750e+02
2.873438720703125000e+02
2.872430114746093750e+02
2.870180664062500000e+02
2.870932312011718750e+02
2.872592163085937500e+02
2.873958129882812500e+02
2.875289306640625000e+02
2.873405151367187500e+02
2.871811828613281250e+02
2.873113708496093750e+02
2.871387329101562500e+02
2.874378662109375000e+02
2.875937500000000000e+02
2.873308410644531250e+02
2.872690429687500000e+02
2.874834289550781250e+02
2.874640197753906250e+02
2.876644287109375000e+02
2.874834289550781250e+02
2.873501586914062500e+02
2.870052185058593750e+02
2.875674133300781250e+02
2.872137451171875000e+02
2.873861083984375000e+02
2.876416320800781250e+02
2.873536071777343750e+02
2.875217895507812500e+02
2.875902099609375000e+02
2.870574645996093750e+02
2.877518310546875000e+02
2.879504394531250000e+02
2.871128540039062500e+02
2.872105102539062500e+02
2.873211364746093750e+02
2.872983398437500000e+02
2.874737548828125000e+02
2.874737548828125000e+02
2.874510192871093750e+02
2.873080444335937500e+02
2.873080444335937500e+02
2.876093139648437500e+02
2.875674133300781250e+02
2.875217895507812500e+02
2.874510192871093750e+02
2.871323242187500000e+02
2.874282226562500000e+02
2.874702453613281250e+02
2.870932312011718750e+02
2.872983398437500000e+02
2.874054260253906250e+02
2.873341064453125000e+02
2.870704650878906250e+02
2.874606628417968750e+02
2.871030578613281250e+02
2.870279846191406250e+02
2.874510192871093750e+02
2.873632812500000000e+02
2.870833435058593750e+02
2.869100646972656250e+02
2.875482482910156250e+02
2.874606628417968750e+02
2.873211364746093750e+02
2.874930725097656250e+02
2.874378662109375000e+02
2.874606628417968750e+02
2.871030578613281250e+02
2.873211364746093750e+02
2.872333374023437500e+02
2.873536071777343750e+02
2.872235717773437500e+02
2.873211364746093750e+02
2.874510192871093750e+02
2.870507507324218750e+02
2.872788696289062500e+02
2.874640197753906250e+02
2.874834289550781250e+02
2.873438720703125000e+02
2.875289306640625000e+02
2.878201293945312500e+02
2.875710144042968750e+02
2.874185485839843750e+02
2.876130371093750000e+02
2.874510192871093750e+02
2.875578308105468750e+02
2.875806274414062500e+02
2.872333374023437500e+02
2.874930725097656250e+02
2.874412841796875000e+02
2.868417968750000000e+02
2.873861083984375000e+02
2.872788696289062500e+02
2.870932312011718750e+02
2.874185485839843750e+02
2.869725646972656250e+02
2.874282226562500000e+02
2.870308837890625000e+02
2.873341064453125000e+02
2.874640197753906250e+02
2.876680908203125000e+02
2.875061645507812500e+02
2.872235717773437500e+02
2.874834289550781250e+02
2.871811828613281250e+02
2.871387329101562500e+02
2.871060791015625000e+02
2.874412841796875000e+02
2.875061645507812500e+02
2.875937500000000000e+02
2.871940307617187500e+02
2.873893127441406250e+02
2.873991394042968750e+02
2.873991394042968750e+02
2.872690429687500000e+02
2.873763732910156250e+02
2.874737548828125000e+02
2.875613403320312500e+02
2.877459106445312500e+02
2.869227294921875000e+02
2.870635375976562500e+02
2.870108337402343750e+02
2.875192260742187500e+02
2.874315490722656250e+02
2.874640197753906250e+02
2.875840759277343750e+02
2.875613403320312500e+02
2.873536071777343750e+02
2.874965209960937500e+02
2.872463073730468750e+02
2.873763732910156250e+02
2.875516357421875000e+02
2.876585083007812500e+02
2.876033630371093750e+02
2.878846435546875000e+02
2.873991394042968750e+02
2.874965209960937500e+02
2.878428344726562500e+02
2.876260986328125000e+02
2.875289306640625000e+02
2.875937500000000000e+02
2.875937500000000000e+02
2.874965209960937500e+02
2.875937500000000000e+02
2.875937500000000000e+02
2.874737548828125000e+02
2.874737548828125000e+02
2.874412841796875000e+02
2.875937500000000000e+02
2.873991394042968750e+02
2.876260986328125000e+02
2.876488647460937500e+02
2.877555236816406250e+02
2.878751220703125000e+02
2.878751220703125000e+02
2.876260986328125000e+02
2.876680908203125000e+02
2.874737548828125000e+02
2.875386047363281250e+02
2.875937500000000000e+02
2.877231750488281250e+02
2.875710144042968750e+02
2.875158691406250000e+02
2.876357727050781250e+02
2.875386047363281250e+02
2.877004394531250000e+02
2.875026855468750000e+02
2.877613220214843750e+02
2.877290039062500000e+02
2.878713989257812500e+02
