2.869540371300571451e+02
2.867861913107032592e+02
2.876778956669447780e+02
2.889085805986460969e+02
2.861251233458731349e+02
2.886807508408209060e+02
2.861251233458731349e+02
2.862398119796463334e+02
2.864676473158804129e+02
2.873128363976172182e+02
2.862805740684115676e+02
2.877431510390745188e+02
2.880420095228884634e+02
2.870022820391681648e+02
2.897507632311005636e+02
2.865362837294665610e+02
2.891755110785027227e+02
2.868471266920989819e+02
2.859181679216518432e+02
2.889978951204909663e+02
2.862322283029457139e+02
2.873156800610256028e+02
2.865843916783356917e+02
2.862805740684115676e+02
2.868461955254898044e+02
2.851869866881424969e+02
2.889348997617491932e+02
2.868323820433071205e+02
2.884356390989613033e+02
2.872170123623458835e+02
2.880627027281588539e+02
2.870364571061938364e+02
2.867861913107032592e+02
2.870078305669757128e+02
2.909868093915142140e+02
2.875131467292523553e+02
2.875888661920921550e+02
2.864676473158804129e+02
2.857880214438503117e+02
2.860970545608799966e+02
2.878420602239735899e+02
2.868461955254898044e+02
2.896661257434336676e+02
2.876151410333038143e+02
2.860826747160521677e+02
2.855777146334119152e+02
2.864301266882870891e+02
2.866569890161740091e+02
2.880209792497195167e+02
2.891755110785027227e+02
2.884225858902399295e+02
2.875888661920921550e+02
2.872056307041509626e+02
2.868471266920989819e+02
2.868471266920989819e+02
2.875873440452515410e+02
2.868461955254898044e+02
2.870528935307257825e+02
2.862398119796463334e+02
2.870078305669757128e+02
2.867229615319319009e+02
2.868471266920989819e+02
2.866569890161740091e+02
2.879702866453166052e+02
2.869652661319535696e+02
2.868471266920989819e+02
2.861251233458731349e+02
2.868461955254898044e+02
2.868461955254898044e+02
2.865843916783356917e+02
2.869540371300571451e+02
2.868471266920989819e+02
2.867819310902166876e+02
2.859611183505179497e+02
2.860826747160521677e+02
2.857989079966016561e+02
2.889967493151137319e+02
2.868434663562869673e+02
2.877356075194153391e+02
2.883102516176516588e+02
2.870883449466574007e+02
2.861468364810439198e+02
2.874629989870018676e+02
2.872125139886962870e+02
2.867229615319319009e+02
2.867861913107032592e+02
2.875888661920921550e+02
2.873156800610256028e+02
2.862805740684115676e+02
2.859448402230666488e+02
2.868461955254898044e+02
2.893069743562217582e+02
2.867800163119986792e+02
2.861468364810439198e+02
2.870364571061938364e+02
2.879702866453166052e+02
2.866569890161740091e+02
2.869540371300571451e+02
2.870528935307257825e+02
2.868461955254898044e+02
2.862005364153822029e+02
2.876151410333038143e+02
2.874218126061458065e+02
2.880758659508488790e+02
2.872125139886962870e+02
2.863743301706591637e+02
2.870696786668496543e+02
2.877547425520833144e+02
2.880627027281588539e+02
2.870364571061938364e+02
2.891586607258935260e+02
2.859448402230666488e+02
2.864676473158804129e+02
2.870696786668496543e+02
2.874061966435602926e+02
2.874061966435602926e+02
2.870883449466574007e+02
2.868461955254898044e+02
2.886503928289674263e+02
2.873374912190673172e+02
2.885173572208615269e+02
2.875499373536957819e+02
2.877547425520833144e+02
2.874218126061458065e+02
2.880420095228884634e+02
2.899494971144727629e+02
2.881681536256038498e+02
2.879702866453166052e+02
2.883334763244620262e+02
2.897454374484692607e+02
2.872635678213159167e+02
2.876333044021080809e+02
2.889967493151137319e+02
2.889978951204909663e+02
2.882344676627303102e+02
2.875888661920921550e+02
2.879942832947726288e+02
2.851027681015366966e+02
2.874218126061458065e+02
2.876151410333038143e+02
2.873128363976172182e+02
2.870078305669757128e+02
2.886690926915969158e+02
2.882344676627303102e+02
2.886690926915969158e+02
2.885835785795268862e+02
2.863834225814741217e+02
2.880420095228884634e+02
2.867702441994833293e+02
2.889978951204909663e+02
2.899930692831068200e+02
2.893111991614795215e+02
2.872635678213159167e+02
2.870078305669757128e+02
2.861680787342323811e+02
2.876204753238038165e+02
2.872635678213159167e+02
2.888799790165141417e+02
2.893979064241227661e+02
2.878806632705696416e+02
2.888031095123605496e+02
2.879188215812651492e+02
2.862005364153822029e+02
2.880420095228884634e+02
2.877547425520833144e+02
2.876204753238038165e+02
2.870078305669757128e+02
2.885128581064738569e+02
2.878312096246345391e+02
2.872635678213159167e+02
2.885128581064738569e+02
2.866175093990986511e+02
2.879188215812651492e+02
2.872635678213159167e+02
2.874654535033982370e+02
2.872635678213159167e+02
2.880758659508488790e+02
2.878116054221109152e+02
2.886690926915969158e+02
2.887897088032547117e+02
2.879035268408580350e+02
2.860970545608799966e+02
2.876816051152347882e+02
2.879035268408580350e+02
2.866175093990986511e+02
2.870078305669757128e+02
2.900240217509556260e+02
2.868461955254898044e+02
2.874061966435602926e+02
2.891499995594199959e+02
2.898424338264140943e+02
2.877151209010281718e+02
2.872170123623458835e+02
2.877547425520833144e+02
2.878806632705696416e+02
2.888507631048452708e+02
2.883728989906346669e+02
2.894289526695006316e+02
2.888507631048452708e+02
2.877547425520833144e+02
2.901185607515839138e+02
2.898387164063469186e+02
2.874061966435602926e+02
2.872170123623458835e+02
2.883102516176516588e+02
2.896970398280782319e+02
2.890773177761006423e+02
2.866569890161740091e+02
2.875873440452515410e+02
2.879035268408580350e+02
2.888540205265487657e+02
2.879188215812651492e+02
2.885752828831752481e+02
2.877547425520833144e+02
2.874061966435602926e+02
2.870883449466574007e+02
2.884911305660547214e+02
2.886690926915969158e+02
2.870078305669757128e+02
2.867229615319319009e+02
2.892864655493765440e+02
2.883102516176516588e+02
2.872635678213159167e+02
2.891755110785027227e+02
2.881681536256038498e+02
2.889978951204909663e+02
2.879942832947726288e+02
2.882344676627303102e+02
2.895404075199437557e+02
2.891499995594199959e+02
2.883334763244620262e+02
2.898387164063469186e+02
2.872233365135369354e+02
2.876151410333038143e+02
2.892401979573212429e+02
2.898806868783449318e+02
2.862310895068421814e+02
2.868060199519746902e+02
2.856651416821235330e+02
2.893353657428849033e+02
2.880699828956925330e+02
2.898424338264140943e+02
2.865873544376710242e+02
2.878116054221109152e+02
2.866026977988157682e+02
2.908525760218939809e+02
2.872635678213159167e+02
2.910101608340374924e+02
2.890369670208026491e+02
2.889967493151137319e+02
2.865843916783356917e+02
2.893111991614795215e+02
2.887355960313486207e+02
2.911825651097259424e+02
2.878312096246345391e+02
2.883694775552762053e+02
2.908070780820750088e+02
2.899297347607109714e+02
2.874753000284013069e+02
2.887897088032547117e+02
2.882518135706563385e+02
2.895404075199437557e+02
2.891532638150511616e+02
2.895537280147413526e+02
2.907295958211016682e+02
2.882518135706563385e+02
2.887922903188330110e+02
2.876816051152347882e+02
2.892362466181206742e+02
2.872635678213159167e+02
2.908525760218939809e+02
2.882008403151954212e+02
2.892362466181206742e+02
2.901185607515839138e+02
2.890802483283086985e+02
2.864676473158804129e+02
2.910035584963238762e+02
2.892864655493765440e+02
2.890185074883905259e+02
2.910101608340374924e+02
2.892362466181206742e+02
2.870078305669757128e+02
2.896567148778288470e+02
2.863743301706591637e+02
2.885752828831752481e+02
2.882518135706563385e+02
2.883102516176516588e+02
2.889967493151137319e+02
2.890185074883905259e+02
2.872170123623458835e+02
2.887922903188330110e+02
2.877547425520833144e+02
2.867962573264908883e+02
2.904193079039122836e+02
2.870022820391681648e+02
2.909943641436109942e+02
2.866175093990986511e+02
2.890369670208026491e+02
2.847925406898111191e+02
2.873945558042432822e+02
2.880710460383163536e+02
2.898806868783449318e+02
2.868060199519746902e+02
2.900612420769325581e+02
2.883694775552762053e+02
2.911827443081984370e+02
2.883694775552762053e+02
2.889967493151137319e+02
2.885835785795268862e+02
2.889348997617491932e+02
2.863743301706591637e+02
2.902095842888464290e+02
2.862805740684115676e+02
2.911486914832671573e+02
2.895227364352910513e+02
2.905187154267418919e+02
2.879942832947726288e+02
2.905187154267418919e+02
2.887922903188330110e+02
2.870485075583712842e+02
2.899494971144727629e+02
2.895537280147413526e+02
2.877547425520833144e+02
2.889978951204909663e+02
2.892362466181206742e+02
2.874654535033982370e+02
2.881720825691460846e+02
2.885128581064738569e+02
2.877612685466521611e+02
2.912910953374446308e+02
2.898387164063469186e+02
2.880758659508488790e+02
2.903409049535904956e+02
2.898240179248941217e+02
2.907958498611515097e+02
2.875499373536957819e+02
2.886807508408209060e+02
2.879702866453166052e+02
2.862398119796463334e+02
2.861251233458731349e+02
2.857694675154062907e+02
2.858664844984260185e+02
2.886807508408209060e+02
2.885752828831752481e+02
2.905776441392660558e+02
2.898387164063469186e+02
2.895537280147413526e+02
2.890802483283086985e+02
2.868461955254898044e+02
2.859181679216518432e+02
2.908330668126507703e+02
2.879942832947726288e+02
2.883334763244620262e+02
2.893111991614795215e+02
2.894202799921075666e+02
2.886690926915969158e+02
2.879942832947726288e+02
2.875888661920921550e+02
2.887897088032547117e+02
2.877356075194153391e+02
2.877547425520833144e+02
2.863659824596528551e+02
2.883715352374705390e+02
2.894147783020069369e+02
2.873128363976172182e+02
2.864847695112130737e+02
2.852529143672991836e+02
2.899076809170315414e+02
2.876151410333038143e+02
2.880627027281588539e+02
2.863834225814741217e+02
2.880710460383163536e+02
2.872233365135369354e+02
2.905187154267418919e+02
2.895566348305159750e+02
2.899494971144727629e+02
2.882518135706563385e+02
2.910101608340374924e+02
2.882518135706563385e+02
2.888507631048452708e+02
2.878806632705696416e+02
2.861680787342323811e+02
2.868471266920989819e+02
2.870078305669757128e+02
2.879942832947726288e+02
2.885128581064738569e+02
2.884356390989613033e+02
2.887897088032547117e+02
2.902164716784972143e+02
2.886523671782633187e+02
2.885173572208615269e+02
2.898387164063469186e+02
2.863743301706591637e+02
2.890773177761006423e+02
2.887897088032547117e+02
2.859181679216518432e+02
2.872125139886962870e+02
2.877547425520833144e+02
2.884356390989613033e+02
2.868434663562869673e+02
2.884356390989613033e+02
2.885128581064738569e+02
2.873156800610256028e+02
2.872233365135369354e+02
2.890773177761006423e+02
2.883715352374705390e+02
2.890773177761006423e+02
2.877547425520833144e+02
2.899076809170315414e+02
2.890823051062757827e+02
2.875888661920921550e+02
2.895566348305159750e+02
2.909674658123085464e+02
2.887897088032547117e+02
2.909943641436109942e+02
2.894803565091725659e+02
2.901890714550962684e+02
2.885173572208615269e+02
2.909790726725613581e+02
2.895537280147413526e+02
2.867861913107032592e+02
2.891755110785027227e+02
2.890773177761006423e+02
2.877547425520833144e+02
2.875873440452515410e+02
2.877431510390745188e+02
2.882465702249181732e+02
2.876778956669447780e+02
2.891755110785027227e+02
2.875499373536957819e+02
2.890773177761006423e+02
2.889967493151137319e+02
2.898085483952447134e+02
2.869600753969299944e+02
2.879702866453166052e+02
2.886503928289674263e+02
2.889978951204909663e+02
2.908470634110214519e+02
2.889967493151137319e+02
2.859674937496046141e+02
2.873374912190673172e+02
2.905227534910948179e+02
2.888507631048452708e+02
2.870078305669757128e+02
2.880627027281588539e+02
2.876151410333038143e+02
2.898387164063469186e+02
2.893069743562217582e+02
2.893979064241227661e+02
2.886503928289674263e+02
2.899076809170315414e+02
2.889085805986460969e+02
2.867345866089249284e+02
2.894263409515216381e+02
2.865413489298383070e+02
2.880627027281588539e+02
2.886807508408209060e+02
2.859181679216518432e+02
2.870022820391681648e+02
2.859181679216518432e+02
2.875499373536957819e+02
2.867800163119986792e+02
2.883728989906346669e+02
2.880447951743175281e+02
2.905709511697101561e+02
2.886523671782633187e+02
2.899076809170315414e+02
2.883728989906346669e+02
2.876151410333038143e+02
2.864316602419495439e+02
2.873128363976172182e+02
2.884423707151129861e+02
2.867345866089249284e+02
2.881681536256038498e+02
2.869540371300571451e+02
2.869652661319535696e+02
2.879702866453166052e+02
2.863018155435556764e+02
2.862398119796463334e+02
2.898085483952447134e+02
2.873156800610256028e+02
2.880627027281588539e+02
2.880758659508488790e+02
2.895537280147413526e+02
2.879188215812651492e+02
2.880627027281588539e+02
2.883102516176516588e+02
2.876778956669447780e+02
2.885752828831752481e+02
2.882344676627303102e+02
2.891393697636113416e+02
2.879702866453166052e+02
2.885637407746472149e+02
2.880627027281588539e+02
2.867800163119986792e+02
2.876960652903579216e+02
2.870528935307257825e+02
2.875888661920921550e+02
2.882888772838878140e+02
2.903917733874426403e+02
2.857688002426926914e+02
2.860468558931099210e+02
2.857688002426926914e+02
2.864316602419495439e+02
2.873156800610256028e+02
2.862463826911109663e+02
2.862266027056432449e+02
2.869652661319535696e+02
2.895397946874631430e+02
2.880758659508488790e+02
2.845814854580405040e+02
2.868471266920989819e+02
2.895397946874631430e+02
2.868461955254898044e+02
2.880627027281588539e+02
2.883102516176516588e+02
2.876778956669447780e+02
2.882888772838878140e+02
2.867229615319319009e+02
2.872179139097113421e+02
2.879507132181423685e+02
2.896390746786503314e+02
2.861468364810439198e+02
2.882465702249181732e+02
2.873374912190673172e+02
2.867229615319319009e+02
2.860014327097973137e+02
2.886690926915969158e+02
2.883102516176516588e+02
2.883102516176516588e+02
2.877151209010281718e+02
2.880710460383163536e+02
2.885173572208615269e+02
2.860826747160521677e+02
2.867800163119986792e+02
2.870078305669757128e+02
2.895537280147413526e+02
2.874061966435602926e+02
2.869540371300571451e+02
2.879942832947726288e+02
2.877431510390745188e+02
2.895404075199437557e+02
2.904193079039122836e+02
2.877612685466521611e+02
2.904776544061055006e+02
2.866906641065713757e+02
2.879702866453166052e+02
2.887108109760633283e+02
2.866175093990986511e+02
2.883102516176516588e+02
2.865843916783356917e+02
2.882344676627303102e+02
2.863340121107095229e+02
2.868461955254898044e+02
2.874654535033982370e+02
2.880758659508488790e+02
2.880710460383163536e+02
2.898387164063469186e+02
2.879942832947726288e+02
2.897719420816664524e+02
2.877547425520833144e+02
2.867861913107032592e+02
2.877547425520833144e+02
2.879702866453166052e+02
2.871581335155754005e+02
2.877612685466521611e+02
2.870078305669757128e+02
2.882344676627303102e+02
2.851210236354197605e+02
2.863743301706591637e+02
2.875836746204224710e+02
2.860826747160521677e+02
2.855898626247604284e+02
2.895537280147413526e+02
2.855144981883959758e+02
2.868461955254898044e+02
2.877547425520833144e+02
2.865843916783356917e+02
2.872170123623458835e+02
2.890773177761006423e+02
2.868461955254898044e+02
2.875499373536957819e+02
2.862805740684115676e+02
2.868461955254898044e+02
2.868461955254898044e+02
2.863834225814741217e+02
2.879702866453166052e+02
2.870078305669757128e+02
2.873156800610256028e+02
2.879035268408580350e+02
2.870883449466574007e+02
2.868471266920989819e+02
2.855767286886659235e+02
2.880420095228884634e+02
2.877151209010281718e+02
2.870364571061938364e+02
2.877547425520833144e+02
2.860826747160521677e+02
2.866175093990986511e+02
2.893979064241227661e+02
2.866175093990986511e+02
2.870078305669757128e+02
2.868323820433071205e+02
2.877547425520833144e+02
2.866569890161740091e+02
2.881772565245586861e+02
2.882518135706563385e+02
2.879942832947726288e+02
2.877547425520833144e+02
2.867962573264908883e+02
2.876151410333038143e+02
2.868471266920989819e+02
2.879942832947726288e+02
2.890369670208026491e+02
2.868060199519746902e+02
2.879188215812651492e+02
2.874629989870018676e+02
2.885835785795268862e+02
2.882518135706563385e+02
2.870485075583712842e+02
2.879942832947726288e+02
2.891532638150511616e+02
2.874654535033982370e+02
2.872170123623458835e+02
2.870078305669757128e+02
2.876204753238038165e+02
2.885261082861118780e+02
2.862005364153822029e+02
2.883334763244620262e+02
2.870078305669757128e+02
2.877547425520833144e+02
2.885128581064738569e+02
2.877547425520833144e+02
2.883334763244620262e+02
2.860970545608799966e+02
2.872233365135369354e+02
2.864676473158804129e+02
2.850899970797987635e+02
2.856651416821235330e+02
2.862805740684115676e+02
2.851027681015366966e+02
2.887897088032547117e+02
2.880710460383163536e+02
2.852529143672991836e+02
2.872635678213159167e+02
2.858708975613929510e+02
2.883694775552762053e+02
2.890802483283086985e+02
2.859674937496046141e+02
2.904353295222778684e+02
2.876151410333038143e+02
2.868461955254898044e+02
2.885752828831752481e+02
2.903090373454510882e+02
2.882344676627303102e+02
2.882264050494709409e+02
2.881772565245586861e+02
2.888290866553856517e+02
2.873374912190673172e+02
2.885128581064738569e+02
2.886523671782633187e+02
2.876204753238038165e+02
2.887355960313486207e+02
2.862167100767133547e+02
2.870078305669757128e+02
2.855777146334119152e+02
2.877547425520833144e+02
2.878116054221109152e+02
2.855898626247604284e+02
2.857742541750382088e+02
2.872170123623458835e+02
2.872635678213159167e+02
2.870078305669757128e+02
2.882264050494709409e+02
2.883334763244620262e+02
2.883334763244620262e+02
2.900245273261442662e+02
2.883334763244620262e+02
2.885128581064738569e+02
2.876151410333038143e+02
2.875888661920921550e+02
2.873374912190673172e+02
2.876151410333038143e+02
2.859181679216518432e+02
2.886690926915969158e+02
2.883102516176516588e+02
2.877431510390745188e+02
2.861989823653101439e+02
2.871581335155754005e+02
2.875499373536957819e+02
2.864316602419495439e+02
2.867800163119986792e+02
2.862266027056432449e+02
2.880447951743175281e+02
2.879702866453166052e+02
2.867345866089249284e+02
2.868471266920989819e+02
2.877612685466521611e+02
2.868471266920989819e+02
2.865843916783356917e+02
2.870078305669757128e+02
2.885128581064738569e+02
2.871581335155754005e+02
2.887922903188330110e+02
2.909825333079804750e+02
2.885128581064738569e+02
2.875888661920921550e+02
2.883102516176516588e+02
2.869652661319535696e+02
2.849863249399952565e+02
2.877547425520833144e+02
2.872125139886962870e+02
2.877547425520833144e+02
2.880420095228884634e+02
2.873128363976172182e+02
2.862398119796463334e+02
2.868461955254898044e+02
2.867962573264908883e+02
2.855898626247604284e+02
2.872635678213159167e+02
2.876204753238038165e+02
2.877547425520833144e+02
2.868461955254898044e+02
2.885128581064738569e+02
2.885128581064738569e+02
2.867186440795292697e+02
2.854156698311045943e+02
2.853222166193657472e+02
2.885128581064738569e+02
2.870078305669757128e+02
2.870078305669757128e+02
2.868471266920989819e+02
2.885128581064738569e+02
2.859181679216518432e+02
2.857880214438503117e+02
2.864676473158804129e+02
2.864676473158804129e+02
2.870078305669757128e+02
2.864676473158804129e+02
2.847394797475974997e+02
2.859674937496046141e+02
2.868060199519746902e+02
2.853222166193657472e+02
2.868323820433071205e+02
2.859674937496046141e+02
2.866175093990986511e+02
2.862805740684115676e+02
2.859674937496046141e+02
2.868471266920989819e+02
2.868042681421855491e+02
2.874218126061458065e+02
2.860826747160521677e+02
2.859674937496046141e+02
2.856371187820927275e+02
2.881681536256038498e+02
2.880758659508488790e+02
2.868461955254898044e+02
2.874218126061458065e+02
2.860826747160521677e+02
2.868471266920989819e+02
2.859674937496046141e+02
2.872635678213159167e+02
2.872170123623458835e+02
2.872635678213159167e+02
2.868461955254898044e+02
2.868461955254898044e+02
2.876151410333038143e+02
2.869652661319535696e+02
2.855767286886659235e+02
2.848448935872775110e+02
2.851027681015366966e+02
2.856371187820927275e+02
2.867229615319319009e+02
2.865843916783356917e+02
2.876151410333038143e+02
2.876204753238038165e+02
2.876151410333038143e+02
2.876816051152347882e+02
2.862005364153822029e+02
2.886425670872620799e+02
2.866026977988157682e+02
2.904675710856731712e+02
2.898387164063469186e+02
2.876816051152347882e+02
2.870364571061938364e+02
2.886503928289674263e+02
2.872125139886962870e+02
2.855144981883959758e+02
2.884423707151129861e+02
2.898085483952447134e+02
2.883715352374705390e+02
2.883728989906346669e+02
2.870078305669757128e+02
2.873374912190673172e+02
2.863834225814741217e+02
2.860826747160521677e+02
2.869600753969299944e+02
2.876204753238038165e+02
2.867229615319319009e+02
2.873128363976172182e+02
2.868461955254898044e+02
2.856096180850037172e+02
2.874218126061458065e+02
2.872056307041509626e+02
2.877547425520833144e+02
2.868434663562869673e+02
2.866569890161740091e+02
2.871581335155754005e+02
2.868471266920989819e+02
2.868461955254898044e+02
2.857742541750382088e+02
2.859181679216518432e+02
2.863743301706591637e+02
2.885752828831752481e+02
2.877547425520833144e+02
2.889978951204909663e+02
2.895677537562786483e+02
2.885128581064738569e+02
2.862167100767133547e+02
2.867229615319319009e+02
2.870078305669757128e+02
2.893612584044478808e+02
2.875888661920921550e+02
2.873128363976172182e+02
2.864055655457463558e+02
2.867861913107032592e+02
2.868471266920989819e+02
2.865843916783356917e+02
2.877547425520833144e+02
2.866569890161740091e+02
2.868461955254898044e+02
2.857448045657120019e+02
2.882344676627303102e+02
2.870078305669757128e+02
2.873128363976172182e+02
2.866569890161740091e+02
2.851027681015366966e+02
2.884225858902399295e+02
2.882264050494709409e+02
2.868323820433071205e+02
2.876816051152347882e+02
2.868471266920989819e+02
2.883102516176516588e+02
2.887355960313486207e+02
2.883728989906346669e+02
2.879942832947726288e+02
2.868471266920989819e+02
2.865362837294665610e+02
2.891393697636113416e+02
2.883102516176516588e+02
2.880627027281588539e+02
2.888799790165141417e+02
2.876151410333038143e+02
2.872635678213159167e+02
2.884423707151129861e+02
2.896970398280782319e+02
2.866569890161740091e+02
2.876151410333038143e+02
2.889348049030247694e+02
2.875888661920921550e+02
2.890185074883905259e+02
2.874477663099531242e+02
2.892362466181206742e+02
2.888507631048452708e+02
2.872170123623458835e+02
2.876151410333038143e+02
2.868323820433071205e+02
2.887108109760633283e+02
2.874218126061458065e+02
2.871581335155754005e+02
2.883334763244620262e+02
2.884356390989613033e+02
2.890802483283086985e+02
2.876151410333038143e+02
2.870022820391681648e+02
2.880627027281588539e+02
2.879188215812651492e+02
2.877151209010281718e+02
2.868323820433071205e+02
2.888507631048452708e+02
2.870485075583712842e+02
2.879702866453166052e+02
2.872170123623458835e+02
2.893612584044478808e+02
2.872233365135369354e+02
2.883102516176516588e+02
2.872635678213159167e+02
2.889967493151137319e+02
2.866175093990986511e+02
2.889348997617491932e+02
2.885261082861118780e+02
2.892362466181206742e+02
2.884225858902399295e+02
2.892362466181206742e+02
2.878116054221109152e+02
2.888290866553856517e+02
2.879942832947726288e+02
2.878116054221109152e+02
2.898387164063469186e+02
2.885752828831752481e+02
2.872635678213159167e+02
2.894803565091725659e+02
2.867962573264908883e+02
2.879035268408580350e+02
2.885835785795268862e+02
2.898387164063469186e+02
2.882518135706563385e+02
2.882518135706563385e+02
2.890185074883905259e+02
2.891755110785027227e+02
2.878116054221109152e+02
2.868461955254898044e+02
2.862322283029457139e+02
2.858708975613929510e+02
2.880758659508488790e+02
2.874293964059698965e+02
2.897454374484692607e+02
2.890185074883905259e+02
2.897068414311560218e+02
2.884225858902399295e+02
2.887897088032547117e+02
2.907813305887501087e+02
2.868471266920989819e+02
2.872635678213159167e+02
2.881681536256038498e+02
2.887897088032547117e+02
2.874753000284013069e+02
2.883715352374705390e+02
2.858708975613929510e+02
2.857742541750382088e+02
2.864055655457463558e+02
2.882264050494709409e+02
2.862005364153822029e+02
2.868471266920989819e+02
2.873156800610256028e+02
2.890802483283086985e+02
2.880420095228884634e+02
2.851084084585566529e+02
2.847727836506606991e+02
2.849104522450252830e+02
2.849802848648939744e+02
2.846078852607937506e+02
2.850110669094451055e+02
2.855415035886053374e+02
2.862310895068421814e+02
2.855705472835870182e+02
2.864054221119259864e+02
2.893353657428849033e+02
2.879565413657526278e+02
2.894202799921075666e+02
2.878835202847810706e+02
2.860379656246444711e+02
2.879942832947726288e+02
2.860379656246444711e+02
2.874753000284013069e+02
2.882264050494709409e+02
2.881681536256038498e+02
2.894803565091725659e+02
2.884225858902399295e+02
2.903072812371179339e+02
2.878806632705696416e+02
2.891499995594199959e+02
2.870078305669757128e+02
2.875836746204224710e+02
2.882008403151954212e+02
2.868323820433071205e+02
2.878312096246345391e+02
2.862005364153822029e+02
2.860026234007328299e+02
2.889978951204909663e+02
2.883334763244620262e+02
2.893111991614795215e+02
2.892362466181206742e+02
2.879942832947726288e+02
2.892283704096470274e+02
2.870485075583712842e+02
2.888031095123605496e+02
2.865843916783356917e+02
2.894803565091725659e+02
2.888290866553856517e+02
2.874629989870018676e+02
2.903917733874426403e+02
2.878116054221109152e+02
2.889348997617491932e+02
2.879942832947726288e+02
2.856428291901384569e+02
2.895404075199437557e+02
2.864055655457463558e+02
2.879188215812651492e+02
2.877547425520833144e+02
2.885835785795268862e+02
2.883694775552762053e+02
2.885446110039985115e+02
2.898424338264140943e+02
2.900612420769325581e+02
2.901185607515839138e+02
2.866026977988157682e+02
2.902469279773733319e+02
2.888799790165141417e+02
2.908070780820750088e+02
2.888031095123605496e+02
2.908070780820750088e+02
2.883694775552762053e+02
2.904976164485018444e+02
2.883694775552762053e+02
2.896181118933454286e+02
2.889018585044829592e+02
2.904353295222778684e+02
2.911453140663651311e+02
2.882008403151954212e+02
2.890802483283086985e+02
2.886523671782633187e+02
2.879942832947726288e+02
2.889967493151137319e+02
2.888799790165141417e+02
2.906802473982494917e+02
2.883694775552762053e+02
2.912641953823053313e+02
2.897159747822917666e+02
2.910101608340374924e+02
2.903917733874426403e+02
2.898806868783449318e+02
2.907295958211016682e+02
2.890185074883905259e+02
2.909825333079804750e+02
2.892401979573212429e+02
2.892401979573212429e+02
2.887355960313486207e+02
2.878312096246345391e+02
2.892283704096470274e+02
2.885261082861118780e+02
2.880758659508488790e+02
2.894202799921075666e+02
2.912289547103769110e+02
2.887355960313486207e+02
2.905665375835651503e+02
2.895677537562786483e+02
2.912289547103769110e+02
2.909578886108976690e+02
2.888507631048452708e+02
2.879942832947726288e+02
2.888507631048452708e+02
2.903409049535904956e+02
2.902164716784972143e+02
2.886523671782633187e+02
2.891755110785027227e+02
2.901464402242291953e+02
2.886425670872620799e+02
2.860970545608799966e+02
2.874218126061458065e+02
2.873374912190673172e+02
2.859674937496046141e+02
2.893111991614795215e+02
2.874218126061458065e+02
2.852529143672991836e+02
2.882518135706563385e+02
2.876151410333038143e+02
2.879188215812651492e+02
2.886395551402772526e+02
2.888290866553856517e+02
2.870078305669757128e+02
2.881772565245586861e+02
2.883334763244620262e+02
2.887897088032547117e+02
2.893979064241227661e+02
2.880209792497195167e+02
2.880758659508488790e+02
2.891532638150511616e+02
2.882264050494709409e+02
2.872170123623458835e+02
2.887108109760633283e+02
2.870485075583712842e+02
2.863834225814741217e+02
2.887922903188330110e+02
2.889978951204909663e+02
2.888540205265487657e+02
2.877547425520833144e+02
2.883728989906346669e+02
2.887922903188330110e+02
2.906027835631176117e+02
2.886523671782633187e+02
2.892864655493765440e+02
2.900240217509556260e+02
2.890369670208026491e+02
2.899297347607109714e+02
2.885835785795268862e+02
2.896970398280782319e+02
2.889247867887119696e+02
2.894202799921075666e+02
2.907295958211016682e+02
2.898424338264140943e+02
2.901484434305789364e+02
2.897068414311560218e+02
2.909790726725613581e+02
2.881772565245586861e+02
2.890823051062757827e+02
2.871899707941493602e+02
2.862463826911109663e+02
2.868471266920989819e+02
2.874061966435602926e+02
2.850680505813206196e+02
2.879702866453166052e+02
2.888799790165141417e+02
2.889967493151137319e+02
2.879035268408580350e+02
2.880420095228884634e+02
2.870528935307257825e+02
2.877612685466521611e+02
2.904193079039122836e+02
2.880710460383163536e+02
2.899076809170315414e+02
2.889967493151137319e+02
2.906762641219044099e+02
2.912289547103769110e+02
2.908808090153137300e+02
2.893111991614795215e+02
2.906755892627191429e+02
2.897507632311005636e+02
2.906401667339169990e+02
2.889978951204909663e+02
2.881681536256038498e+02
2.877612685466521611e+02
2.872635678213159167e+02
2.874218126061458065e+02
2.880420095228884634e+02
2.877547425520833144e+02
2.895397946874631430e+02
2.889348997617491932e+02
2.890773177761006423e+02
2.895677537562786483e+02
2.907958498611515097e+02
2.892362466181206742e+02
2.906755892627191429e+02
2.873128363976172182e+02
2.850868034700256430e+02
2.858142668084458933e+02
2.880758659508488790e+02
2.882344676627303102e+02
2.905776441392660558e+02
2.882344676627303102e+02
2.878420602239735899e+02
2.868471266920989819e+02
2.909943641436109942e+02
2.895677537562786483e+02
2.864847695112130737e+02
2.859181679216518432e+02
2.899990666568050415e+02
2.911249533489784653e+02
2.904193079039122836e+02
2.895537280147413526e+02
2.897507632311005636e+02
2.898085483952447134e+02
2.909943641436109942e+02
2.877612685466521611e+02
2.879188215812651492e+02
2.887922903188330110e+02
2.876151410333038143e+02
2.899076809170315414e+02
2.892362466181206742e+02
2.905776441392660558e+02
2.906762641219044099e+02
2.880627027281588539e+02
2.857688002426926914e+02
2.856831312569708530e+02
2.862463826911109663e+02
2.880627027281588539e+02
2.870364571061938364e+02
2.884356390989613033e+02
2.856831312569708530e+02
2.873156800610256028e+02
2.894903126086904877e+02
2.893612584044478808e+02
2.907958498611515097e+02
2.868434663562869673e+02
2.872179139097113421e+02
2.853471943248292746e+02
2.865362837294665610e+02
2.886690926915969158e+02
2.865286854192376609e+02
2.865286854192376609e+02
2.876151410333038143e+02
2.891393697636113416e+02
2.880420095228884634e+02
2.886807508408209060e+02
2.867229615319319009e+02
2.864057082469536226e+02
2.866035441327687181e+02
2.865109596588818022e+02
2.874629989870018676e+02
2.863270157586038636e+02
2.879035268408580350e+02
2.875499373536957819e+02
2.862322283029457139e+02
2.874629989870018676e+02
2.865413489298383070e+02
2.871581335155754005e+02
2.899990666568050415e+02
2.862398119796463334e+02
2.868471266920989819e+02
2.871899707941493602e+02
2.889348997617491932e+02
2.870022820391681648e+02
2.846513007721567305e+02
2.876204753238038165e+02
2.867861913107033160e+02
2.887922903188330110e+02
2.870364571061938364e+02
2.866175093990986511e+02
2.882432527080233626e+02
2.874218126061458065e+02
2.864676473158804129e+02
2.878116054221109152e+02
2.872635678213159167e+02
2.872170123623458835e+02
2.881681536256038498e+02
2.883715352374705390e+02
2.885128581064738569e+02
2.868323820433071205e+02
2.880420095228884634e+02
2.889348997617491932e+02
2.862005364153822029e+02
2.862805740684115676e+02
2.849663796223454710e+02
2.879942832947726288e+02
2.898424338264140943e+02
2.885835785795268862e+02
2.879188215812651492e+02
2.858747464782086354e+02
2.862805740684115676e+02
2.872125139886962870e+02
2.868461955254898044e+02
2.888540205265487657e+02
2.880758659508488790e+02
2.874477663099531242e+02
2.863834225814741217e+02
2.867962573264908883e+02
2.879188215812651492e+02
2.872635678213159167e+02
2.883694775552762053e+02
2.882264050494709409e+02
2.866026977988157682e+02
2.864847695112130737e+02
2.890823051062757827e+02
2.891755110785027227e+02
2.899930692831068200e+02
2.873128363976172182e+02
2.891414314758731052e+02
2.887108109760633283e+02
2.879942832947726288e+02
2.877547425520833144e+02
2.881007036175851681e+02
2.875836746204224710e+02
2.862266027056432449e+02
2.870696786668496543e+02
2.885173572208615269e+02
2.893979064241227661e+02
2.890185074883905259e+02
2.860970545608799966e+02
2.861680787342323811e+02
2.874477663099531242e+02
2.887355960313486207e+02
2.884423707151129861e+02
2.877547425520833144e+02
2.867345866089249284e+02
2.870078305669757128e+02
2.861680787342323811e+02
2.865362837294665610e+02
2.878806632705696416e+02
2.881681536256038498e+02
2.880758659508488790e+02
2.872635678213159167e+02
2.873128363976172182e+02
2.872170123623458835e+02
2.879035268408580350e+02
2.872635678213159167e+02
2.874218126061458065e+02
2.874218126061458065e+02
2.879188215812651492e+02
2.874293964059698965e+02
2.870485075583712842e+02
2.878806632705696416e+02
2.880420095228884634e+02
2.867962573264908883e+02
2.867345866089249284e+02
2.855898626247604284e+02
2.876151410333038143e+02
2.876204753238038165e+02
2.866035441327687181e+02
2.867962573264908883e+02
2.878420602239735899e+02
2.868471266920989819e+02
2.878420602239735899e+02
2.870078305669757128e+02
2.876151410333038143e+02
2.886705263777287200e+02
2.885128581064738569e+02
2.877547425520833144e+02
2.866569890161740091e+02
2.862266027056432449e+02
2.892362466181206742e+02
2.899494971144727629e+02
2.883715352374705390e+02
2.876151410333038143e+02
2.874218126061458065e+02
2.864061702674954404e+02
2.864676473158804129e+02
2.864061702674954404e+02
2.886523671782633187e+02
2.878806632705696416e+02
2.871581335155754005e+02
2.858142668084458933e+02
2.861680787342323811e+02
2.871962165786206924e+02
2.879188215812651492e+02
2.888031095123605496e+02
2.876151410333038143e+02
2.868323820433071205e+02
2.876816051152347882e+02
2.866026977988157682e+02
2.880420095228884634e+02
2.890369670208026491e+02
2.875836746204224710e+02
2.874293964059698965e+02
2.884911305660547214e+02
2.885261082861118780e+02
2.889967493151137319e+02
2.884911305660547214e+02
2.874629989870018676e+02
2.857448045657120019e+02
2.885752828831752481e+02
2.870485075583712842e+02
2.879942832947726288e+02
2.886690926915969158e+02
2.878116054221109152e+02
2.875873440452515410e+02
2.887922903188330110e+02
2.863659824596528551e+02
2.895677537562786483e+02
2.901342945878862452e+02
2.865362837294665610e+02
2.870022820391681648e+02
2.876204753238038165e+02
2.874061966435602926e+02
2.885835785795268862e+02
2.885835785795268862e+02
2.883334763244620262e+02
2.874654535033982370e+02
2.874654535033982370e+02
2.885173572208615269e+02
2.885752828831752481e+02
2.875873440452515410e+02
2.883334763244620262e+02
2.862398119796463334e+02
2.880758659508488790e+02
2.881772565245586861e+02
2.861680787342323811e+02
2.874061966435602926e+02
2.879035268408580350e+02
2.878312096246345391e+02
2.860970545608799966e+02
2.882264050494709409e+02
2.862805740684115676e+02
2.857742541750382088e+02
2.883334763244620262e+02
2.877547425520833144e+02
2.862005364153822029e+02
2.854514864082022427e+02
2.887897088032547117e+02
2.882264050494709409e+02
2.876204753238038165e+02
2.883715352374705390e+02
2.880420095228884634e+02
2.882264050494709409e+02
2.862805740684115676e+02
2.876204753238038165e+02
2.870364571061938364e+02
2.878116054221109152e+02
2.870078305669757128e+02
2.876204753238038165e+02
2.883334763244620262e+02
2.860026234007328299e+02
2.874753000284013069e+02
2.885261082861118780e+02
2.884911305660547214e+02
2.878806632705696416e+02
2.888031095123605496e+02
2.897159747822917666e+02
2.890185074883905259e+02
2.881681536256038498e+02
2.890802483283086985e+02
2.883334763244620262e+02
2.886523671782633187e+02
2.889348049030247694e+02
2.870364571061938364e+02
2.883715352374705390e+02
2.884225858902399295e+02
2.849863249399952565e+02
2.879942832947726288e+02
2.874753000284013069e+02
2.861680787342323811e+02
2.881681536256038498e+02
2.855777146334119152e+02
2.880758659508488790e+02
2.859296107224423054e+02
2.878312096246345391e+02
2.885261082861118780e+02
2.894202799921075666e+02
2.887355960313486207e+02
2.870078305669757128e+02
2.884911305660547214e+02
2.868323820433071205e+02
2.866026977988157682e+02
2.864055655457463558e+02
2.884225858902399295e+02
2.887355960313486207e+02
2.890369670208026491e+02
2.868000268769081345e+02
2.879565413657526278e+02
2.882008403151954212e+02
2.882008403151954212e+02
2.874293964059698965e+02
2.880710460383163536e+02
2.885835785795268862e+02
2.889247867887119696e+02
2.890589100885915741e+02
2.853412298542822896e+02
2.860820226060176310e+02
2.853385837705034191e+02
2.885446110039985115e+02
2.883694775552762053e+02
2.885261082861118780e+02
2.887501418565366293e+02
2.889247867887119696e+02
2.878116054221109152e+02
2.886705263777287200e+02
2.872635678213159167e+02
2.880710460383163536e+02
2.886546937383315026e+02
2.892401979573212429e+02
2.891532638150511616e+02
2.899198006360221029e+02
2.882008403151954212e+02
2.886705263777287200e+02
2.891810067827633475e+02
2.891414314758731052e+02
2.888031095123605496e+02
2.890369670208026491e+02
2.890369670208026491e+02
2.886705263777287200e+02
2.890369670208026491e+02
2.890369670208026491e+02
2.885835785795268862e+02
2.885835785795268862e+02
2.884225858902399295e+02
2.890369670208026491e+02
2.882008403151954212e+02
2.891414314758731052e+02
2.889018585044829592e+02
2.895227364352910513e+02
2.892219000190447673e+02
2.892219000190447673e+02
2.891414314758731052e+02
2.894202799921075666e+02
2.885835785795268862e+02
2.888799790165141417e+02
2.890369670208026491e+02
2.894289526695006316e+02
2.890185074883905259e+02
2.886425670872620799e+02
2.892864655493765440e+02
2.888799790165141417e+02
2.895566348305159750e+02
2.883102516176516588e+02
2.894803565091725659e+02
2.893111991614795215e+02
2.904353295222778684e+02
