2.879642982698420042e+02
2.840923128871972381e+02
2.876413581415222893e+02
2.889344583833926663e+02
2.870963239564796368e+02
2.887454989987029421e+02
2.870963239564796368e+02
2.859605863597781763e+02
2.868300315006325718e+02
2.869677184742460554e+02
2.873501237901423906e+02
2.875342953348487072e+02
2.882253286483182819e+02
2.870811389827309767e+02
2.902140731742944126e+02
2.865105032591221175e+02
2.899798763392286105e+02
2.879173645162298953e+02
2.868096742632474729e+02
2.900765955258512463e+02
2.865256940553686604e+02
2.874937344353969593e+02
2.869233686456037162e+02
2.873501237901423906e+02
2.871972422008247463e+02
2.854631892796022612e+02
2.889723211897893975e+02
2.868125900033994071e+02
2.890042160545843331e+02
2.874353120084782063e+02
2.876814765289971092e+02
2.873537363434061831e+02
2.838212516160484142e+02
2.876981099431656617e+02
2.933410747639996998e+02
2.880669175421961086e+02
2.880930174312653094e+02
2.868300315006325718e+02
2.860515881965592939e+02
2.864902184596739971e+02
2.882426297950265734e+02
2.871972422008247463e+02
2.895086861164699030e+02
2.884023097473910298e+02
2.868406431356396524e+02
2.857209529354259985e+02
2.862477962385671049e+02
2.875180746094561073e+02
2.876075704478636794e+02
2.899798763392286105e+02
2.882394376467436246e+02
2.880930174312653094e+02
2.874612649264398669e+02
2.879173645162298953e+02
2.879173645162298953e+02
2.879076175374957529e+02
2.871972422008247463e+02
2.875690510618931057e+02
2.859605863597781763e+02
2.876981099431656617e+02
2.871264846212880002e+02
2.879173645162298953e+02
2.875180746094561073e+02
2.883477213659667200e+02
2.877269891574258054e+02
2.879173645162298953e+02
2.870963239564796368e+02
2.871972422008247463e+02
2.871972422008247463e+02
2.869233686456037162e+02
2.879642982698420042e+02
2.879173645162298953e+02
2.871401819787828913e+02
2.864351967839452868e+02
2.868406431356396524e+02
2.861905862934667653e+02
2.889406646002905177e+02
2.871348935388593873e+02
2.876961428199746251e+02
2.883287017812521071e+02
2.872054707496151309e+02
2.862213093333277243e+02
2.879324946799749796e+02
2.878123840257967458e+02
2.871264846212880002e+02
2.838212516160484142e+02
2.880930174312653094e+02
2.874937344353969593e+02
2.873501237901423906e+02
2.862231775906434450e+02
2.871972422008247463e+02
2.895048445346493509e+02
2.870668744414902562e+02
2.862213093333277243e+02
2.873537363434061831e+02
2.883477213659667200e+02
2.875180746094561073e+02
2.879642982698420042e+02
2.875690510618931057e+02
2.871972422008247463e+02
2.870119293428351170e+02
2.884023097473910298e+02
2.877864609647511998e+02
2.887857827680621767e+02
2.878123840257967458e+02
2.874142067322499656e+02
2.873208864569265302e+02
2.882160904596069599e+02
2.876814765289971092e+02
2.873537363434061831e+02
2.894314069976145447e+02
2.862231775906434450e+02
2.868300315006325718e+02
2.873208864569265302e+02
2.875713251992705182e+02
2.875713251992705182e+02
2.872054707496151309e+02
2.871972422008247463e+02
2.888596063845697017e+02
2.881468776856515319e+02
2.891703562910022356e+02
2.871955669019662309e+02
2.882160904596069599e+02
2.877864609647511998e+02
2.882253286483182819e+02
2.908098176163978792e+02
2.882394266009216039e+02
2.883477213659667200e+02
2.888356915090884058e+02
2.901330478556141657e+02
2.876245534501240400e+02
2.875428825084107984e+02
2.889406646002905177e+02
2.900765955258512463e+02
2.900422158645443460e+02
2.880930174312653094e+02
2.882951948117914753e+02
2.867749577341792815e+02
2.877864609647511998e+02
2.884023097473910298e+02
2.869677184742460554e+02
2.876981099431656617e+02
2.892108497838461290e+02
2.900422158645443460e+02
2.892108497838461290e+02
2.887325541482161384e+02
2.870243001898684270e+02
2.882253286483182819e+02
2.858678456376983945e+02
2.900765955258512463e+02
2.901769880975547267e+02
2.893934577322959285e+02
2.876245534501240400e+02
2.876981099431656617e+02
2.867287577369612563e+02
2.876507744611125190e+02
2.876245534501240400e+02
2.888891624653308554e+02
2.890673679549839790e+02
2.876119181453045144e+02
2.888712959590919240e+02
2.880810172110175245e+02
2.870119293428351170e+02
2.882253286483182819e+02
2.882160904596069599e+02
2.876507744611125190e+02
2.876981099431656617e+02
2.886204050276065232e+02
2.877354209781179293e+02
2.876245534501240400e+02
2.886204050276065232e+02
2.873535094605412041e+02
2.880810172110175245e+02
2.876245534501240400e+02
2.878971438852086067e+02
2.876245534501240400e+02
2.887857827680621767e+02
2.888115079421501150e+02
2.892108497838461290e+02
2.888571418543909886e+02
2.883762615537111742e+02
2.864902184596739971e+02
2.877278678678036385e+02
2.883762615537111742e+02
2.873535094605412041e+02
2.876981099431656617e+02
2.895198886460934773e+02
2.871972422008247463e+02
2.875713251992705182e+02
2.889106415932784557e+02
2.893180268968616815e+02
2.880647206619767076e+02
2.874353120084782063e+02
2.882160904596069599e+02
2.876119181453045144e+02
2.889172124171161613e+02
2.891338325809058460e+02
2.892268876105354138e+02
2.889172124171161613e+02
2.882160904596069599e+02
2.900870905363427141e+02
2.894536232246557574e+02
2.875713251992705182e+02
2.874353120084782063e+02
2.883287017812521071e+02
2.893268094731369047e+02
2.893907008829040137e+02
2.875180746094561073e+02
2.879076175374957529e+02
2.883762615537111742e+02
2.888829296782200799e+02
2.880810172110175245e+02
2.895089411925018794e+02
2.882160904596069599e+02
2.875713251992705182e+02
2.872054707496151309e+02
2.886118610974831995e+02
2.892108497838461290e+02
2.876981099431656617e+02
2.871264846212880002e+02
2.893674563749111144e+02
2.883287017812521071e+02
2.876245534501240400e+02
2.899798763392286105e+02
2.882394266009216039e+02
2.900765955258512463e+02
2.882951948117914753e+02
2.900422158645443460e+02
2.894110541840927340e+02
2.889106415932784557e+02
2.888356915090884058e+02
2.894536232246557574e+02
2.877248043600927190e+02
2.884023097473910298e+02
2.892979871550401185e+02
2.902112349267417244e+02
2.860135375800880411e+02
2.869999027192251333e+02
2.859056006114165598e+02
2.891834469467054305e+02
2.898450451899223594e+02
2.893180268968616815e+02
2.866256175549285672e+02
2.888115079421501150e+02
2.870508846257377513e+02
2.907457187647610795e+02
2.876245534501240400e+02
2.907691670788713623e+02
2.891657339831037348e+02
2.889406646002905177e+02
2.869233686456037162e+02
2.893934577322959285e+02
2.886265298874255336e+02
2.907557529835834771e+02
2.877354209781179293e+02
2.884475530089261497e+02
2.904602719653663598e+02
2.901901399440848763e+02
2.874847556652449612e+02
2.888571418543909886e+02
2.882676967257951901e+02
2.894110541840927340e+02
2.891079164328559159e+02
2.901582055566722715e+02
2.905146652001745338e+02
2.882676967257951901e+02
2.893641380631136144e+02
2.877278678678036385e+02
2.891075481458638023e+02
2.876245534501240400e+02
2.907457187647610795e+02
2.883002594037461677e+02
2.891075481458638023e+02
2.900870905363427141e+02
2.894003957515779462e+02
2.868300315006325718e+02
2.906795196002636885e+02
2.893674563749111144e+02
2.890113621798969916e+02
2.907691670788713623e+02
2.891075481458638023e+02
2.876981099431656617e+02
2.892695014820137089e+02
2.874142067322499656e+02
2.895089411925018794e+02
2.882676967257951901e+02
2.883287017812521071e+02
2.889406646002905177e+02
2.890113621798969916e+02
2.874353120084782063e+02
2.893641380631136144e+02
2.882160904596069599e+02
2.875350497820159603e+02
2.909585389532928730e+02
2.870811389827309767e+02
2.912861706312276056e+02
2.873535094605412041e+02
2.891657339831037348e+02
2.843400297147027800e+02
2.879130918115726558e+02
2.884424425977935016e+02
2.902112349267417244e+02
2.869999027192251333e+02
2.900986718442059669e+02
2.884475530089261497e+02
2.908666437451796583e+02
2.884475530089261497e+02
2.889406646002905177e+02
2.887325541482161384e+02
2.889723211897893975e+02
2.874142067322499656e+02
2.902681459003038640e+02
2.873501237901423906e+02
2.907646242437141382e+02
2.892832623225984321e+02
2.910248469232901130e+02
2.882951948117914753e+02
2.910248469232901130e+02
2.893641380631136144e+02
2.874132854389458203e+02
2.908098176163978792e+02
2.901582055566722715e+02
2.882160904596069599e+02
2.900765955258512463e+02
2.891075481458638023e+02
2.878971438852086067e+02
2.881898398188668011e+02
2.886204050276065232e+02
2.880774936168155591e+02
2.908089269274399271e+02
2.894536232246557574e+02
2.887857827680621767e+02
2.904446479750662888e+02
2.925939904480969176e+02
2.909397239578757990e+02
2.871955669019662309e+02
2.887454989987029421e+02
2.883477213659667200e+02
2.859605863597781763e+02
2.870963239564796368e+02
2.861296751103050724e+02
2.858496762261677304e+02
2.887454989987029421e+02
2.895089411925018794e+02
2.908318631125373486e+02
2.894536232246557574e+02
2.901582055566722715e+02
2.894003957515779462e+02
2.871972422008247463e+02
2.868096742632474729e+02
2.911938195978730732e+02
2.882951948117914753e+02
2.888356915090884058e+02
2.893934577322959285e+02
2.892067376366916278e+02
2.892108497838461290e+02
2.882951948117914753e+02
2.880930174312653094e+02
2.888571418543909886e+02
2.876961428199746251e+02
2.882160904596069599e+02
2.872697745180339552e+02
2.885672763346919396e+02
2.894275254075200792e+02
2.869677184742460554e+02
2.866545269743173776e+02
2.862816424402145117e+02
2.902079073062660086e+02
2.884023097473910298e+02
2.876814765289971092e+02
2.870243001898684270e+02
2.884424425977935016e+02
2.877248043600927190e+02
2.910248469232901130e+02
2.892634521239841661e+02
2.908098176163978792e+02
2.882676967257951901e+02
2.907691670788713623e+02
2.882676967257951901e+02
2.889172124171161613e+02
2.876119181453045144e+02
2.867287577369612563e+02
2.879173645162298953e+02
2.876981099431656617e+02
2.882951948117914753e+02
2.886204050276065232e+02
2.890042160545843331e+02
2.888571418543909886e+02
2.910688479105224928e+02
2.886395519679631434e+02
2.891703562910022356e+02
2.894536232246557574e+02
2.874142067322499656e+02
2.893907008829040137e+02
2.888571418543909886e+02
2.868096742632474729e+02
2.878123840257967458e+02
2.882160904596069599e+02
2.890042160545843331e+02
2.871348935388593873e+02
2.890042160545843331e+02
2.886204050276065232e+02
2.874937344353969593e+02
2.877248043600927190e+02
2.893907008829040137e+02
2.885672763346919396e+02
2.893907008829040137e+02
2.882160904596069599e+02
2.902079073062660086e+02
2.890606768911986251e+02
2.880930174312653094e+02
2.892634521239841661e+02
2.931217055373545008e+02
2.888571418543909886e+02
2.912861706312276056e+02
2.892982852153166959e+02
2.925939904480969176e+02
2.891703562910022356e+02
2.933792630885321842e+02
2.901582055566722715e+02
2.830745486781203226e+02
2.899798763392286105e+02
2.893907008829040137e+02
2.882160904596069599e+02
2.879076175374957529e+02
2.875342953348487072e+02
2.882794628588830506e+02
2.876413581415222893e+02
2.899798763392286105e+02
2.871955669019662309e+02
2.893907008829040137e+02
2.889406646002905177e+02
2.900485695794330354e+02
2.873234142861432474e+02
2.883477213659667200e+02
2.888596063845697017e+02
2.900765955258512463e+02
2.926744924468140994e+02
2.889406646002905177e+02
2.870985022515524747e+02
2.881468776856515319e+02
2.905148904549719191e+02
2.889172124171161613e+02
2.876981099431656617e+02
2.876814765289971092e+02
2.884023097473910298e+02
2.894536232246557574e+02
2.895048445346493509e+02
2.890673679549839790e+02
2.888596063845697017e+02
2.902079073062660086e+02
2.889344583833926663e+02
2.867212451825228641e+02
2.898141426004276013e+02
2.869269429638785027e+02
2.876814765289971092e+02
2.887454989987029421e+02
2.868096742632474729e+02
2.870811389827309767e+02
2.868096742632474729e+02
2.871955669019662309e+02
2.870668744414902562e+02
2.891338325809058460e+02
2.882808806641463661e+02
2.925939904480969176e+02
2.886395519679631434e+02
2.902079073062660086e+02
2.891338325809058460e+02
2.884023097473910298e+02
2.877611276970205267e+02
2.869677184742460554e+02
2.882969125427449057e+02
2.867212451825228641e+02
2.882394266009216039e+02
2.879642982698420042e+02
2.877269891574258054e+02
2.883477213659667200e+02
2.868838857697906519e+02
2.859605863597781763e+02
2.900485695794330354e+02
2.874937344353969593e+02
2.876814765289971092e+02
2.887857827680621767e+02
2.901582055566722715e+02
2.880810172110175245e+02
2.876814765289971092e+02
2.883287017812521071e+02
2.876413581415222893e+02
2.895089411925018794e+02
2.900422158645443460e+02
2.893250020038528874e+02
2.883477213659667200e+02
2.880830325306488930e+02
2.876814765289971092e+02
2.870668744414902562e+02
2.872482618623724875e+02
2.875690510618931057e+02
2.880930174312653094e+02
2.873330734815215806e+02
2.904207178393303366e+02
2.859044643827518257e+02
2.861370402639728923e+02
2.859044643827518257e+02
2.877611276970205267e+02
2.874937344353969593e+02
2.868301333410317397e+02
2.869124850001210802e+02
2.877269891574258054e+02
2.898168479284952355e+02
2.887857827680621767e+02
2.847127820550705906e+02
2.879173645162298953e+02
2.898168479284952355e+02
2.871972422008247463e+02
2.876814765289971092e+02
2.883287017812521071e+02
2.876413581415222893e+02
2.873330734815215806e+02
2.871264846212880002e+02
2.879746107372869233e+02
2.881713058329146406e+02
2.894821366244983096e+02
2.862213093333277243e+02
2.882794628588830506e+02
2.881468776856515319e+02
2.871264846212880002e+02
2.861482221469588580e+02
2.892108497838461290e+02
2.883287017812521071e+02
2.883287017812521071e+02
2.880647206619767076e+02
2.884424425977935016e+02
2.891703562910022356e+02
2.868406431356396524e+02
2.870668744414902562e+02
2.876981099431656617e+02
2.901582055566722715e+02
2.875713251992705182e+02
2.879642982698420042e+02
2.882951948117914753e+02
2.875342953348487072e+02
2.894110541840927340e+02
2.909585389532928730e+02
2.880774936168155591e+02
2.903024517367210819e+02
2.869771624662853355e+02
2.883477213659667200e+02
2.888560274949786617e+02
2.873535094605412041e+02
2.883287017812521071e+02
2.869233686456037162e+02
2.900422158645443460e+02
2.858217862986710998e+02
2.871972422008247463e+02
2.878971438852086067e+02
2.887857827680621767e+02
2.884424425977935016e+02
2.894536232246557574e+02
2.882951948117914753e+02
2.899289613188376507e+02
2.882160904596069599e+02
2.874284261905499420e+02
2.882160904596069599e+02
2.883477213659667200e+02
2.875022113049393511e+02
2.880774936168155591e+02
2.876981099431656617e+02
2.900422158645443460e+02
2.859262187493350211e+02
2.874142067322499656e+02
2.880172493571740233e+02
2.868406431356396524e+02
2.860878753474698897e+02
2.901582055566722715e+02
2.863615608699085442e+02
2.871972422008247463e+02
2.882160904596069599e+02
2.869233686456037162e+02
2.874353120084782063e+02
2.893907008829040137e+02
2.871972422008247463e+02
2.871955669019662309e+02
2.873501237901423906e+02
2.871972422008247463e+02
2.871972422008247463e+02
2.870243001898684270e+02
2.883477213659667200e+02
2.876981099431656617e+02
2.874937344353969593e+02
2.883762615537111742e+02
2.872054707496151309e+02
2.879173645162298953e+02
2.858377462495636223e+02
2.882253286483182819e+02
2.880647206619767076e+02
2.873537363434061831e+02
2.882160904596069599e+02
2.868406431356396524e+02
2.873535094605412041e+02
2.890673679549839790e+02
2.873535094605412041e+02
2.876981099431656617e+02
2.868125900033994071e+02
2.882160904596069599e+02
2.875180746094561073e+02
2.882983905810615397e+02
2.882676967257951901e+02
2.882951948117914753e+02
2.882160904596069599e+02
2.875350497820159603e+02
2.884023097473910298e+02
2.879173645162298953e+02
2.882951948117914753e+02
2.891657339831037348e+02
2.869999027192251333e+02
2.880810172110175245e+02
2.879324946799749796e+02
2.887325541482161384e+02
2.882676967257951901e+02
2.874132854389458203e+02
2.882951948117914753e+02
2.891079164328559159e+02
2.878971438852086067e+02
2.874353120084782063e+02
2.876981099431656617e+02
2.876507744611125190e+02
2.884209739242648425e+02
2.870119293428351170e+02
2.888356915090884058e+02
2.876981099431656617e+02
2.882160904596069599e+02
2.886204050276065232e+02
2.882160904596069599e+02
2.888356915090884058e+02
2.864902184596739971e+02
2.877248043600927190e+02
2.868300315006325718e+02
2.858155896561818849e+02
2.859056006114165598e+02
2.873501237901423906e+02
2.867749577341792815e+02
2.888571418543909886e+02
2.884424425977935016e+02
2.862816424402145117e+02
2.876245534501240400e+02
2.865715149500441044e+02
2.884475530089261497e+02
2.894003957515779462e+02
2.870985022515524747e+02
2.901575520684252751e+02
2.884023097473910298e+02
2.871972422008247463e+02
2.895089411925018794e+02
2.901760485692658449e+02
2.900422158645443460e+02
2.884890059933135262e+02
2.882983905810615397e+02
2.892436198012211435e+02
2.881468776856515319e+02
2.886204050276065232e+02
2.886395519679631434e+02
2.876507744611125190e+02
2.886265298874255336e+02
2.863221360003321934e+02
2.876981099431656617e+02
2.857209529354259985e+02
2.882160904596069599e+02
2.888115079421501150e+02
2.860878753474698897e+02
2.860658745063983019e+02
2.874353120084782063e+02
2.876245534501240400e+02
2.876981099431656617e+02
2.884890059933135262e+02
2.888356915090884058e+02
2.888356915090884058e+02
2.898062129567186389e+02
2.888356915090884058e+02
2.886204050276065232e+02
2.884023097473910298e+02
2.880930174312653094e+02
2.881468776856515319e+02
2.884023097473910298e+02
2.868096742632474729e+02
2.892108497838461290e+02
2.883287017812521071e+02
2.875342953348487072e+02
2.863235139191142480e+02
2.875022113049393511e+02
2.871955669019662309e+02
2.877611276970205267e+02
2.870668744414902562e+02
2.869124850001210802e+02
2.882808806641463661e+02
2.883477213659667200e+02
2.867212451825228641e+02
2.879173645162298953e+02
2.880774936168155591e+02
2.879173645162298953e+02
2.869233686456037162e+02
2.876981099431656617e+02
2.886204050276065232e+02
2.875022113049393511e+02
2.893641380631136144e+02
2.905483846548260090e+02
2.886204050276065232e+02
2.880930174312653094e+02
2.883287017812521071e+02
2.877269891574258054e+02
2.852671299492560024e+02
2.882160904596069599e+02
2.878123840257967458e+02
2.882160904596069599e+02
2.882253286483182819e+02
2.869677184742460554e+02
2.859605863597781763e+02
2.871972422008247463e+02
2.875350497820159603e+02
2.860878753474698897e+02
2.876245534501240400e+02
2.876507744611125190e+02
2.882160904596069599e+02
2.871972422008247463e+02
2.886204050276065232e+02
2.886204050276065232e+02
2.835732547473551222e+02
2.863208560315068212e+02
2.859585417184297285e+02
2.886204050276065232e+02
2.876981099431656617e+02
2.876981099431656617e+02
2.879173645162298953e+02
2.886204050276065232e+02
2.868096742632474729e+02
2.860515881965592939e+02
2.868300315006325718e+02
2.868300315006325718e+02
2.876981099431656617e+02
2.868300315006325718e+02
2.853392438201389609e+02
2.870985022515524747e+02
2.869999027192251333e+02
2.859585417184297285e+02
2.868125900033994071e+02
2.870985022515524747e+02
2.873535094605412041e+02
2.873501237901423906e+02
2.870985022515524747e+02
2.879173645162298953e+02
2.835732547473551222e+02
2.877864609647511998e+02
2.868406431356396524e+02
2.870985022515524747e+02
2.865489479217977191e+02
2.882394266009216039e+02
2.887857827680621767e+02
2.871972422008247463e+02
2.877864609647511998e+02
2.868406431356396524e+02
2.879173645162298953e+02
2.870985022515524747e+02
2.876245534501240400e+02
2.874353120084782063e+02
2.876245534501240400e+02
2.871972422008247463e+02
2.871972422008247463e+02
2.884023097473910298e+02
2.877269891574258054e+02
2.858377462495636223e+02
2.852571048684835660e+02
2.867749577341792815e+02
2.865489479217977191e+02
2.871264846212880002e+02
2.869233686456037162e+02
2.884023097473910298e+02
2.876507744611125190e+02
2.884023097473910298e+02
2.877278678678036385e+02
2.870119293428351170e+02
2.887791355769765573e+02
2.870508846257377513e+02
2.900727510091929275e+02
2.894536232246557574e+02
2.877278678678036385e+02
2.873537363434061831e+02
2.888596063845697017e+02
2.878123840257967458e+02
2.863615608699085442e+02
2.882969125427449057e+02
2.900485695794330354e+02
2.885672763346919396e+02
2.891338325809058460e+02
2.876981099431656617e+02
2.881468776856515319e+02
2.870243001898684270e+02
2.868406431356396524e+02
2.873234142861432474e+02
2.876507744611125190e+02
2.871264846212880002e+02
2.869677184742460554e+02
2.871972422008247463e+02
2.863942826681824840e+02
2.877864609647511998e+02
2.874612649264398669e+02
2.882160904596069599e+02
2.871348935388593873e+02
2.875180746094561073e+02
2.875022113049393511e+02
2.879173645162298953e+02
2.871972422008247463e+02
2.860658745063983019e+02
2.868096742632474729e+02
2.874142067322499656e+02
2.895089411925018794e+02
2.882160904596069599e+02
2.900765955258512463e+02
2.903070394786773250e+02
2.886204050276065232e+02
2.863221360003321934e+02
2.871264846212880002e+02
2.876981099431656617e+02
2.899588208539317975e+02
2.880930174312653094e+02
2.869677184742460554e+02
2.869648744295801635e+02
2.881129047289950904e+02
2.879173645162298953e+02
2.869233686456037162e+02
2.882160904596069599e+02
2.875180746094561073e+02
2.871972422008247463e+02
2.857699959979862570e+02
2.900422158645443460e+02
2.876981099431656617e+02
2.869677184742460554e+02
2.875180746094561073e+02
2.867749577341792815e+02
2.882394376467436246e+02
2.884890059933135262e+02
2.868125900033994071e+02
2.877278678678036385e+02
2.879173645162298953e+02
2.883287017812521071e+02
2.886265298874255336e+02
2.891338325809058460e+02
2.882951948117914753e+02
2.879173645162298953e+02
2.865105032591221175e+02
2.893250020038528874e+02
2.883287017812521071e+02
2.876814765289971092e+02
2.888891624653308554e+02
2.884023097473910298e+02
2.876245534501240400e+02
2.882969125427449057e+02
2.893268094731369047e+02
2.875180746094561073e+02
2.884023097473910298e+02
2.889031649645357902e+02
2.880930174312653094e+02
2.890113621798969916e+02
2.875443225915907988e+02
2.891075481458638023e+02
2.889172124171161613e+02
2.874353120084782063e+02
2.884023097473910298e+02
2.868125900033994071e+02
2.888560274949786617e+02
2.877864609647511998e+02
2.875022113049393511e+02
2.888356915090884058e+02
2.890042160545843331e+02
2.894003957515779462e+02
2.884023097473910298e+02
2.870811389827309767e+02
2.876814765289971092e+02
2.880810172110175245e+02
2.880647206619767076e+02
2.868125900033994071e+02
2.889172124171161613e+02
2.874132854389458203e+02
2.883477213659667200e+02
2.874353120084782063e+02
2.899588208539317975e+02
2.877248043600927190e+02
2.883287017812521071e+02
2.876245534501240400e+02
2.889406646002905177e+02
2.873535094605412041e+02
2.889723211897893975e+02
2.884209739242648425e+02
2.891075481458638023e+02
2.882394376467436246e+02
2.891075481458638023e+02
2.888115079421501150e+02
2.892436198012211435e+02
2.882951948117914753e+02
2.888115079421501150e+02
2.894536232246557574e+02
2.895089411925018794e+02
2.876245534501240400e+02
2.892982852153166959e+02
2.875350497820159603e+02
2.883762615537111742e+02
2.887325541482161384e+02
2.894536232246557574e+02
2.882676967257951901e+02
2.882676967257951901e+02
2.890113621798969916e+02
2.899798763392286105e+02
2.888115079421501150e+02
2.871972422008247463e+02
2.865256940553686604e+02
2.865715149500441044e+02
2.887857827680621767e+02
2.875579659047435257e+02
2.901330478556141657e+02
2.890113621798969916e+02
2.893876839072652274e+02
2.882394376467436246e+02
2.888571418543909886e+02
2.903878044656944439e+02
2.879173645162298953e+02
2.876245534501240400e+02
2.882394266009216039e+02
2.888571418543909886e+02
2.874847556652449612e+02
2.885672763346919396e+02
2.865715149500441044e+02
2.860658745063983019e+02
2.869648744295801635e+02
2.884890059933135262e+02
2.870119293428351170e+02
2.879173645162298953e+02
2.874937344353969593e+02
2.894003957515779462e+02
2.882253286483182819e+02
2.857547587976643513e+02
2.851713469863643127e+02
2.844621519512850227e+02
2.844189908038088106e+02
2.839435595877029073e+02
2.844701595829237135e+02
2.858964964701171425e+02
2.860135375800880411e+02
2.871708688337238868e+02
2.859678201951020355e+02
2.891834469467054305e+02
2.876881927539656090e+02
2.892067376366916278e+02
2.872032819624294575e+02
2.863230247995204536e+02
2.882951948117914753e+02
2.863230247995204536e+02
2.874847556652449612e+02
2.884890059933135262e+02
2.882394266009216039e+02
2.892982852153166959e+02
2.882394376467436246e+02
2.901385595632639820e+02
2.876119181453045144e+02
2.889106415932784557e+02
2.876981099431656617e+02
2.880172493571740233e+02
2.883002594037461677e+02
2.868125900033994071e+02
2.877354209781179293e+02
2.870119293428351170e+02
2.864132425378625157e+02
2.900765955258512463e+02
2.888356915090884058e+02
2.893934577322959285e+02
2.891075481458638023e+02
2.882951948117914753e+02
2.892744181463939412e+02
2.874132854389458203e+02
2.888712959590919240e+02
2.869233686456037162e+02
2.892982852153166959e+02
2.892436198012211435e+02
2.879324946799749796e+02
2.904207178393303366e+02
2.888115079421501150e+02
2.889723211897893975e+02
2.882951948117914753e+02
2.860572027822061614e+02
2.894110541840927340e+02
2.869648744295801635e+02
2.880810172110175245e+02
2.882160904596069599e+02
2.887325541482161384e+02
2.884475530089261497e+02
2.882902560642045842e+02
2.893180268968616815e+02
2.900986718442059669e+02
2.900870905363427141e+02
2.870508846257377513e+02
2.902299311272877844e+02
2.888891624653308554e+02
2.904602719653663598e+02
2.888712959590919240e+02
2.904602719653663598e+02
2.884475530089261497e+02
2.905974259930077892e+02
2.884475530089261497e+02
2.892930231694995769e+02
2.885210127413446344e+02
2.901575520684252751e+02
2.906023443716613883e+02
2.883002594037461677e+02
2.894003957515779462e+02
2.886395519679631434e+02
2.882951948117914753e+02
2.889406646002905177e+02
2.888891624653308554e+02
2.906922082391532172e+02
2.884475530089261497e+02
2.908121238828762785e+02
2.901763900896771133e+02
2.907691670788713623e+02
2.904207178393303366e+02
2.902112349267417244e+02
2.905146652001745338e+02
2.890113621798969916e+02
2.905483846548260090e+02
2.892979871550401185e+02
2.892979871550401185e+02
2.886265298874255336e+02
2.877354209781179293e+02
2.892744181463939412e+02
2.884209739242648425e+02
2.887857827680621767e+02
2.892067376366916278e+02
2.910274672031256955e+02
2.886265298874255336e+02
2.903649888308643199e+02
2.903070394786773250e+02
2.910274672031256955e+02
2.912274008682208546e+02
2.889172124171161613e+02
2.882951948117914753e+02
2.889172124171161613e+02
2.904446479750662888e+02
2.910688479105224928e+02
2.886395519679631434e+02
2.899798763392286105e+02
2.909173623350521893e+02
2.887791355769765573e+02
2.864902184596739971e+02
2.877864609647511998e+02
2.881468776856515319e+02
2.870985022515524747e+02
2.893934577322959285e+02
2.877864609647511998e+02
2.862816424402145117e+02
2.882676967257951901e+02
2.884023097473910298e+02
2.880810172110175245e+02
2.889997333802686512e+02
2.892436198012211435e+02
2.876981099431656617e+02
2.882983905810615397e+02
2.888356915090884058e+02
2.888571418543909886e+02
2.890673679549839790e+02
2.876075704478636794e+02
2.887857827680621767e+02
2.891079164328559159e+02
2.884890059933135262e+02
2.874353120084782063e+02
2.888560274949786617e+02
2.874132854389458203e+02
2.870243001898684270e+02
2.893641380631136144e+02
2.900765955258512463e+02
2.888829296782200799e+02
2.882160904596069599e+02
2.891338325809058460e+02
2.893641380631136144e+02
2.910763249125014909e+02
2.886395519679631434e+02
2.893674563749111144e+02
2.895198886460934773e+02
2.891657339831037348e+02
2.901901399440848763e+02
2.887325541482161384e+02
2.893268094731369047e+02
2.890597696208601519e+02
2.892067376366916278e+02
2.905146652001745338e+02
2.893180268968616815e+02
2.900333897493703716e+02
2.893876839072652274e+02
2.933792630885321842e+02
2.882983905810615397e+02
2.890606768911986251e+02
2.872802540384926147e+02
2.868301333410317397e+02
2.879173645162298953e+02
2.875713251992705182e+02
2.852704232309249619e+02
2.883477213659667200e+02
2.888891624653308554e+02
2.889406646002905177e+02
2.883762615537111742e+02
2.882253286483182819e+02
2.875690510618931057e+02
2.880774936168155591e+02
2.909585389532928730e+02
2.884424425977935016e+02
2.902079073062660086e+02
2.889406646002905177e+02
2.909841574552546604e+02
2.910274672031256955e+02
2.909272748838454277e+02
2.893934577322959285e+02
2.905006330719434118e+02
2.902140731742944126e+02
2.910343158811736544e+02
2.900765955258512463e+02
2.882394266009216039e+02
2.880774936168155591e+02
2.876245534501240400e+02
2.877864609647511998e+02
2.882253286483182819e+02
2.882160904596069599e+02
2.898168479284952355e+02
2.889723211897893975e+02
2.893907008829040137e+02
2.903070394786773250e+02
2.909397239578757990e+02
2.891075481458638023e+02
2.905006330719434118e+02
2.869677184742460554e+02
2.852003487815309200e+02
2.863416901921447106e+02
2.887857827680621767e+02
2.900422158645443460e+02
2.908318631125373486e+02
2.900422158645443460e+02
2.882426297950265734e+02
2.879173645162298953e+02
2.912861706312276056e+02
2.903070394786773250e+02
2.866545269743173776e+02
2.868096742632474729e+02
2.900843805111408074e+02
2.914434499890849679e+02
2.909585389532928730e+02
2.901582055566722715e+02
2.902140731742944126e+02
2.900485695794330354e+02
2.912861706312276056e+02
2.880774936168155591e+02
2.880810172110175245e+02
2.893641380631136144e+02
2.884023097473910298e+02
2.902079073062660086e+02
2.891075481458638023e+02
2.908318631125373486e+02
2.909841574552546604e+02
2.876814765289971092e+02
2.859044643827518257e+02
2.861503050978001284e+02
2.868301333410317397e+02
2.876814765289971092e+02
2.873537363434061831e+02
2.890042160545843331e+02
2.861503050978001284e+02
2.874937344353969593e+02
2.893806232064836763e+02
2.899588208539317975e+02
2.909397239578757990e+02
2.871348935388593873e+02
2.879746107372869233e+02
2.861073217490638285e+02
2.865105032591221175e+02
2.892108497838461290e+02
2.860263383679837830e+02
2.860263383679837830e+02
2.884023097473910298e+02
2.893250020038528874e+02
2.882253286483182819e+02
2.887454989987029421e+02
2.871264846212880002e+02
2.869596542774099248e+02
2.871914901442613086e+02
2.869484385942770928e+02
2.879324946799749796e+02
2.868360755086377480e+02
2.883762615537111742e+02
2.871955669019662309e+02
2.865256940553686604e+02
2.879324946799749796e+02
2.869269429638785027e+02
2.875022113049393511e+02
2.900843805111408074e+02
2.859605863597781763e+02
2.879173645162298953e+02
2.872802540384926147e+02
2.889723211897893975e+02
2.870811389827309767e+02
2.847051357454192271e+02
2.876507744611125190e+02
2.830745486781203226e+02
2.893641380631136144e+02
2.873537363434061831e+02
2.873535094605412041e+02
2.879966812404295524e+02
2.877864609647511998e+02
2.868300315006325718e+02
2.888115079421501150e+02
2.876245534501240400e+02
2.874353120084782063e+02
2.882394266009216039e+02
2.885672763346919396e+02
2.886204050276065232e+02
2.868125900033994071e+02
2.882253286483182819e+02
2.889723211897893975e+02
2.870119293428351170e+02
2.873501237901423906e+02
2.853304212009178400e+02
2.882951948117914753e+02
2.893180268968616815e+02
2.887325541482161384e+02
2.880810172110175245e+02
2.860922754728310906e+02
2.873501237901423906e+02
2.878123840257967458e+02
2.871972422008247463e+02
2.888829296782200799e+02
2.887857827680621767e+02
2.875443225915907988e+02
2.870243001898684270e+02
2.875350497820159603e+02
2.880810172110175245e+02
2.876245534501240400e+02
2.884475530089261497e+02
2.884890059933135262e+02
2.870508846257377513e+02
2.866545269743173776e+02
2.890606768911986251e+02
2.899798763392286105e+02
2.901769880975547267e+02
2.869677184742460554e+02
2.893424776337640196e+02
2.888560274949786617e+02
2.882951948117914753e+02
2.882160904596069599e+02
2.883061179461495271e+02
2.880172493571740233e+02
2.869124850001210802e+02
2.873208864569265302e+02
2.891703562910022356e+02
2.890673679549839790e+02
2.890113621798969916e+02
2.864902184596739971e+02
2.867287577369612563e+02
2.875443225915907988e+02
2.886265298874255336e+02
2.882969125427449057e+02
2.882160904596069599e+02
2.867212451825228641e+02
2.876981099431656617e+02
2.867287577369612563e+02
2.865105032591221175e+02
2.876119181453045144e+02
2.882394266009216039e+02
2.887857827680621767e+02
2.876245534501240400e+02
2.869677184742460554e+02
2.874353120084782063e+02
2.883762615537111742e+02
2.876245534501240400e+02
2.877864609647511998e+02
2.877864609647511998e+02
2.880810172110175245e+02
2.875579659047435257e+02
2.874132854389458203e+02
2.876119181453045144e+02
2.882253286483182819e+02
2.875350497820159603e+02
2.867212451825228641e+02
2.860878753474698897e+02
2.884023097473910298e+02
2.876507744611125190e+02
2.871914901442613086e+02
2.875350497820159603e+02
2.882426297950265734e+02
2.879173645162298953e+02
2.882426297950265734e+02
2.876981099431656617e+02
2.884023097473910298e+02
2.889035891511614977e+02
2.886204050276065232e+02
2.882160904596069599e+02
2.875180746094561073e+02
2.869124850001210802e+02
2.891075481458638023e+02
2.908098176163978792e+02
2.885672763346919396e+02
2.884023097473910298e+02
2.877864609647511998e+02
2.869154848239155058e+02
2.868300315006325718e+02
2.869154848239155058e+02
2.886395519679631434e+02
2.876119181453045144e+02
2.875022113049393511e+02
2.863416901921447106e+02
2.867287577369612563e+02
2.873152877901376314e+02
2.880810172110175245e+02
2.888712959590919240e+02
2.884023097473910298e+02
2.868125900033994071e+02
2.877278678678036385e+02
2.870508846257377513e+02
2.882253286483182819e+02
2.891657339831037348e+02
2.880172493571740233e+02
2.875579659047435257e+02
2.886118610974831995e+02
2.884209739242648425e+02
2.889406646002905177e+02
2.886118610974831995e+02
2.879324946799749796e+02
2.857699959979862570e+02
2.895089411925018794e+02
2.874132854389458203e+02
2.882951948117914753e+02
2.892108497838461290e+02
2.888115079421501150e+02
2.879076175374957529e+02
2.893641380631136144e+02
2.872697745180339552e+02
2.903070394786773250e+02
2.903150287725960652e+02
2.865105032591221175e+02
2.870811389827309767e+02
2.876507744611125190e+02
2.875713251992705182e+02
2.887325541482161384e+02
2.887325541482161384e+02
2.888356915090884058e+02
2.878971438852086067e+02
2.878971438852086067e+02
2.891703562910022356e+02
2.895089411925018794e+02
2.879076175374957529e+02
2.888356915090884058e+02
2.859605863597781763e+02
2.887857827680621767e+02
2.882983905810615397e+02
2.867287577369612563e+02
2.875713251992705182e+02
2.883762615537111742e+02
2.877354209781179293e+02
2.864902184596739971e+02
2.884890059933135262e+02
2.873501237901423906e+02
2.860658745063983019e+02
2.888356915090884058e+02
2.882160904596069599e+02
2.870119293428351170e+02
2.857571012646558302e+02
2.888571418543909886e+02
2.884890059933135262e+02
2.876507744611125190e+02
2.885672763346919396e+02
2.882253286483182819e+02
2.884890059933135262e+02
2.873501237901423906e+02
2.876507744611125190e+02
2.873537363434061831e+02
2.888115079421501150e+02
2.876981099431656617e+02
2.876507744611125190e+02
2.888356915090884058e+02
2.864132425378625157e+02
2.874847556652449612e+02
2.884209739242648425e+02
2.886118610974831995e+02
2.876119181453045144e+02
2.888712959590919240e+02
2.901763900896771133e+02
2.890113621798969916e+02
2.882394266009216039e+02
2.894003957515779462e+02
2.888356915090884058e+02
2.886395519679631434e+02
2.889031649645357902e+02
2.873537363434061831e+02
2.885672763346919396e+02
2.882394376467436246e+02
2.852671299492560024e+02
2.882951948117914753e+02
2.874847556652449612e+02
2.867287577369612563e+02
2.882394266009216039e+02
2.857209529354259985e+02
2.887857827680621767e+02
2.867002976711459610e+02
2.877354209781179293e+02
2.884209739242648425e+02
2.892067376366916278e+02
2.886265298874255336e+02
2.876981099431656617e+02
2.886118610974831995e+02
2.868125900033994071e+02
2.870508846257377513e+02
2.869648744295801635e+02
2.882394376467436246e+02
2.886265298874255336e+02
2.891657339831037348e+02
2.869575661187405444e+02
2.876881927539656090e+02
2.883002594037461677e+02
2.883002594037461677e+02
2.875579659047435257e+02
2.884424425977935016e+02
2.887325541482161384e+02
2.890597696208601519e+02
2.888638852606287628e+02
2.853126397167042683e+02
2.863568969346721360e+02
2.861659029874666658e+02
2.882902560642045842e+02
2.884475530089261497e+02
2.884209739242648425e+02
2.882137331202195583e+02
2.890597696208601519e+02
2.888115079421501150e+02
2.889035891511614977e+02
2.876245534501240400e+02
2.884424425977935016e+02
2.882046518626281681e+02
2.892979871550401185e+02
2.891079164328559159e+02
2.899667159597476598e+02
2.883002594037461677e+02
2.889035891511614977e+02
2.900556863036312620e+02
2.893424776337640196e+02
2.888712959590919240e+02
2.891657339831037348e+02
2.891657339831037348e+02
2.889035891511614977e+02
2.891657339831037348e+02
2.891657339831037348e+02
2.887325541482161384e+02
2.887325541482161384e+02
2.882394376467436246e+02
2.891657339831037348e+02
2.883002594037461677e+02
2.893424776337640196e+02
2.885210127413446344e+02
2.892832623225984321e+02
2.898184988930734107e+02
2.898184988930734107e+02
2.893424776337640196e+02
2.892067376366916278e+02
2.887325541482161384e+02
2.888891624653308554e+02
2.891657339831037348e+02
2.892268876105354138e+02
2.890113621798969916e+02
2.887791355769765573e+02
2.893674563749111144e+02
2.888891624653308554e+02
2.892634521239841661e+02
2.883287017812521071e+02
2.892982852153166959e+02
2.893934577322959285e+02
2.901575520684252751e+02
