2.895888366699218750e+02
2.884152221679687500e+02
2.906632995605468750e+02
2.914485473632812500e+02
2.880026855468750000e+02
2.913177185058593750e+02
2.880026855468750000e+02
2.886715087890625000e+02
2.883698730468750000e+02
2.890382995605468750e+02
2.882387695312500000e+02
2.907807617187500000e+02
2.896933288574218750e+02
2.887762145996093750e+02
2.914082641601562500e+02
2.883829650878906250e+02
2.910157775878906250e+02
2.886320495605468750e+02
2.879765014648437500e+02
2.908849182128906250e+02
2.881206970214843750e+02
2.899817810058593750e+02
2.883569335937500000e+02
2.882387695312500000e+02
2.886451416015625000e+02
2.871636962890625000e+02
2.903349609375000000e+02
2.883440246582031250e+02
2.908982238769531250e+02
2.887501831054687500e+02
2.906364440917968750e+02
2.887631225585937500e+02
2.721843566894531250e+02
2.886190795898437500e+02
2.922555236816406250e+02
2.905324096679687500e+02
2.895755310058593750e+02
2.883698730468750000e+02
2.877272338867187500e+02
2.881076660156250000e+02
2.898375244140625000e+02
2.886451416015625000e+02
2.918274536132812500e+02
2.893003540039062500e+02
2.879895629882812500e+02
2.877142028808593750e+02
2.889336853027343750e+02
2.885009460449218750e+02
2.889864196777343750e+02
2.910157775878906250e+02
2.893923034667968750e+02
2.895755310058593750e+02
2.903880004882812500e+02
2.886320495605468750e+02
2.886320495605468750e+02
2.902437438964843750e+02
2.886451416015625000e+02
2.902570495605468750e+02
2.886715087890625000e+02
2.886190795898437500e+02
2.886582336425781250e+02
2.886320495605468750e+02
2.885009460449218750e+02
2.899685058593750000e+02
2.889204101562500000e+02
2.886320495605468750e+02
2.880026855468750000e+02
2.886451416015625000e+02
2.886451416015625000e+02
2.883569335937500000e+02
2.895888366699218750e+02
2.886320495605468750e+02
2.901046447753906250e+02
2.882781372070312500e+02
2.879895629882812500e+02
2.885670166015625000e+02
2.906099548339843750e+02
2.887893676757812500e+02
2.903746337890625000e+02
2.899552917480468750e+02
2.890514831542968750e+02
2.885404357910156250e+02
2.894445495605468750e+02
2.891824951171875000e+02
2.886582336425781250e+02
2.648230285644531250e+02
2.895755310058593750e+02
2.899817810058593750e+02
2.882387695312500000e+02
2.889469299316406250e+02
2.886451416015625000e+02
2.914216613769531250e+02
2.899951171875000000e+02
2.885404357910156250e+02
2.887631225585937500e+02
2.899685058593750000e+02
2.885009460449218750e+02
2.895888366699218750e+02
2.902570495605468750e+02
2.886451416015625000e+02
2.879506835937500000e+02
2.893003540039062500e+02
2.888811950683593750e+02
2.895492553710937500e+02
2.891824951171875000e+02
2.882258300781250000e+02
2.897198486328125000e+02
2.892872619628906250e+02
2.906364440917968750e+02
2.887631225585937500e+02
2.915658569335937500e+02
2.889469299316406250e+02
2.883698730468750000e+02
2.897198486328125000e+02
2.890252380371093750e+02
2.890252380371093750e+02
2.890514831542968750e+02
2.886451416015625000e+02
2.913041992187500000e+02
2.893135375976562500e+02
2.904922485351562500e+02
2.906498107910156250e+02
2.892872619628906250e+02
2.888811950683593750e+02
2.896933288574218750e+02
2.915390930175781250e+02
2.894052429199218750e+02
2.899685058593750000e+02
2.895362854003906250e+02
2.909893493652343750e+02
2.886061401367187500e+02
2.887243652343750000e+02
2.906099548339843750e+02
2.908849182128906250e+02
2.902304382324218750e+02
2.895755310058593750e+02
2.892742309570312500e+02
2.873077392578125000e+02
2.888811950683593750e+02
2.893003540039062500e+02
2.890382995605468750e+02
2.886190795898437500e+02
2.906231384277343750e+02
2.902304382324218750e+02
2.906231384277343750e+02
2.895232849121093750e+02
2.882518310546875000e+02
2.896933288574218750e+02
2.882005310058593750e+02
2.908849182128906250e+02
2.908324279785156250e+02
2.908716430664062500e+02
2.886061401367187500e+02
2.886190795898437500e+02
2.880947265625000000e+02
2.890122375488281250e+02
2.886061401367187500e+02
2.897852172851562500e+02
2.907276306152343750e+02
2.889992980957031250e+02
2.896413574218750000e+02
2.894182434082031250e+02
2.879506835937500000e+02
2.896933288574218750e+02
2.892872619628906250e+02
2.890122375488281250e+02
2.886190795898437500e+02
2.899421691894531250e+02
2.888553771972656250e+02
2.886061401367187500e+02
2.899421691894531250e+02
2.882129211425781250e+02
2.894182434082031250e+02
2.886061401367187500e+02
2.891693420410156250e+02
2.886061401367187500e+02
2.895492553710937500e+02
2.891432800292968750e+02
2.906231384277343750e+02
2.899291687011718750e+02
2.895623779296875000e+02
2.881076660156250000e+02
2.888682556152343750e+02
2.895623779296875000e+02
2.882129211425781250e+02
2.886190795898437500e+02
2.913950500488281250e+02
2.886451416015625000e+02
2.890252380371093750e+02
2.907408142089843750e+02
2.907015686035156250e+02
2.897065429687500000e+02
2.887501831054687500e+02
2.892872619628906250e+02
2.889992980957031250e+02
2.904790039062500000e+02
2.903613586425781250e+02
2.904269104003906250e+02
2.904790039062500000e+02
2.892872619628906250e+02
2.912510375976562500e+02
2.912642517089843750e+02
2.890252380371093750e+02
2.887501831054687500e+02
2.899552917480468750e+02
2.905706787109375000e+02
2.912908325195312500e+02
2.885009460449218750e+02
2.902437438964843750e+02
2.895623779296875000e+02
2.911600036621093750e+02
2.894182434082031250e+02
2.902171936035156250e+02
2.892872619628906250e+02
2.890252380371093750e+02
2.890514831542968750e+02
2.896672058105468750e+02
2.906231384277343750e+02
2.886190795898437500e+02
2.886582336425781250e+02
2.901780090332031250e+02
2.899552917480468750e+02
2.886061401367187500e+02
2.910157775878906250e+02
2.894052429199218750e+02
2.908849182128906250e+02
2.892742309570312500e+02
2.902304382324218750e+02
2.905836791992187500e+02
2.907408142089843750e+02
2.895362854003906250e+02
2.912642517089843750e+02
2.888941650390625000e+02
2.893003540039062500e+02
2.901650695800781250e+02
2.908454284667968750e+02
2.879125366210937500e+02
2.882000732421875000e+02
2.872693786621093750e+02
2.902959899902343750e+02
2.910427551269531250e+02
2.907015686035156250e+02
2.881747131347656250e+02
2.891432800292968750e+02
2.880689697265625000e+02
2.917741699218750000e+02
2.886061401367187500e+02
2.919049377441406250e+02
2.899032287597656250e+02
2.906099548339843750e+02
2.883569335937500000e+02
2.908716430664062500e+02
2.896542663574218750e+02
2.924411010742187500e+02
2.888553771972656250e+02
2.892484130859375000e+02
2.914995422363281250e+02
2.911202087402343750e+02
2.887372131347656250e+02
2.899291687011718750e+02
2.892613220214843750e+02
2.905836791992187500e+02
2.900470581054687500e+02
2.912774963378906250e+02
2.919181823730468750e+02
2.892613220214843750e+02
2.902040405273437500e+02
2.888682556152343750e+02
2.905967407226562500e+02
2.886061401367187500e+02
2.917741699218750000e+02
2.891174621582031250e+02
2.905967407226562500e+02
2.912510375976562500e+02
2.901910095214843750e+02
2.883698730468750000e+02
2.921796569824218750e+02
2.901780090332031250e+02
2.899161376953125000e+02
2.919049377441406250e+02
2.905967407226562500e+02
2.886190795898437500e+02
2.911333923339843750e+02
2.882258300781250000e+02
2.902171936035156250e+02
2.892613220214843750e+02
2.899552612304687500e+02
2.906099548339843750e+02
2.899161376953125000e+02
2.887501831054687500e+02
2.902040405273437500e+02
2.892872619628906250e+02
2.884880371093750000e+02
2.920756225585937500e+02
2.887762145996093750e+02
2.924260253906250000e+02
2.882129211425781250e+02
2.899032287597656250e+02
2.861945190429687500e+02
2.885805358886718750e+02
2.891302795410156250e+02
2.908454284667968750e+02
2.882000732421875000e+02
2.909762878417968750e+02
2.892484130859375000e+02
2.918787841796875000e+02
2.892484130859375000e+02
2.906099548339843750e+02
2.895232849121093750e+02
2.903349609375000000e+02
2.882258300781250000e+02
2.915258789062500000e+02
2.882387695312500000e+02
2.920357055664062500e+02
2.905577392578125000e+02
2.919314880371093750e+02
2.892742309570312500e+02
2.919314880371093750e+02
2.902040405273437500e+02
2.884750976562500000e+02
2.915390930175781250e+02
2.912774963378906250e+02
2.892872619628906250e+02
2.908849182128906250e+02
2.905967407226562500e+02
2.891693420410156250e+02
2.910424804687500000e+02
2.899421691894531250e+02
2.894313964843750000e+02
2.918918151855468750e+02
2.912642517089843750e+02
2.895492553710937500e+02
2.922197570800781250e+02
2.919758300781250000e+02
2.924077453613281250e+02
2.906498107910156250e+02
2.913177185058593750e+02
2.899685058593750000e+02
2.886715087890625000e+02
2.880026855468750000e+02
2.880158691406250000e+02
2.881470336914062500e+02
2.913177185058593750e+02
2.902171936035156250e+02
2.923893432617187500e+02
2.912642517089843750e+02
2.912774963378906250e+02
2.901910095214843750e+02
2.886451416015625000e+02
2.879765014648437500e+02
2.921929626464843750e+02
2.892742309570312500e+02
2.895362854003906250e+02
2.908716430664062500e+02
2.903089294433593750e+02
2.906231384277343750e+02
2.892742309570312500e+02
2.895755310058593750e+02
2.899291687011718750e+02
2.903746337890625000e+02
2.892872619628906250e+02
2.882649536132812500e+02
2.898112182617187500e+02
2.916966552734375000e+02
2.890382995605468750e+02
2.883960876464843750e+02
2.874389343261718750e+02
2.919582519531250000e+02
2.893003540039062500e+02
2.906364440917968750e+02
2.882518310546875000e+02
2.891302795410156250e+02
2.888941650390625000e+02
2.919314880371093750e+02
2.904398193359375000e+02
2.915390930175781250e+02
2.892613220214843750e+02
2.919049377441406250e+02
2.892613220214843750e+02
2.904790039062500000e+02
2.889992980957031250e+02
2.880947265625000000e+02
2.886320495605468750e+02
2.886190795898437500e+02
2.892742309570312500e+02
2.899421691894531250e+02
2.908982238769531250e+02
2.899291687011718750e+02
2.919448242187500000e+02
2.900731506347656250e+02
2.904922485351562500e+02
2.912642517089843750e+02
2.882258300781250000e+02
2.912908325195312500e+02
2.899291687011718750e+02
2.879765014648437500e+02
2.891824951171875000e+02
2.892872619628906250e+02
2.908982238769531250e+02
2.887893676757812500e+02
2.908982238769531250e+02
2.899421691894531250e+02
2.899817810058593750e+02
2.888941650390625000e+02
2.912908325195312500e+02
2.898112182617187500e+02
2.912908325195312500e+02
2.892872619628906250e+02
2.919582519531250000e+02
2.904658813476562500e+02
2.895755310058593750e+02
2.904398193359375000e+02
2.922192077636718750e+02
2.899291687011718750e+02
2.924260253906250000e+02
2.910025329589843750e+02
2.920585937500000000e+02
2.904922485351562500e+02
2.922373962402343750e+02
2.912774963378906250e+02
2.526320495605468750e+02
2.910157775878906250e+02
2.912908325195312500e+02
2.892872619628906250e+02
2.902437438964843750e+02
2.907807617187500000e+02
2.910559692382812500e+02
2.906632995605468750e+02
2.910157775878906250e+02
2.906498107910156250e+02
2.912908325195312500e+02
2.906099548339843750e+02
2.919718017578125000e+02
2.900085449218750000e+02
2.899685058593750000e+02
2.913041992187500000e+02
2.908849182128906250e+02
2.922009887695312500e+02
2.906099548339843750e+02
2.879635620117187500e+02
2.893135375976562500e+02
2.923504943847656250e+02
2.904790039062500000e+02
2.886190795898437500e+02
2.906364440917968750e+02
2.893003540039062500e+02
2.912642517089843750e+02
2.914216613769531250e+02
2.907276306152343750e+02
2.913041992187500000e+02
2.919582519531250000e+02
2.914485473632812500e+02
2.893268432617187500e+02
2.919989929199218750e+02
2.897331542968750000e+02
2.906364440917968750e+02
2.913177185058593750e+02
2.879765014648437500e+02
2.887762145996093750e+02
2.879765014648437500e+02
2.906498107910156250e+02
2.899951171875000000e+02
2.903613586425781250e+02
2.909251098632812500e+02
2.921826477050781250e+02
2.900731506347656250e+02
2.919582519531250000e+02
2.903613586425781250e+02
2.893003540039062500e+02
2.896021118164062500e+02
2.890382995605468750e+02
2.900862731933593750e+02
2.893268432617187500e+02
2.894052429199218750e+02
2.895888366699218750e+02
2.889204101562500000e+02
2.899685058593750000e+02
2.892224426269531250e+02
2.886715087890625000e+02
2.919718017578125000e+02
2.899817810058593750e+02
2.906364440917968750e+02
2.895492553710937500e+02
2.912774963378906250e+02
2.894182434082031250e+02
2.906364440917968750e+02
2.899552917480468750e+02
2.906632995605468750e+02
2.902171936035156250e+02
2.902304382324218750e+02
2.915794067382812500e+02
2.899685058593750000e+02
2.909386291503906250e+02
2.906364440917968750e+02
2.899951171875000000e+02
2.900220336914062500e+02
2.902570495605468750e+02
2.895755310058593750e+02
2.906768493652343750e+02
2.916566162109375000e+02
2.886847534179687500e+02
2.880558471679687500e+02
2.886847534179687500e+02
2.896021118164062500e+02
2.899817810058593750e+02
2.881338500976562500e+02
2.893401184082031250e+02
2.889204101562500000e+02
2.915524291992187500e+02
2.895492553710937500e+02
2.866516418457031250e+02
2.886320495605468750e+02
2.915524291992187500e+02
2.886451416015625000e+02
2.906364440917968750e+02
2.899552917480468750e+02
2.906632995605468750e+02
2.906768493652343750e+02
2.886582336425781250e+02
2.902705078125000000e+02
2.909115905761718750e+02
2.918545837402343750e+02
2.885404357910156250e+02
2.910559692382812500e+02
2.893135375976562500e+02
2.886582336425781250e+02
2.878714904785156250e+02
2.906231384277343750e+02
2.899552917480468750e+02
2.899552917480468750e+02
2.897065429687500000e+02
2.891302795410156250e+02
2.904922485351562500e+02
2.879895629882812500e+02
2.899951171875000000e+02
2.886190795898437500e+02
2.912774963378906250e+02
2.890252380371093750e+02
2.895888366699218750e+02
2.892742309570312500e+02
2.907807617187500000e+02
2.905836791992187500e+02
2.920756225585937500e+02
2.894313964843750000e+02
2.924306335449218750e+02
2.885140380859375000e+02
2.899685058593750000e+02
2.903481140136718750e+02
2.882129211425781250e+02
2.899552917480468750e+02
2.883569335937500000e+02
2.902304382324218750e+02
2.888025512695312500e+02
2.886451416015625000e+02
2.891693420410156250e+02
2.895492553710937500e+02
2.891302795410156250e+02
2.912642517089843750e+02
2.892742309570312500e+02
2.916832580566406250e+02
2.892872619628906250e+02
2.906971435546875000e+02
2.892872619628906250e+02
2.899685058593750000e+02
2.889072875976562500e+02
2.894313964843750000e+02
2.886190795898437500e+02
2.902304382324218750e+02
2.873206481933593750e+02
2.882258300781250000e+02
2.891562500000000000e+02
2.879895629882812500e+02
2.877012939453125000e+02
2.912774963378906250e+02
2.882914123535156250e+02
2.886451416015625000e+02
2.892872619628906250e+02
2.883569335937500000e+02
2.887501831054687500e+02
2.912908325195312500e+02
2.886451416015625000e+02
2.906498107910156250e+02
2.882387695312500000e+02
2.886451416015625000e+02
2.886451416015625000e+02
2.882518310546875000e+02
2.899685058593750000e+02
2.886190795898437500e+02
2.899817810058593750e+02
2.895623779296875000e+02
2.890514831542968750e+02
2.886320495605468750e+02
2.872820739746093750e+02
2.896933288574218750e+02
2.897065429687500000e+02
2.887631225585937500e+02
2.892872619628906250e+02
2.879895629882812500e+02
2.882129211425781250e+02
2.907276306152343750e+02
2.882129211425781250e+02
2.886190795898437500e+02
2.883440246582031250e+02
2.892872619628906250e+02
2.885009460449218750e+02
2.898243408203125000e+02
2.892613220214843750e+02
2.892742309570312500e+02
2.892872619628906250e+02
2.884880371093750000e+02
2.893003540039062500e+02
2.886320495605468750e+02
2.892742309570312500e+02
2.899032287597656250e+02
2.882000732421875000e+02
2.894182434082031250e+02
2.894445495605468750e+02
2.895232849121093750e+02
2.892613220214843750e+02
2.884750976562500000e+02
2.892742309570312500e+02
2.900470581054687500e+02
2.891693420410156250e+02
2.887501831054687500e+02
2.886190795898437500e+02
2.890122375488281250e+02
2.893794250488281250e+02
2.879506835937500000e+02
2.895362854003906250e+02
2.886190795898437500e+02
2.892872619628906250e+02
2.899421691894531250e+02
2.892872619628906250e+02
2.895362854003906250e+02
2.881076660156250000e+02
2.888941650390625000e+02
2.883698730468750000e+02
2.864695739746093750e+02
2.872693786621093750e+02
2.882387695312500000e+02
2.873077392578125000e+02
2.899291687011718750e+02
2.891302795410156250e+02
2.874389343261718750e+02
2.886061401367187500e+02
2.875444335937500000e+02
2.892484130859375000e+02
2.901910095214843750e+02
2.879635620117187500e+02
2.912379455566406250e+02
2.893003540039062500e+02
2.886451416015625000e+02
2.902171936035156250e+02
2.913818054199218750e+02
2.902304382324218750e+02
2.896802062988281250e+02
2.898243408203125000e+02
2.907540283203125000e+02
2.893135375976562500e+02
2.899421691894531250e+02
2.900731506347656250e+02
2.890122375488281250e+02
2.896542663574218750e+02
2.878067016601562500e+02
2.886190795898437500e+02
2.877142028808593750e+02
2.892872619628906250e+02
2.891432800292968750e+02
2.877012939453125000e+02
2.878324279785156250e+02
2.887501831054687500e+02
2.886061401367187500e+02
2.886190795898437500e+02
2.896802062988281250e+02
2.895362854003906250e+02
2.895362854003906250e+02
2.912119140625000000e+02
2.895362854003906250e+02
2.899421691894531250e+02
2.893003540039062500e+02
2.895755310058593750e+02
2.893135375976562500e+02
2.893003540039062500e+02
2.879765014648437500e+02
2.906231384277343750e+02
2.899552917480468750e+02
2.907807617187500000e+02
2.890914306640625000e+02
2.889072875976562500e+02
2.906498107910156250e+02
2.896021118164062500e+02
2.899951171875000000e+02
2.893401184082031250e+02
2.909251098632812500e+02
2.899685058593750000e+02
2.893268432617187500e+02
2.886320495605468750e+02
2.894313964843750000e+02
2.886320495605468750e+02
2.883569335937500000e+02
2.886190795898437500e+02
2.899421691894531250e+02
2.889072265625000000e+02
2.902040405273437500e+02
2.916303405761718750e+02
2.899421691894531250e+02
2.895755310058593750e+02
2.899552917480468750e+02
2.889204101562500000e+02
2.871894531250000000e+02
2.892872619628906250e+02
2.891824951171875000e+02
2.892872619628906250e+02
2.896933288574218750e+02
2.890382995605468750e+02
2.886715087890625000e+02
2.886451416015625000e+02
2.884880371093750000e+02
2.877012939453125000e+02
2.886061401367187500e+02
2.890122375488281250e+02
2.892872619628906250e+02
2.886451416015625000e+02
2.899421691894531250e+02
2.899421691894531250e+02
2.831161804199218750e+02
2.875700988769531250e+02
2.872948913574218750e+02
2.899421691894531250e+02
2.886190795898437500e+02
2.886190795898437500e+02
2.886320495605468750e+02
2.899421691894531250e+02
2.879765014648437500e+02
2.877272338867187500e+02
2.883698730468750000e+02
2.883698730468750000e+02
2.886190795898437500e+02
2.883698730468750000e+02
2.869141235351562500e+02
2.879635620117187500e+02
2.882000732421875000e+02
2.872948913574218750e+02
2.883440246582031250e+02
2.879635620117187500e+02
2.882129211425781250e+02
2.882387695312500000e+02
2.879635620117187500e+02
2.886320495605468750e+02
2.814047851562500000e+02
2.888811950683593750e+02
2.879895629882812500e+02
2.879635620117187500e+02
2.875572204589843750e+02
2.894052429199218750e+02
2.895492553710937500e+02
2.886451416015625000e+02
2.888811950683593750e+02
2.879895629882812500e+02
2.886320495605468750e+02
2.879635620117187500e+02
2.886061401367187500e+02
2.887501831054687500e+02
2.886061401367187500e+02
2.886451416015625000e+02
2.886451416015625000e+02
2.893003540039062500e+02
2.889204101562500000e+02
2.872820739746093750e+02
2.870453491210937500e+02
2.873077392578125000e+02
2.875572204589843750e+02
2.886582336425781250e+02
2.883569335937500000e+02
2.893003540039062500e+02
2.890122375488281250e+02
2.893003540039062500e+02
2.888682556152343750e+02
2.879506835937500000e+02
2.897981872558593750e+02
2.880689697265625000e+02
2.912248840332031250e+02
2.912642517089843750e+02
2.888682556152343750e+02
2.887631225585937500e+02
2.913041992187500000e+02
2.891824951171875000e+02
2.882914123535156250e+02
2.900862731933593750e+02
2.919718017578125000e+02
2.898112182617187500e+02
2.903613586425781250e+02
2.886190795898437500e+02
2.893135375976562500e+02
2.882518310546875000e+02
2.879895629882812500e+02
2.900085449218750000e+02
2.890122375488281250e+02
2.886582336425781250e+02
2.890382995605468750e+02
2.886451416015625000e+02
2.883047790527343750e+02
2.888811950683593750e+02
2.903880004882812500e+02
2.892872619628906250e+02
2.887893676757812500e+02
2.885009460449218750e+02
2.889072875976562500e+02
2.886320495605468750e+02
2.886451416015625000e+02
2.878324279785156250e+02
2.879765014648437500e+02
2.882258300781250000e+02
2.902171936035156250e+02
2.892872619628906250e+02
2.908849182128906250e+02
2.908584899902343750e+02
2.899421691894531250e+02
2.878067016601562500e+02
2.886582336425781250e+02
2.886190795898437500e+02
2.911466369628906250e+02
2.895755310058593750e+02
2.890382995605468750e+02
2.879378662109375000e+02
2.876815795898437500e+02
2.886320495605468750e+02
2.883569335937500000e+02
2.892872619628906250e+02
2.885009460449218750e+02
2.886451416015625000e+02
2.878453369140625000e+02
2.902304382324218750e+02
2.886190795898437500e+02
2.890382995605468750e+02
2.885009460449218750e+02
2.873077392578125000e+02
2.893923034667968750e+02
2.896802062988281250e+02
2.883440246582031250e+02
2.888682556152343750e+02
2.886320495605468750e+02
2.899552917480468750e+02
2.896542663574218750e+02
2.903613586425781250e+02
2.892742309570312500e+02
2.886320495605468750e+02
2.883829650878906250e+02
2.915794067382812500e+02
2.899552917480468750e+02
2.906364440917968750e+02
2.897852172851562500e+02
2.893003540039062500e+02
2.886061401367187500e+02
2.900862731933593750e+02
2.905706787109375000e+02
2.885009460449218750e+02
2.893003540039062500e+02
2.900600891113281250e+02
2.895755310058593750e+02
2.899161376953125000e+02
2.901127624511718750e+02
2.905967712402343750e+02
2.904790039062500000e+02
2.887501831054687500e+02
2.893003540039062500e+02
2.883440246582031250e+02
2.903481140136718750e+02
2.888811950683593750e+02
2.889072875976562500e+02
2.895362854003906250e+02
2.908982238769531250e+02
2.901910095214843750e+02
2.893003540039062500e+02
2.887762145996093750e+02
2.906364440917968750e+02
2.894182434082031250e+02
2.897065429687500000e+02
2.883440246582031250e+02
2.904790039062500000e+02
2.884750976562500000e+02
2.899685058593750000e+02
2.887501831054687500e+02
2.911466369628906250e+02
2.888941650390625000e+02
2.899552917480468750e+02
2.886061401367187500e+02
2.906099548339843750e+02
2.882129211425781250e+02
2.903349609375000000e+02
2.893794250488281250e+02
2.905967407226562500e+02
2.893923034667968750e+02
2.905967407226562500e+02
2.891432800292968750e+02
2.907540283203125000e+02
2.892742309570312500e+02
2.891432800292968750e+02
2.912642517089843750e+02
2.902171936035156250e+02
2.886061401367187500e+02
2.910025329589843750e+02
2.884880371093750000e+02
2.895623779296875000e+02
2.895232849121093750e+02
2.912642517089843750e+02
2.892613220214843750e+02
2.892613220214843750e+02
2.899161376953125000e+02
2.910157775878906250e+02
2.891432800292968750e+02
2.886451416015625000e+02
2.881206970214843750e+02
2.875444335937500000e+02
2.895492553710937500e+02
2.885933227539062500e+02
2.909893493652343750e+02
2.899161376953125000e+02
2.907145996093750000e+02
2.893923034667968750e+02
2.899291687011718750e+02
2.914864807128906250e+02
2.886320495605468750e+02
2.886061401367187500e+02
2.894052429199218750e+02
2.899291687011718750e+02
2.887372131347656250e+02
2.898112182617187500e+02
2.875444335937500000e+02
2.878324279785156250e+02
2.879378662109375000e+02
2.896802062988281250e+02
2.879506835937500000e+02
2.886320495605468750e+02
2.899817810058593750e+02
2.901910095214843750e+02
2.896933288574218750e+02
2.866260681152343750e+02
2.865075988769531250e+02
2.855506286621093750e+02
2.860758056640625000e+02
2.854067687988281250e+02
2.862070312500000000e+02
2.872193603515625000e+02
2.879125366210937500e+02
2.875065307617187500e+02
2.880436096191406250e+02
2.902959899902343750e+02
2.889736633300781250e+02
2.903089294433593750e+02
2.896031799316406250e+02
2.876755676269531250e+02
2.892742309570312500e+02
2.876755676269531250e+02
2.887372131347656250e+02
2.896802062988281250e+02
2.894052429199218750e+02
2.910025329589843750e+02
2.893923339843750000e+02
2.910940856933593750e+02
2.889992980957031250e+02
2.907408142089843750e+02
2.886190795898437500e+02
2.891562500000000000e+02
2.891174621582031250e+02
2.883440246582031250e+02
2.888553771972656250e+02
2.879506835937500000e+02
2.878195495605468750e+02
2.908849182128906250e+02
2.895362854003906250e+02
2.908716430664062500e+02
2.905967407226562500e+02
2.892742309570312500e+02
2.903219604492187500e+02
2.884750976562500000e+02
2.896413574218750000e+02
2.883569335937500000e+02
2.910025329589843750e+02
2.907540283203125000e+02
2.894445495605468750e+02
2.916566162109375000e+02
2.891432800292968750e+02
2.903349609375000000e+02
2.892742309570312500e+02
2.875960388183593750e+02
2.905836791992187500e+02
2.879378662109375000e+02
2.894182434082031250e+02
2.892872619628906250e+02
2.895232849121093750e+02
2.892484130859375000e+02
2.894975891113281250e+02
2.907015686035156250e+02
2.909762878417968750e+02
2.912510375976562500e+02
2.880689697265625000e+02
2.911071166992187500e+02
2.897852172851562500e+02
2.914995422363281250e+02
2.896413574218750000e+02
2.914995422363281250e+02
2.892484130859375000e+02
2.915126342773437500e+02
2.892484130859375000e+02
2.906886291503906250e+02
2.900213623046875000e+02
2.912379455566406250e+02
2.917610778808593750e+02
2.891174621582031250e+02
2.901910095214843750e+02
2.900731506347656250e+02
2.892742309570312500e+02
2.906099548339843750e+02
2.897852172851562500e+02
2.916434020996093750e+02
2.892484130859375000e+02
2.921664123535156250e+02
2.908194274902343750e+02
2.919049377441406250e+02
2.916566162109375000e+02
2.908454284667968750e+02
2.919181823730468750e+02
2.899161376953125000e+02
2.916303405761718750e+02
2.901650695800781250e+02
2.901650695800781250e+02
2.896542663574218750e+02
2.888553771972656250e+02
2.903219604492187500e+02
2.893794250488281250e+02
2.895492553710937500e+02
2.903089294433593750e+02
2.924624328613281250e+02
2.896542663574218750e+02
2.917873840332031250e+02
2.908584899902343750e+02
2.924624328613281250e+02
2.923236999511718750e+02
2.904790039062500000e+02
2.892742309570312500e+02
2.904790039062500000e+02
2.922197570800781250e+02
2.919448242187500000e+02
2.900731506347656250e+02
2.910157775878906250e+02
2.916699218750000000e+02
2.897981872558593750e+02
2.881076660156250000e+02
2.888811950683593750e+02
2.893135375976562500e+02
2.879635620117187500e+02
2.908716430664062500e+02
2.888811950683593750e+02
2.874389343261718750e+02
2.892613220214843750e+02
2.893003540039062500e+02
2.894182434082031250e+02
2.910291137695312500e+02
2.907540283203125000e+02
2.886190795898437500e+02
2.898243408203125000e+02
2.895362854003906250e+02
2.899291687011718750e+02
2.907276306152343750e+02
2.889864196777343750e+02
2.895492553710937500e+02
2.900470581054687500e+02
2.896802062988281250e+02
2.887501831054687500e+02
2.903481140136718750e+02
2.884750976562500000e+02
2.882518310546875000e+02
2.902040405273437500e+02
2.908849182128906250e+02
2.911600036621093750e+02
2.892872619628906250e+02
2.903613586425781250e+02
2.902040405273437500e+02
2.922063293457031250e+02
2.900731506347656250e+02
2.901780090332031250e+02
2.913950500488281250e+02
2.899032287597656250e+02
2.911202087402343750e+02
2.895232849121093750e+02
2.905706787109375000e+02
2.897723083496093750e+02
2.903089294433593750e+02
2.919181823730468750e+02
2.907015686035156250e+02
2.909632568359375000e+02
2.907145996093750000e+02
2.922373962402343750e+02
2.898243408203125000e+02
2.904658813476562500e+02
2.898507995605468750e+02
2.881338500976562500e+02
2.886320495605468750e+02
2.890252380371093750e+02
2.870325317382812500e+02
2.899685058593750000e+02
2.897852172851562500e+02
2.906099548339843750e+02
2.895623779296875000e+02
2.896933288574218750e+02
2.902570495605468750e+02
2.894313964843750000e+02
2.920756225585937500e+02
2.891302795410156250e+02
2.919582519531250000e+02
2.906099548339843750e+02
2.922653808593750000e+02
2.924624328613281250e+02
2.923663635253906250e+02
2.908716430664062500e+02
2.924490051269531250e+02
2.914082641601562500e+02
2.922240295410156250e+02
2.908849182128906250e+02
2.894052429199218750e+02
2.894313964843750000e+02
2.886061401367187500e+02
2.888811950683593750e+02
2.896933288574218750e+02
2.892872619628906250e+02
2.915524291992187500e+02
2.903349609375000000e+02
2.912908325195312500e+02
2.908584899902343750e+02
2.924077453613281250e+02
2.905967407226562500e+02
2.924490051269531250e+02
2.890382995605468750e+02
2.870712585449218750e+02
2.876884155273437500e+02
2.895492553710937500e+02
2.902304382324218750e+02
2.923893432617187500e+02
2.902304382324218750e+02
2.898375244140625000e+02
2.886320495605468750e+02
2.924260253906250000e+02
2.908584899902343750e+02
2.883960876464843750e+02
2.879765014648437500e+02
2.918140869140625000e+02
2.924442443847656250e+02
2.920756225585937500e+02
2.912774963378906250e+02
2.914082641601562500e+02
2.919718017578125000e+02
2.924260253906250000e+02
2.894313964843750000e+02
2.894182434082031250e+02
2.902040405273437500e+02
2.893003540039062500e+02
2.919582519531250000e+02
2.905967407226562500e+02
2.923893432617187500e+02
2.922653808593750000e+02
2.906364440917968750e+02
2.886847534179687500e+02
2.885536499023437500e+02
2.881338500976562500e+02
2.906364440917968750e+02
2.887631225585937500e+02
2.908982238769531250e+02
2.885536499023437500e+02
2.899817810058593750e+02
2.917237854003906250e+02
2.911466369628906250e+02
2.924077453613281250e+02
2.887893676757812500e+02
2.902705078125000000e+02
2.880290832519531250e+02
2.883829650878906250e+02
2.906231384277343750e+02
2.890646972656250000e+02
2.890646972656250000e+02
2.893003540039062500e+02
2.915794067382812500e+02
2.896933288574218750e+02
2.913177185058593750e+02
2.886582336425781250e+02
2.893534851074218750e+02
2.885271911621093750e+02
2.894845581054687500e+02
2.894445495605468750e+02
2.894710998535156250e+02
2.895623779296875000e+02
2.906498107910156250e+02
2.881206970214843750e+02
2.894445495605468750e+02
2.897331542968750000e+02
2.889072875976562500e+02
2.918140869140625000e+02
2.886715087890625000e+02
2.886320495605468750e+02
2.898507995605468750e+02
2.903349609375000000e+02
2.887762145996093750e+02
2.867828979492187500e+02
2.890122375488281250e+02
2.737851257324218750e+02
2.902040405273437500e+02
2.887631225585937500e+02
2.882129211425781250e+02
2.907673339843750000e+02
2.888811950683593750e+02
2.883698730468750000e+02
2.891432800292968750e+02
2.886061401367187500e+02
2.887501831054687500e+02
2.894052429199218750e+02
2.898112182617187500e+02
2.899421691894531250e+02
2.883440246582031250e+02
2.896933288574218750e+02
2.903349609375000000e+02
2.879506835937500000e+02
2.882387695312500000e+02
2.869012756347656250e+02
2.892742309570312500e+02
2.907015686035156250e+02
2.895232849121093750e+02
2.894182434082031250e+02
2.877403259277343750e+02
2.882387695312500000e+02
2.891824951171875000e+02
2.886451416015625000e+02
2.911600036621093750e+02
2.895492553710937500e+02
2.901127624511718750e+02
2.882518310546875000e+02
2.884880371093750000e+02
2.894182434082031250e+02
2.886061401367187500e+02
2.892484130859375000e+02
2.896802062988281250e+02
2.880689697265625000e+02
2.883960876464843750e+02
2.904658813476562500e+02
2.910157775878906250e+02
2.908324279785156250e+02
2.890382995605468750e+02
2.900341491699218750e+02
2.903481140136718750e+02
2.892742309570312500e+02
2.892872619628906250e+02
2.900994567871093750e+02
2.891562500000000000e+02
2.893401184082031250e+02
2.897198486328125000e+02
2.904922485351562500e+02
2.907276306152343750e+02
2.899161376953125000e+02
2.881076660156250000e+02
2.880947265625000000e+02
2.901127624511718750e+02
2.896542663574218750e+02
2.900862731933593750e+02
2.892872619628906250e+02
2.893268432617187500e+02
2.886190795898437500e+02
2.880947265625000000e+02
2.883829650878906250e+02
2.889992980957031250e+02
2.894052429199218750e+02
2.895492553710937500e+02
2.886061401367187500e+02
2.890382995605468750e+02
2.887501831054687500e+02
2.895623779296875000e+02
2.886061401367187500e+02
2.888811950683593750e+02
2.888811950683593750e+02
2.894182434082031250e+02
2.885933227539062500e+02
2.884750976562500000e+02
2.889992980957031250e+02
2.896933288574218750e+02
2.884880371093750000e+02
2.893268432617187500e+02
2.877012939453125000e+02
2.893003540039062500e+02
2.890122375488281250e+02
2.885271911621093750e+02
2.884880371093750000e+02
2.898375244140625000e+02
2.886320495605468750e+02
2.898375244140625000e+02
2.886190795898437500e+02
2.893003540039062500e+02
2.895103759765625000e+02
2.899421691894531250e+02
2.892872619628906250e+02
2.885009460449218750e+02
2.893401184082031250e+02
2.905967407226562500e+02
2.915390930175781250e+02
2.898112182617187500e+02
2.893003540039062500e+02
2.888811950683593750e+02
2.880817871093750000e+02
2.883698730468750000e+02
2.880817871093750000e+02
2.900731506347656250e+02
2.889992980957031250e+02
2.889072875976562500e+02
2.876884155273437500e+02
2.880947265625000000e+02
2.884495239257812500e+02
2.894182434082031250e+02
2.896413574218750000e+02
2.893003540039062500e+02
2.883440246582031250e+02
2.888682556152343750e+02
2.880689697265625000e+02
2.896933288574218750e+02
2.899032287597656250e+02
2.891562500000000000e+02
2.885933227539062500e+02
2.896672058105468750e+02
2.893794250488281250e+02
2.906099548339843750e+02
2.896672058105468750e+02
2.894445495605468750e+02
2.878453369140625000e+02
2.902171936035156250e+02
2.884750976562500000e+02
2.892742309570312500e+02
2.906231384277343750e+02
2.891432800292968750e+02
2.902437438964843750e+02
2.902040405273437500e+02
2.882649536132812500e+02
2.908584899902343750e+02
2.920889892578125000e+02
2.883829650878906250e+02
2.887762145996093750e+02
2.890122375488281250e+02
2.890252380371093750e+02
2.895232849121093750e+02
2.895232849121093750e+02
2.895362854003906250e+02
2.891693420410156250e+02
2.891693420410156250e+02
2.904922485351562500e+02
2.902171936035156250e+02
2.902437438964843750e+02
2.895362854003906250e+02
2.886715087890625000e+02
2.895492553710937500e+02
2.898243408203125000e+02
2.880947265625000000e+02
2.890252380371093750e+02
2.895623779296875000e+02
2.888553771972656250e+02
2.881076660156250000e+02
2.896802062988281250e+02
2.882387695312500000e+02
2.878324279785156250e+02
2.895362854003906250e+02
2.892872619628906250e+02
2.879506835937500000e+02
2.871509399414062500e+02
2.899291687011718750e+02
2.896802062988281250e+02
2.890122375488281250e+02
2.898112182617187500e+02
2.896933288574218750e+02
2.896802062988281250e+02
2.882387695312500000e+02
2.890122375488281250e+02
2.887631225585937500e+02
2.891432800292968750e+02
2.886190795898437500e+02
2.890122375488281250e+02
2.895362854003906250e+02
2.878195495605468750e+02
2.887372131347656250e+02
2.893794250488281250e+02
2.896672058105468750e+02
2.889992980957031250e+02
2.896413574218750000e+02
2.908194274902343750e+02
2.899161376953125000e+02
2.894052429199218750e+02
2.901910095214843750e+02
2.895362854003906250e+02
2.900731506347656250e+02
2.900600891113281250e+02
2.887631225585937500e+02
2.898112182617187500e+02
2.893923034667968750e+02
2.871894531250000000e+02
2.892742309570312500e+02
2.887372131347656250e+02
2.880947265625000000e+02
2.894052429199218750e+02
2.877142028808593750e+02
2.895492553710937500e+02
2.875317382812500000e+02
2.888553771972656250e+02
2.893794250488281250e+02
2.903089294433593750e+02
2.896542663574218750e+02
2.886190795898437500e+02
2.896672058105468750e+02
2.883440246582031250e+02
2.880689697265625000e+02
2.879378662109375000e+02
2.893923034667968750e+02
2.896542663574218750e+02
2.899032287597656250e+02
2.881873474121093750e+02
2.889736633300781250e+02
2.891174621582031250e+02
2.891174621582031250e+02
2.885933227539062500e+02
2.891302795410156250e+02
2.895232849121093750e+02
2.897723083496093750e+02
2.904140625000000000e+02
2.869944458007812500e+02
2.876628417968750000e+02
2.872442321777343750e+02
2.894975891113281250e+02
2.892484130859375000e+02
2.893794250488281250e+02
2.897594604492187500e+02
2.897723083496093750e+02
2.891432800292968750e+02
2.895103759765625000e+02
2.886061401367187500e+02
2.891302795410156250e+02
2.896285400390625000e+02
2.901650695800781250e+02
2.900470581054687500e+02
2.910811157226562500e+02
2.891174621582031250e+02
2.895103759765625000e+02
2.908065795898437500e+02
2.900341491699218750e+02
2.896413574218750000e+02
2.899032287597656250e+02
2.899032287597656250e+02
2.895103759765625000e+02
2.899032287597656250e+02
2.899032287597656250e+02
2.895232849121093750e+02
2.895232849121093750e+02
2.893923034667968750e+02
2.899032287597656250e+02
2.891174621582031250e+02
2.900341491699218750e+02
2.900213623046875000e+02
2.905577392578125000e+02
2.909374389648437500e+02
2.909374389648437500e+02
2.900341491699218750e+02
2.903089294433593750e+02
2.895232849121093750e+02
2.897852172851562500e+02
2.899032287597656250e+02
2.904269104003906250e+02
2.899161376953125000e+02
2.897981872558593750e+02
2.901780090332031250e+02
2.897852172851562500e+02
2.904398193359375000e+02
2.899552917480468750e+02
2.910025329589843750e+02
2.908716430664062500e+02
2.912379455566406250e+02
