288.3273
286.1698
285.34
283.1377
288.4013
287.9469
286.4234
287.5773
286.9681
287.8607
287.1981
285.6899
288.1718
288.55
287.6754
289.6661
287.2297
287.3146
289.4095
287.0381
286.6445
289.8452
288.8156
284.3368
291.8905
291.9263
285.8712
289.2742
288.5255
289.7273
287.1056
286.7746
288.3227
285.8242
286.6459
286.6873
286.9662
286.8831
291.5586
288.9329
290.6879
286.0594
289.6145
289.069
290.1732
287.9481
286.8936
290.4603
286.1594
287.8901
287.0991
287.3991
287.943
287.6149
287.4369
288.5699
289.0924
288.4874
288.7613
288.7637
288.5555
287.5723
289.5981
287.9084
288.8999
287.5892
287.8449
285.6326
289.1249
289.4722
286.9278
288.8697
291.2829
290.9936
290.3321
290.3
290.2419
287.1436
289.5203
290.766
290.8639
291.088
289.0567
287.9683
286.8994
289.2472
287.3914
290.1633
291.3297
290.3828
286.6097
287.8025
283.4858
288.8465
289.8199
288.289
287.5636
286.9209
288.0972
289.3707
288.8318
291.653
288.1576
288.0746
288.9
288.6466
288.2345
288.386
289.5478
289.9407
292.1688
289.8732
286.4742
287.2408
289.7201
288.5719
288.5696
289.797
288.5705
288.3683
288.8425
290.5956
289.7767
288.7531
286.5641
289.4326
291.0369
288.1783
286.6737
287.3976
291.6989
291.0216
289.4088
290.1136
289.8103
290.9373
289.2221
290.599
293.0982
288.152
288.5579
291.2845
290.3605
287.6519
285.6421
288.0221
288.7243
290.1105
290.2906
285.4431
287.92
284.8862
286.7827
284.1559
286.7435
287.289
284.9536
286.397
286.5717
287.6333
286.2877
288.1841
290.4723
290.1563
284.7086
288.1479
286.9297
290.2378
289.1162
291.0009
290.867
289.7008
290.4973
290.6185
291.1229
286.9871
286.9182
286.5679
285.6339
286.5965
286.6848
288.1455
284.6678
287.6185
286.4674
287.2343
285.7828
285.4799
285.7605
286.0916
287.9038
288.1539
286.2094
286.8086
288.6586
288.5276
288.8784
287.6534
289.1109
286.7249
286.7668
285.9736
289.7668
285.6312
288.1533
286.4044
286.5538
286.257
287.795
287.4595
286.0546
289.4803
289.3894
288.6781
288.9852
289.8008
287.0576
289.4028
286.7468
289.0181
286.9624
285.6854
286.7356
287.7143
284.4587
287.949
288.5761
287.0067
286.1384
285.5901
288.0303
287.7854
289.1048
289.3911
285.732
288.1785
288.7044
287.9701
289.2076
287.6706
287.0881
286.3978
287.1597
287.698
287.6536
288.4866
285.8595
288.065
284.741
285.4535
287.765
284.7661
284.6321
285.6196
287.7179
287.5977
287.8884
288.1306
287.4507
286.655
285.0059
286.4817
287.5446
288.2075
286.5302
285.7863
284.8349
286.8499
285.0648
289.4782
286.0787
286.0144
288.8549
287.7305
288.7652
288.7719
288.37
289.4832
284.982
287.5323
288.4832
289.4101
290.1866
286.778
288.697
287.3825
287.1364
287.0335
289.0121
284.8679
287.6435
287.3534
285.223
287.346
287.367
287.778
288.2173
287.1297
287.9026
287.3773
286.9124
288.6055
289.1094
289.172
290.558
288.9573
291.0573
288.0181
291.8178
289.9424
292.5356
287.9904
290.2448
287.4854
288.3947
289.1795
289.5827
291.0611
289.1333
288.09
289.6763
288.5853
288.9286
288.8179
293.4937
291.9391
287.8022
289.3028
288.1032
287.2106
288.7221
290.924
289.8037
289.0708
287.2639
288.6844
288.5343
285.4091
286.9901
287.2437
285.3574
287.7719
288.9454
288.5273
289.9713
288.0726
284.6928
285.4823
288.1413
286.5441
287.9662
287.0434
286.1309
287.8122
288.2967
289.1735
289.9582
289.0866
289.7833
288.6147
290.6672
291.1732
286.9652
287.2816
288.7515
291.7224
288.5302
285.8587
288.1235
288.6507
288.2686
287.2514
289.9441
289.1931
288.4905
287.4684
289.6057
290.7669
290.7632
290.8716
290.9988
291.0558
288.6868
287.6577
289.1023
288.7461
290.0417
291.0498
289.4458
289.5305
287.0706
287.356
290.1366
288.4816
287.6211
288.9677
289.3384
289.1492
291.9399
291.6449
291.6886
286.6294
290.0562
290.272
290.4086
292.0094
290.7181
290.1455
290.684
289.2747
290.6868
290.6127
289.9984
284.4135
288.8817
288.1634
288.4781
288.0903
288.3975
289.8533
290.8108
291.7494
289.4483
289.9835
289.7374
289.6828
286.5455
289.5495
289.3563
289.4243
290.2485
285.9287
286.2747
287.8311
287.1284
286.8884
289.9419
291.2986
290.5956
289.473
290.4534
290.1436
290.5764
291.9388
288.5806
288.5985
290.6061
286.4252
287.8327
288.3187
291.1364
290.3142
291.1781
291.4518
289.6284
290.3193
288.7953
289.581
290.9118
292.2759
290.6621
290.3286
287.7191
286.137
286.9963
289.5999
289.5293
286.0819
287.6696
289.4306
289.4
285.789
288.5345
291.1813
290.5414
289.1034
288.3468
289.944
290.5227
289.6976
284.33
288.9007
288.095
287.5152
286.9987
288.9087
286.8005
286.4474
286.4971
287.3104
286.4822
287.0605
289.1446
286.8568
290.5878
289.0802
289.9309
288.233
288.11
287.5338
288.899
285.0686
288.8968
289.0491
287.5182
287.3096
287.7956
288.4906
287.8387
287.303
286.8699
288.37
289.0152
284.945
288.5506
288.274
291.1362
290.3808
288.7134
287.2601
287.8367
287.4995
286.8153
286.4853
286.8468
288.1056
286.4561
287.9174
286.6625
285.1306
286.6466
288.9404
286.2555
286.4724
285.063
285.551
285.4374
286.0362
286.6354
284.6283
284.767
287.425
285.7351
286.8902
288.6569
288.1865
289.0641
290.6342
287.3918
288.5889
286.8571
285.7098
288.5142
286.1683
287.7012
287.2246
287.442
286.7559
285.0598
285.5075
282.7556
286.7797
288.6727
286.7796
285.3325
284.8868
284.8985
285.9153
286.8387
286.9509
285.6696
286.1272
286.2345
286.5603
286.8739
287.4463
286.783
285.2688
288.094
286.5374
283.8758
284.4285
287.2574
288.1085
286.2505
286.7032
285.9352
287.2109
286.3113
286.6307
286.0339
287.1331
289.8962
287.8803
286.7039
285.5516
286.6544
286.3552
288.9278
286.9576
287.0745
285.4383
287.5424
287.3695
286.5521
287.146
287.1512
285.7397
286.5675
286.7264
286.8432
285.8397
284.1992
286.3058
288.3474
285.2282
288.1554
287.0066
288.0313
286.6312
286.4372
287.5692
290.0378
289.0718
285.2896
288.5231
288.7422
287.8284
285.1624
287.9465
287.2579
288.5188
288.1633
288.4463
287.5724
288.8581
287.1602
286.3491
287.4818
288.39
289.3453
291.5227
288.3773
287.6409
288.7163
287.3636
287.0089
287.2471
287.901
289.9846
290.5254
287.664
288.4263
288.0618
286.8407
288.607
288.4994
290.4044
287.8376
289.2941
287.2182
287.0246
290.4407
289.5672
285.0828
288.851
286.4294
287.295
287.0271
289.4653
287.1935
287.6841
289.2341
286.2308
286.7935
284.4751
290.621
285.0548
285.1538
286.696
287.5801
287.4988
286.9636
287.1523
287.7035
287.6628
287.7209
290.1941
291.7452
289.1917
284.7813
288.9548
286.2324
286.3071
286.8645
289.2921
286.4617
287.5861
286.8455
290.7756
289.5472
288.9659
289.2055
289.2868
290.4379
290.9305
289.121
286.3484
286.1482
287.4853
289.4396
287.201
285.811
285.6997
288.6323
288.2811
289.9519
290.2215
289.8613
291.5623
289.602
289.125
289.5548
288.7379
289.7965
290.2868
291.6975
289.2934
291.0724
291.7649
290.9485
287.7511
287.7997
290.0283
291.3068
290.8181
288.9234
287.8701
289.1969
290.9557
288.0127
287.4854
289.0675
290.7545
291.0651
289.9382
287.2025
285.7261
288.0959
288.6207
287.9403
289.6379
290.1718
288.248
287.1925
287.9718
288.4382
291.0118
289.8442
290.4637
287.8441
289.9906
290.7792
291.0916
291.0388
291.3442
291.1898
290.8302
289.0103
290.7524
288.0949
289.3688
289.8466
292.6638
292.0609
290.7966
291.6589
292.3668
290.2124
289.265
287.6275
286.968
288.0571
288.3848
288.0127
290.4589
291.4684
288.992
289.119
287.6457
287.6521
286.8098
284.6485
285.3156
285.9144
287.8707
286.3334
288.8143
288.4016
287.0169
286.8071
288.1167
287.2256
287.2563
287.9655
285.1392
286.5185
284.8271
287.7547
287.8552
287.3597
289.7591
289.1178
287.7142
288.2562
289.542
288.8763
290.8348
290.0553
289.4173
289.9569
289.9312
290.329
289.9644
289.3798
288.8454
289.2556
288.641
287.062
287.5789
287.9494
288.8547
288.8093
287.1913
287.3665
286.3971
287.4626
286.5074
283.7567
287.9632
288.2939
285.9034
285.4224
287.2315
284.99
286.9716
288.1695
285.0267
286.5263
285.1683
285.4198
287.647
285.742
283.5958
286.4793
287.8463
287.0224
288.1016
288.3194
284.5488
286.1008
284.3387
287.036
284.7113
285.9055
283.2212
283.382
286.8875
286.8588
284.0159
286.1323
286.093
284.4796
286.7568
283.9063
286.9286
286.3568
288.4167
285.9536
287.8205
284.6093
285.5526
286.4102
286.1921
286.1095
285.586
286.8702
286.7863
284.5839
286.4823
286.4059
287.7706
287.6573
285.4937
285.9462
287.4128
287.1645
289.7446
284.8484
289.4305
288.2122
284.7664
286.9455
286.3755
285.9596
285.0869
286.4818
285.0893
286.9712
286.6677
286.0795
285.8982
287.0795
285.7408
288.2877
281.2749
285.5093
285.6409
287.1136
286.6384
285.1389
286.6213
287.7748
286.556
285.6232
285.2432
285.2747
279.4341
286.9911
286.0193
287.3501
287.9042
285.5074
290.0627
289.7302
287.3497
283.9093
284.598
286.7663
286.5603
286.9337
286.7395
287.601
283.8013
288.6616
286.0333
286.0446
286.0031
287.9659
287.4413
287.5769
285.2718
286.0538
284.4099
285.9772
286.8165
285.1197
285.5591
285.8456
290.3121
288.4351
288.8507
287.2779
288.1883
290.7961
288.4499
286.3115
284.8256
285.0729
286.1772
284.785
284.3091
287.6161
286.9198
287.084
284.9181
286.5108
287.6455
287.9327
287.2526
287.8761
287.7063
290.2162
287.8482
287.8711
288.5115
289.6817
289.4734
288.9739
288.1053
287.66
285.8221
288.2711
289.5939
288.2258
287.6501
287.0224
288.628
288.1117
288.8789
289.0068
287.3179
288.5685
289.5038
290.1145
288.4884
289.7208
287.0303
287.5422
287.02
289.2755
286.8829
288.9688
288.4922
287.6974
289.7945
290.7859
288.9679
288.0254
288.2071
286.3786
288.5064
290.3475
290.6872
286.0824
287.2094
287.9811
287.7907
288.9217
288.0903
288.2833
289.2465
289.3956
287.56
288.3542
288.3672
287.6612
288.761
290.0168
290.3749
290.6377
290.2295
288.7761
287.4958
287.6181
288.0548
288.8258
287.6151
288.2926
288.6095
284.2906
285.877
285.831
285.5951
288.6034
287.5974
290.0615
289.8798
288.6525
290.3332
291.5158
290.4936
289.7488
289.412
290.2857
290.8677
288.4115
288.4276
289.1542
286.6289
286.8617
287.6071
288.5546
288.7791
289.8705
289.7921
290.5369
284.588
289.6161
287.3594
286.7065
288.3818
289.061
290.6619
292.1569
290.6948
290.2591
285.1628
287.1289
285.283
285.8171
286.7164
288.0586
289.3109
284.1621
286.8584
287.7082
288.1999
286.4282
288.8912
284.5699
289.0919
288.501
284.4469
287.4701
289.391
289.2205
290.5192
290.6256
291.4931
291.473
291.3376
290.5403
292.8943
290.2703
289.3626
284.539
286.7889
287.4507
288.2123
288.4969
285.0477
286.1553
283.4938
285.9001
288.2795
288.4307
288.644
287.4228
287.4644
291.3767
292.7787
289.2309
288.1355
286.2161
289.2023
291.4176
291.1575
291.0306
290.4962
288.881
288.3265
291.4049
290.6925
292.9536
292.2711
290.2358
288.8668
290.4796
291.0416
290.2604
288.909
285.8688
287.8077
289.4702
289.0907
287.1143
286.9683
288.3772
288.3203
288.3606
285.1225
287.0874
285.9997
286.9062
287.0871
286.5727
286.9729
285.6305
286.5055
286.6989
285.8669
285.1605
283.7456
286.7086
284.9019
286.549
286.8025
286.6871
285.3088
285.8558
284.9424
287.2188
289.0107
287.662
285.4557
286.9697
286.3493
287.751
284.9118
286.7737
287.961
286.067
286.4958
286.2313
286.2203
286.2715
288.089
287.4694
287.1731
285.4415
285.6727
287.8904
286.3284
286.6393
284.315
285.7973
284.4509
285.9886
289.7651
285.9406
286.8557
285.4565
286.4893
286.1407
286.1751
286.2221
283.5725
282.18
287.639
284.7743
288.0904
285.6642
286.709
288.6863
287.4221
284.0433
285.1281
285.7101
288.9156
288.0904
283.8191
285.0737
286.1748
286.4208
286.4976
285.5925
287.5905
287.9261
288.1316
286.3998
284.1025
287.8759
286.9871
286.7465
285.6291
288.0526
285.5705
286.6365
288.6758
289.8567
288.2085
285.3817
286.252
288.1005
286.9303
287.0411
288.0306
287.4572
287.6743
289.9733
286.0389
286.4634
289.0785
286.8513
289.149
286.8394
286.4994
288.5454
285.7221
288.6487
288.1613
290.9377
290.2464
289.4182
289.9425
287.9091
289.4807
288.4634
288.0997
289.1835
288.5201
289.3262
287.8567
288.6309
287.0983
286.6931
286.3903
285.4639
286.5758
287.4435
286.97
288.7936
290.0415
290.8344
288.0208
287.3279
286.8226
288.1902
288.749
288.9452
289.4751
291.2381
289.7446
289.4212
290.3383
289.5616
288.8417
288.4839
287.0712
285.9215
286.9944
287.954
288.7243
289.8165
290.2888
288.445
285.3321
287.9309
288.6718
288.4596
289.6233
290.2935
286.4306
289.375
287.8706
286.8487
286.3091
287.0052
291.2751
289.979
289.6893
290.2467
289.914
289.5057
290.2572
289.2778
290.0474
291.1527
291.7147
290.1407
290.6093
291.9175
291.6658
293.1928
289.9229
290.7881
290.6137
291.3002
290.9836
289.5016
290.6319
290.221
290.9643
287.5652
291.8707
291.0512
288.8588
285.938
290.7314
290.0743
290.0934
291.8598
288.3965
289.4676
289.6378
287.7246
291.5319
291.5997
292.6664
290.8765
289.2528
289.1468
289.4471
290.5452
287.2864
287.9434
287.0252
287.0722
288.8151
290.6538
290.0732
289.1144
286.7605
287.9416
286.3016
285.5905
284.0284
286.4018
287.002
287.8341
287.9327
289.0246
289.8386
290.339
290.7653
287.025
290.837
290.3434
291.029
290.2688
289.0565
289.7801
289.8533
289.058
288.3557
288.5877
289.7835
291.2866
290.402
291.1612
287.3649
288.0686
286.9832
287.9002
286.2354
291.5668
288.9923
285.1492
289.8224
291.2361
291.2268
288.4824
289.3448
286.9129
288.8605
287.2956
287.041
290.5035
287.7367
289.2543
285.9046
288.1541
286.0707
286.4739
287.7606
288.0179
287.9082
289.395
287.9536
288.5577
291.879
289.1072
286.0324
290.2414
291.0824
290.0343
284.7156
289.4032
287.4811
287.804
287.2267
288.9605
287.3231
288.4857
288.5595
280.2062
287.9014
285.382
287.2821
288.4161
286.8328
288.7149
286.2328
287.1299
287.3877
286.5468
287.122
288.6968
288.6417
288.4969
287.4236
285.8196
284.266
285.0649
287.5066
291.0424
289.4193
289.4599
288.3848
291.2617
289.7661
291.1876
283.5698
287.4796
286.8624
284.4094
287.6436
285.5759
287.6182
287.746
286.9866
285.0552
288.3375
286.8141
285.196
288.2108
287.547
287.4113
286.4839
287.2328
287.0533
287.3179
285.6783
286.8781
287.7425
288.3855
289.5815
287.6044
286.6149
287.6694
285.4169
288.5806
288.2108
288.1254
287.2142
286.243
285.8706
286.1735
286.2442
286.0018
290.1658
288.1269
288.5569
290.7415
285.6467
288.1915
284.8866
288.0097
289.3568
287.554
288.1388
287.0599
288.7631
287.7496
288.2266
286.0051
287.2605
287.7688
288.7034
287.3376
288.8996
286.9861
288.5056
286.5796
286.0283
289.3855
290.9067
287.4099
287.3717
287.3894
288.4264
290.3839
288.9543
289.8853
287.9922
287.6532
287.0721
287.6599
288.4954
287.5085
285.2865
286.767
289.6816
289.7138
288.1091
287.8104
287.5714
285.4624
286.1979
285.6547
286.6845
287.0275
286.8189
286.3535
287.8092
288.2691
289.4597
289.0114
283.4826
287.3341
290.4391
291.0341
291.075
289.946
289.0078
290.3347
289.931
288.4892
288.776
289.3758
287.238
286.1009
287.4375
289.0329
287.1492
290.7461
290.7649
291.16
288.8775
290.2523
289.8893
290.1532
289.7015
289.8245
283.979
287.6476
285.1673
286.4971
288.3739
288.4598
287.372
287.9523
287.964
286.6356
282.8438
289.3259
289.6964
289.5138
289.6945
288.6916
288.2125
290.3132
289.3467
283.6183
286.5667
289.1358
286.3889
288.027
289.8877
290.7282
290.1519
292.4595
290.9489
288.1641
287.8397
288.2861
288.5313
286.1311
286.7054
287.7879
289.1914
289.9762
291.5846
291.3126
292.0146
292.3661
290.5442
291.1216
290.0842
289.1793
289.171
285.3611
287.7266
286.1518
287.1099
287.4135
287.156
288.1718
287.4846
288.227
285.3273
286.7906
287.4
290.2063
287.4301
289.8545
289.7796
291.2196
286.6288
287.9986
288.7827
287.7917
288.5995
289.062
291.0832
291.3775
292.5604
291.7173
285.5729
287.8173
287.55
288.7156
288.5354
287.5258
285.4808
284.6568
285.1844
284.4255
287.7422
288.1588
283.7164
284.9601
287.3763
289.1082
286.7622
290.5178
288.1892
289.2183
286.3539
286.5901
285.2043
284.1245
284.1464
284.0642
282.1245
285.0905
286.2573
286.7338
285.6193
286.6809
288.1646
285.8625
283.035
284.2364
286.0424
288.2682
284.5103
287.233
287.2231
285.1028
285.3328
285.6613
285.8571
286.028
286.8884
286.6779
283.8713
284.6049
284.278
286.0328
287.6265
287.3837
285.9786
288.9476
286.9505
285.0934
284.442
284.633
284.677
284.5419
283.1991
285.1496
284.6584
285.7066
286.6465
288.8586
285.8177
286.8479
286.9963
284.1648
287.6581
288.4564
285.682
286.4624
287.9023
286.2893
285.9216
288.7625
286.0141
285.1033
287.0138
288.8185
286.3917
284.6497
285.0895
285.7198
284.796
284.0915
283.2021
285.2249
284.9864
283.9406
285.5851
285.239
285.0333
285.0308
284.2086
285.6967
288.348
286.7282
284.6467
283.2982
285.7156
287.2191
284.164
287.5121
283.1606
285.623
286.8551
286.7412
288.1463
287.1718
287.1455
287.1498
286.4389
287.3629
287.2502
286.9065
285.4034
285.979
286.8375
287.2394
290.9251
284.3959
287.2555
288.6324
285.2408
287.591
287.1688
287.0432
282.7883
286.5444
285.5284
287.0059
285.3482
285.3449
284.71
283.4861
289.5412
287.461
284.6681
286.4414
285.3219
287.5964
287.0506
287.2667
285.0945
287.0863
284.5602
286.2024
285.4383
287.0439
286.0686
284.9138
286.569
287.6731
286.8779
287.1735
285.8814
282.9664
286.1614
284.122
285.7884
285.0388
287.7264
289.4079
288.3651
287.3221
286.9757
287.1669
287.2047
287.8723
287.8478
286.4287
288.0602
285.1863
288.1168
288.2915
289.0328
287.7888
288.557
286.2216
288.3469
285.8842
287.9214
287.6061
289.2062
287.9868
286.9196
287.2863
290.6794
289.8867
288.8185
289.7318
288.3079
287.6769
286.4642
286.4252
286.1422
286.5366
286.6568
288.0684
288.3066
288.2335
288.0508
289.343
285.1848
287.7842
287.5509
288.8724
288.4049
286.5121
284.8768
286.7861
285.388
288.4842
286.3614
289.3058
285.9314
288.1154
287.803
289.64
285.8166
286.2393
284.8627
286.7045
287.2433
286.288
286.579
288.0727
284.3189
286.5641
283.5822
285.8638
285.9241
282.8177
282.6863
287.6399
285.7143
284.2421
286.534
287.0999
286.6516
289.4686
286.7498
288.3451
287.5211
288.2907
288.8244
288.1396
283.8292
288.397
289.6461
289.3241
285.9507
287.7127
288.069
287.5596
288.2652
288.9627
288.7205
287.5972
286.9933
290.0465
288.5248
286.9405
288.1469
287.3682
287.7842
286.5875
288.112
290.7419
290.0933
287.7728
288.3195
290.1874
289.3061
292.771
289.3742
289.3192
287.8526
289.7891
288.864
289.6217
289.7003
292.9156
290.8635
290.2905
287.7638
287.1354
288.9941
286.5607
289.2079
287.6477
289.3863
285.948
285.8966
286.4509
286.5893
284.8109
284.0399
284.7549
285.8156
287.2398
284.9074
287.5127
288.4665
289.2744
287.7824
288.2813
289.6254
290.8252
290.142
291.1904
288.9328
287.5269
288.162
285.1081
285.5846
285.6169
286.4774
286.0883
286.4171
286.9461
288.3152
287.0936
287.0956
287.24
287.6393
290.6727
287.145
285.1767
281.2295
287.7949
284.6725
288.5284
289.0386
288.5309
287.1926
283.5162
286.6923
285.024
285.5899
286.0192
290.0838
285.1964
286.8566
287.294
284.9653
285.8403
286.9631
287.3685
286.4787
287.4001
290.5082
288.7815
285.9361
286.904
283.557
285.9785
284.1082
283.3441
285.798
286.3857
286.6461
287.3636
288.6948
286.0822
285.4586
287.4561
285.2069
285.6519
285.0039
287.0159
285.3892
285.7671
286.5421
285.3796
289.8591
285.7911
287.9351
287.7465
288.9324
286.0711
285.0406
285.6878
286.354
285.4398
285.4682
286.8617
284.8402
285.1277
285.3896
286.7069
286.6032
286.0491
285.7878
285.7947
287.322
284.595
285.5024
287.5426
285.8919
284.5297
286.6763
287.5023
286.0965
285.4695
286.7481
284.0899
282.8586
284.9123
287.7596
283.6306
286.2997
285.7389
283.5473
287.1641
285.39
285.9977
286.6363
287.0894
284.9036
286.0984
285.6589
285.362
285.8176
285.1106
284.8429
283.9298
286.3505
285.9387
284.6595
287.3167
285.4951
286.9974
285.4429
285.3815
288.0506
285.1575
287.6569
288.0376
290.3026
288.5086
289.5377
285.8613
287.9708
288.1933
287.542
287.2142
284.2808
284.7118
285.5596
283.1318
285.7833
285.8052
286.0071
285.3151
285.1317
285.1851
288.5858
287.6971
285.0415
288.3883
287.0705
287.5843
287.7331
286.2784
285.5194
285.8855
286.9011
286.7007
287.5121
284.8914
285.3398
287.3593
287.5222
286.622
289.8373
288.1015
287.8434
289.0495
288.1481
286.2021
287.3173
290.4049
286.5212
287.8438
288.692
290.4154
290.0892
283.1968
285.8354
286.1879
286.2554
285.1335
286.5764
284.57
283.6032
285.1482
283.388
284.5202
284.5814
284.1152
283.8721
284.3411
286.4259
282.619
284.5806
285.6112
284.9996
282.4766
286.2126
285.0502
280.9005
282.9469
283.4568
283.5891
286.8663
285.1278
286.2473
286.7262
284.9022
283.6788
285.5919
284.0743
284.2901
285.3666
284.2835
286.9141
286.191
283.796
285.192
286.4919
283.323
283.4137
283.7585
283.1915
284.9747
284.9605
284.8234
285.0889
286.5739
287.7533
283.0326
286.5838
280.9991
285.7271
284.2965
282.5302
284.1992
283.3879
282.3298
285.2729
284.2351
283.7803
284.9892
284.887
285.2229
284.4974
284.8231
285.7223
284.9962
285.45
287.7222
288.1982
286.8411
285.2966
284.042
283.9975
282.9979
284.8972
282.5289
285.3241
283.9851
285.2621
284.6468
283.7526
285.7549
284.8546
285.5991
285.9347
285.8451
285.5475
284.3026
283.7307
286.2626
284.2213
286.2188
283.9371
285.1472
283.3008
283.8582
284.7214
284.7458
284.5166
285.924
285.9826
284.966
286.5335
285.3401
286.529
286.4264
288.4176
288.0211
288.0752
285.459
284.3603
284.6015
286.645
283.6688
286.7599
285.6607
285.3456
288.362
286.8569
287.6304
285.7239
285.7911
287.3771
285.133
285.3064
285.3904
285.753
285.2329
285.6964
284.4879
284.1047
284.4907
286.7567
287.6236
286.67
288.7964
285.3664
288.2518
285.8896
286.2354
282.94
284.7576
285.8547
286.9888
288.0116
288.3251
287.9595
288.7706
287.0717
287.6534
288.1457
287.2016
287.4241
286.8953
284.9576
286.5456
286.8827
285.5373
285.3652
286.8276
287.9972
284.6342
287.8545
287.6467
285.2094
285.4116
288.6858
287.0203
286.515
286.9315
284.19
287.0192
285.3839
287.5972
286.6039
285.3918
287.4822
288.9455
288.6812
287.2061
287.7199
287.2025
286.9428
287.6215
287.6505
286.2825
286.6561
285.488
284.9147
285.2304
284.758
285.2987
285.5604
287.4241
288.5356
287.9433
286.3093
287.2985
291.1496
288.5045
288.9111
286.9556
286.273
287.8039
286.6573
290.9312
288.3293
288.2706
287.9923
287.4899
287.9376
286.7413
289.9844
288.3368
289.389
289.101
288.3422
290.0868
289.0386
287.2183
287.1283
286.7703
287.5017
289.2243
287.5549
286.3281
287.903
288.4066
286.9796
290.1943
289.5846
287.3661
289.6465
289.8333
289.8966
289.3402
291.5569
291.9359
289.519
288.8257
288.8554
286.0559
286.7419
286.9032
289.143
287.7128
288.4358
289.2749
287.7468
288.3366
288.1279
288.6379
288.5728
287.5492
287.2603
289.8408
289.2021
289.3349
288.5132
290.4143
290.7878
291.6017
289.3407
288.8664
288.9964
287.703
287.7567
288.0217
288.9634
288.9764
288.5165
288.7288
288.5249
285.2997
288.6066
288.1021
291.1141
287.5808
289.2876
288.9455
285.3599
287.0501
285.5824
288.7209
287.0281
288.0616
288.4437
286.1491
287.5755
287.4805
288.5826
289.7082
288.3563
289.3793
288.254
287.6439
287.7086
287.8157
284.864
286.203
285.6358
286.1561
286.5294
289.1653
288.8206
288.894
290.2357
288.5028
287.9211
287.6816
288.2104
291.0314
290.2707
291.4543
291.7502
290.086
288.8406
288.6604
285.942
289.9682
285.9226
285.317
285.9811
286.4908
287.8931
287.3551
287.2754
285.6831
287.5409
281.4042
286.5354
283.9966
287.3314
286.6455
288.5186
286.5617
286.5373
287.7361
286.3739
284.5038
285.3893
287.4507
284.9341
287.5289
285.3391
285.3648
287.1488
289.1786
289.4674
290.1186
290.2173
287.946
288.2864
287.8761
287.5677
287.0367
287.047
288.1925
285.0096
286.2371
285.1422
286.9407
286.2417
287.8678
287.1402
287.5691
287.7337
286.7696
286.407
286.7933
288.7005
283.6048
286.3042
285.7756
288.1261
287.2327
284.5049
284.5847
286.3588
286.4235
285.7559
286.1515
286.0141
284.5073
285.885
285.6541
287.1265
287.5981
287.5439
288.5515
286.8891
287.6449
287.7882
287.9095
286.4999
288.1226
287.4999
288.6282
284.4453
286.0434
286.214
286.8675
287.2935
285.5693
285.7022
285.8321
285.8029
286.4691
285.6993
286.2759
285.5761
286.3792
286.081
284.4132
284.8466
286.6861
286.1147
288.8475
287.3629
284.7469
284.9667
283.4415
285.9465
284.8636
286.1346
285.0164
284.2484
284.6061
284.8419
284.2338
284.8254
285.8945
285.8922
285.4471
285.2961
286.1458
285.22
285.6905
286.8821
284.9048
285.7336
285.6614
285.8072
286.7379
287.4044
285.7292
288.759
283.5482
286.1242
285.7316
285.5351
286.3504
285.4864
285.184
285.8872
286.4157
285.9295
287.223
285.2014
283.6036
284.8102
285.6408
285.2796
284.1
285.1078
287.7747
287.6598
287.6801
286.979
288.4202
286.1869
288.6195
285.1404
286.5618
287.6999
284.5126
287.2408
284.8238
285.6399
284.3031
286.4872
285.6246
286.7749
285.1233
284.4215
284.7161
285.5586
283.8454
285.3733
286.5322
285.4942
286.6891
287.9865
286.6712
285.9637
284.3997
288.7219
288.3308
288.3217
289.1456
287.1477
285.9368
286.4662
286.3971
284.0554
283.3098
284.6345
284.9809
285.9994
287.6069
287.7524
285.9329
286.1488
284.4544
288.2951
286.1012
284.9991
285.0892
285.9548
286.3334
285.701
285.305
284.843
288.3694
288.6074
283.3629
286.6585
285.2201
283.1593
285.9032
287.2514
288.6521
288.9544
289.9255
285.944
285.4088
285.9204
287.0097
287.1033
284.9217
287.2914
288.2458
287.7452
285.2657
286.1465
285.5084
286.6309
284.8394
288.197
285.5665
286.4911
287.7308
286.4633
286.5884
285.2409
287.8694
290.2711
291.4087
287.5786
288.4106
287.5707
287.5513
289.2317
290.142
289.1026
285.9532
287.6397
290.635
288.4132
288.5782
288.9619
290.4379
288.0406
289.5248
287.2378
289.9613
288.5884
290.3174
290.2911
288.3712
287.5269
287.3763
289.8828
289.8021
290.1409
291.0883
285.8432
288.53
288.233
288.7781
287.1018
289.1551
289.3092
293.0042
289.9431
290.2958
287.4598
289.2707
289.8203
289.477
286.9319
287.9752
288.4221
288.508
289.5599
290.5977
289.5616
288.9872
289.9887
289.6218
287.7094
288.9541
286.2611
290.0653
286.2425
288.8539
292.3961
289.9794
287.8083
290.0186
288.3282
286.871
288.694
288.2218
286.9725
289.6342
288.0311
288.2354
286.9488
287.7111
289.4679
289.0684
290.147
289.7349
288.5368
284.6263
284.7162
286.7218
285.0239
285.7002
285.9062
282.7359
287.7008
287.0655
289.0513
286.4727
287.8975
290.6235
290.6665
288.4388
285.5548
288.9838
289.9239
284.8484
287.6892
287.8328
285.7966
289.079
285.0832
288.061
288.3979
286.0177
288.1726
287.2369
286.8409
286.7902
286.5025
289.2762
287.2611
286.1365
285.3728
287.3239
287.5179
290.1219
286.6215
287.1208
286.8638
288.2951
287.7628
286.2311
287.3402
287.445
288.7229
287.1078
284.8102
284.565
287.6794
288.7386
288.9467
288.2921
287.6343
288.5329
290.9665
291.084
291.8659
290.1228
290.5848
288.7619
285.3918
287.4938
290.3925
285.721
286.1942
285.9068
286.7264
287.2691
290.988
285.3398
284.9513
285.0188
288.457
286.7778
286.7767
285.2077
287.0999
287.6758
288.1644
285.4914
289.7952
285.5075
288.7207
285.8812
287.7707
285.7698
286.6952
285.5795
288.0799
284.8281
285.1611
285.6164
284.3099
288.2272
282.1479
285.2167
287.261
285.1279
284.6107
286.8362
288.2894
286.3149
286.8357
287.4691
287.7786
285.6667
282.7253
288.0233
287.1592
287.6397
287.5716
284.4929
288.4011
287.9108
285.4335
285.3812
286.1334
285.3788
284.3324
286.612
292.1281
288.9765
288.175
286.9692
285.7155
284.9396
289.4854
287.0128
286.7164
284.3647
288.5019
290.3242
287.5698
287.2285
288.4486
288.166
285.961
285.3051
289.304
286.9799
286.8182
283.2622
286.6906
287.6922
287.5587
285.3918
287.1934
287.5957
284.4145
288.5946
285.1618
286.5671
284.1411
285.5609
285.0934
284.2554
285.9608
282.824
286.0714
287.1937
285.6482
285.6717
285.5354
284.0782
285.3064
288.0029
283.602
286.8676
285.7692
284.4717
285.1424
284.9083
287.8807
286.0514
285.9301
286.3706
282.7491
284.8076
285.6398
285.7224
287.2823
285.3329
283.6949
285.0673
285.1313
284.7929
284.5537
285.0998
284.8138
288.0412
286.6582
286.9315
282.994
286.0961
285.9946
287.0023
286.2603
286.4573
285.9571
287.3662
286.8276
283.0751
284.1378
286.1379
284.7775
285.357
286.5888
286.5801
288.2614
287.8692
284.0387
285.4675
284.9672
284.7422
286.0173
287.3094
285.6312
285.2776
286.7217
286.0711
285.2192
284.9206
289.7009
288.4801
288.4269
286.222
287.0484
285.2098
285.814
287.9941
285.3326
286.6971
286.6369
285.7311
287.4498
287.3246
286.0073
286.156
286.3513
289.3309
288.0219
287.0753
289.7044
289.2416
289.4033
285.2299
289.0724
288.0872
286.9116
289.425
287.8386
289.2753
288.8611
288.7047
286.8414
288.1579
289.1263
294.034
289.5799
290.8745
285.0304
287.7534
289.1053
288.7109
288.7119
285.7624
287.6147
287.6734
286.9742
285.2763
284.7491
288.04
286.2245
288.5013
286.7054
286.4448
285.7407
283.642
289.1098
285.2943
290.4271
286.0092
290.9901
287.132
288.0769
287.1024
287.4311
288.4921
290.2099
288.5793
289.0965
286.9081
286.2361
288.4168
284.5681
288.7041
289.4206
288.7498
288.6384
289.0297
288.0961
287.2981
287.6449
289.6513
292.6089
291.2645
290.3805
288.1429
285.2769
284.5025
285.888
289.5292
287.443
285.5085
286.6659
286.8767
288.8687
289.986
287.2699
286.7988
288.3488
289.3522
288.3289
288.401
291.8257
289.8
284.9059
284.9533
289.6451
286.7534
285.189
287.9973
287.5789
290.7189
286.455
287.0389
287.4691
288.5716
289.5024
288.0062
290.111
288.6526
289.1994
286.004
284.0742
286.6949
284.707
286.4996
288.4403
285.3542
285.3455
286.5903
286.4463
286.2249
288.2838
287.0427
289.0963
286.5104
285.8293
285.4453
284.6147
288.8199
285.4572
287.462
289.2648
288.3234
285.1324
285.4806
287.6991
288.4214
287.2306
288.9842
288.8644
286.3193
287.7258
288.0516
285.8013
285.1373
284.7689
286.9697
286.5971
287.5031
287.6441
287.1388
289.3807
288.75
285.2846
287.5672
287.0642
285.5834
286.7159
286.9448
282.5954
284.9512
286.4028
284.5133
286.0959
287.0692
286.5954
286.0357
286.2815
286.2599
286.4234
285.8791
285.5027
284.4082
288.0573
285.9538
285.7881
286.1329
285.5852
287.5119
287.2104
286.5951
286.8661
286.0973
284.7261
285.107
284.3387
284.7499
285.8553
285.4368
285.691
286.8469
287.7414
287.0969
286.8978
288.0751
285.3033
287.8839
284.4667
286.6539
284.8597
286.8327
285.1496
288.6546
287.855
289.0984
286.6623
288.6295
288.6452
286.9947
286.8104
287.0706
286.4816
286.4035
286.9208
285.8278
286.1529
287.9046
287.236
283.3338
288.5718
285.1494
286.2803
285.1132
282.4828
287.7073
286.9496
287.3191
288.1702
286.3701
286.5046
286.2196
287.9774
285.1381
285.5618
284.9427
286.8923
285.2504
286.4387
286.0642
285.7016
285.7464
286.0146
283.811
286.4283
286.7036
286.2881
285.7034
284.6321
286.1844
286.986
282.7973
286.6793
285.55
287.9816
288.1156
288.6952
285.6591
287.4297
286.7612
286.9959
285.2672
285.378
284.357
287.8266
287.6635
285.452
283.7915
286.4142
283.8362
286.7864
284.8317
285.6591
284.4544
282.8222
284.7997
287.7231
285.9338
287.1108
289.6068
288.3109
288.9592
287.4349
288.0005
289.706
292.2018
287.5096
286.0058
286.6557
290.3521
288.3598
289.6544
288.5763
289.7345
289.2949
288.2827
287.2466
288.3626
287.03
285.5337
286.4578
285.3481
282.6264
285.47
286.5924
286.6292
286.0458
287.3957
285.904
286.7328
287.4164
286.8636
284.4926
287.4683
287.3258
286.3344
287.8535
286.5887
287.2635
286.7202
284.6747
285.083
285.7591
286.3287
286.8314
286.9579
286.7097
287.1861
287.01
287.1244
286.5816
286.7196
288.1389
288.1177
287.3441
286.2048
284.257
288.1031
285.6486
288.7492
286.8103
284.9756
285.8259
286.8754
282.8954
288.442
286.8159
285.4773
286.1357
287.3716
288.9952
289.7457
287.9885
288.2249
287.2194
286.1229
286.5581
288.4903
288.8242
286.0351
285.8763
287.8907
288.7743
291.0567
290.4787
290.9497
286.7661
289.4395
288.0272
288.0168
286.4485
286.7065
290.3792
286.8942
287.6752
287.2131
288.8925
287.5412
288.5836
289.8884
287.769
288.3152
290.9959
287.2944
289.686
288.4133
288.0551
286.5064
286.3869
286.4135
289.9219
289.6225
290.3094
288.8521
288.1907
290.4249
288.9546
290.1738
291.7072
289.1502
289.1156
286.984
287.7833
289.5812
286.4516
289.7544
288.3201
290.3333
289.7844
289.3765
288.8627
288.7958
286.2302
288.6044
290.16
288.1639
289.4253
290.6225
288.8561
287.6008
287.7986
287.2963
292.3774
289.7991
287.0062
288.1016
288.158
286.4159
288.6093
289.4163
287.3359
289.7582
288.4207
287.2835
286.5298
285.8519
285.2033
286.2769
282.4244
286.1678
288.0551
286.1932
287.0717
287.7666
286.1979
288.9312
288.9217
287.413
288.014
288.0116
287.2796
287.0197
287.4345
286.5137
288.3121
288.004
288.8734
289.2185
289.1668
292.9173
290.9286
291.7717
287.4424
288.982
291.5881
283.9868
287.217
287.7346
287.2435
287.8727
288.8535
292.8657
288.0727
289.7118
290.9058
288.8907
289.4699
287.5315
288.5843
287.3561
289.3074
288.8022
288.9433
291.8807
290.522
289.1071
288.8539
289.0367
285.8485
287.4452
286.92
283.5362
286.6316
286.1526
284.972
285.2472
285.5409
284.8422
286.1755
286.7772
288.0572
286.0668
288.0923
287.034
287.6419
287.4735
287.6739
288.3317
287.7576
287.6836
290.1305
286.4174
289.6367
289.5509
292.0736
290.5528
283.3487
287.0632
286.8807
288.1323
286.7148
284.4134
285.2226
285.7416
287.3335
286.9641
284.0165
285.5992
288.3839
288.4668
288.9677
291.0104
287.4138
288.5671
290.7746
283.7981
286.6112
287.7108
288.5431
287.3231
287.9377
290.4689
290.8723
286.1744
285.6723
286.5416
288.3997
287.482
285.1916
284.6247
286.4984
285.6418
282.9307
285.2139
285.9202
286.4983
286.0421
287.5633
286.8646
286.6438
287.1127
285.7952
287.4599
287.5382
284.5863
287.6604
284.0326
287.9032
287.6996
288.1342
287.8687
285.053
287.6241
287.5444
287.5656
286.8239
285.869
285.6238
287.832
287.1245
285.2519
286.5875
287.5692
285.9569
287.8965
285.4694
287.0867
287.3114
286.4547
286.9359
286.218
285.5523
286.1328
285.9044
289.3736
286.5255
287.6503
287.6527
286.5454
287.486
287.3354
285.7061
286.8089
288.9209
288.5557
285.5089
288.3205
288.3088
287.7192
288.8297
285.7413
286.346
285.5028
288.8788
286.2685
285.9954
287.8289
288.8625
290.3295
288.3395
286.2288
284.8847
287.0407
286.1691
287.6813
288.7274
287.1036
286.1775
286.6768
288.6305
288.0577
284.2963
286.886
286.6026
285.9367
285.4819
287.7906
286.8792
287.9113
287.3332
287.1861
287.3921
287.3032
286.4829
284.6246
286.6664
285.4562
284.5777
284.3387
287.5768
287.1129
290.0283
286.0751
286.7397
289.0637
287.4944
283.3514
287.2794
286.1639
282.5697
285.9254
284.542
287.0902
286.381
287.4201
285.5709
287.6738
289.5998
287.4356
283.4015
285.6116
286.5413
287.9995
286.727
287.1705
289.1809
285.8616
289.6688
288.7414
286.8902
287.9427
289.3083
288.4044
288.5103
286.321
287.0338
288.9378
287.5206
286.8668
290.9945
287.8962
289.4829
282.3284
286.0577
286.0594
287.7229
285.7467
287.6695
285.3299
286.7397
285.7125
287.6022
286.1266
286.8051
284.6891
288.1287
287.9755
287.5179
284.9164
288.9922
288.8503
287.3335
285.0224
288.944
288.4418
288.2515
287.7805
288.7281
288.2295
287.8711
286.9384
286.4357
287.1408
289.5683
289.2463
288.0349
291.8445
291.0932
287.7516
287.3757
284.8549
285.2857
287.3446
285.4593
284.8241
287.2954
287.6552
286.8785
289.8685
287.7547
288.6064
287.6365
283.6366
289.0516
291.6255
288.9123
290.2111
289.1341
290.2869
288.516
287.6466
284.9501
287.8515
288.6064
291.7047
289.4663
290.7517
289.4539
287.9486
291.1922
287.9937
286.4883
288.4749
290.6043
289.7337
288.975
290.3199
291.0667
286.6713
288.8333
286.7779
289.1522
289.3472
290.2875
289.7275
290.2566
289.9767
289.7715
289.3202
285.4399
292.4033
289.3922
288.7234
289.8438
287.0902
287.1934
283.7321
288.5863
288.3076
291.2748
288.8952
287.1404
289.6614
289.1069
288.6348
290.2443
288.5469
289.8483
290.1875
290.3874
290.8061
288.9244
287.4473
288.3383
287.6232
289.0546
289.368
285.6505
288.5414
289.6588
291.1031
287.237
286.9569
288.6149
289.3317
288.5429
287.5551
285.3859
287.5306
286.1187
283.0221
287.7717
289.6567
286.6705
283.7877
289.609
289.301
286.9854
287.4398
284.3704
285.4006
287.7979
286.133
285.1991
289.2851
288.3372
290.675
287.5174
289.699
286.5782
286.8773
287.9763
289.3293
288.5733
286.2866
286.369
287.8874
288.1244
284.926
286.4163
286.3436
286.4341
288.2492
290.2904
284.7659
286.9654
285.3262
285.5906
286.5648
286.0457
285.0196
286.262
287.1426
286.4097
286.4078
288.4425
288.1153
286.3279
286.124
285.8929
287.7552
288.5924
287.4817
286.9335
287.7698
288.6088
285.912
286.7128
288.9235
290.1472
290.3462
289.4334
290.7086
288.8865
293.2602
287.6267
288.2161
284.7555
288.9881
288.4915
288.967
287.0293
284.2429
283.1895
288.6645
288.2319
286.6647
286.8819
286.6639
288.1646
284.9673
286.4567
286.5203
285.5
284.1523
286.2275
285.5135
285.7349
284.3719
287.4319
286.0499
288.5725
289.2753
288.5892
286.2255
284.7417
286.5248
285.9637
285.6808
285.116
285.7379
284.8398
284.8686
283.9424
284.4985
286.819
285.747
285.7966
284.4797
285.6762
287.9322
288.2319
289.6874
287.4138
288.6575
287.0728
287.1853
287.4677
289.8268
285.9874
286.4941
286.5164
287.9351
288.567
288.763
286.6727
287.7886
287.53
288.4451
289.0193
287.6667
286.2711
288.5552
289.4089
291.3103
290.2072
292.9503
290.5244
286.3035
285.9618
287.9007
286.5107
287.6685
286.4692
286.9539
284.9208
286.3892
286.644
285.0736
289.2589
286.1245
287.3124
289.2262
289.015
285.4536
283.1682
287.0911
286.8676
287.0187
288.424
286.2139
287.4581
290.2744
286.42
286.2683
287.8717
288.8267
286.1913
288.3607
289.3607
289.3162
286.8511
287.3431
286.7332
285.856
289.8719
287.6381
285.1013
285.928
286.3736
287.8844
290.2614
289.8705
287.8797
286.9026
286.928
287.6541
287.7327
288.1516
283.726
284.4055
286.0882
287.1154
285.6188
285.2834
286.5221
285.9413
288.5515
287.0842
285.9801
288.4899
288.1689
287.978
288.1497
289.2122
289.7911
291.1397
289.5672
289.5313
288.0397
284.8813
284.8432
288.8775
291.7675
293.3954
286.7042
291.3598
287.1241
288.6784
285.5528
287.7924
286.4572
286.2841
284.5431
288.5718
285.5488
288.5402
283.922
287.9955
286.898
287.415
291.5252
290.9447
287.4401
287.8054
290.4556
289.2164
288.1374
287.3131
286.8818
287.6693
289.1236
287.72
286.8362
285.9276
288.6214
287.2882
287.5547
286.6131
289.3285
287.58
287.6737
290.0467
291.2881
290.769
289.6282
290.3933
292.3816
288.7132
285.3908
286.1287
286.0594
286.8535
286.6169
287.4933
286.7554
284.2826
283.4694
286.5087
285.6246
284.6248
286.6648
285.658
285.8506
287.8088
284.4688
287.8074
285.1468
285.8068
285.2111
285.3292
285.1025
285.3857
285.3947
284.4916
287.565
288.1119
286.3629
287.2932
285.8124
285.9716
287.0708
284.8799
284.5159
285.2827
286.8583
286.1674
288.2248
286.2222
286.5871
287.0196
285.5945
285.985
284.6772
284.7924
285.1938
284.8142
287.0183
286.8963
281.9088
287.2126
287.5014
287.8172
285.6555
285.8187
286.4776
287.478
287.7414
285.4127
286.1807
285.8116
287.0238
287.0898
284.2725
285.501
286.3199
286.0046
286.6261
287.7179
285.1182
286.0501
285.6024
283.122
285.6678
285.3769
284.6539
286.2657
285.4763
286.5249
288.0363
286.2211
287.1738
286.0967
286.7305
286.4007
286.6348
285.9047
286.5975
287.084
285.9502
285.3595
285.742
287.0102
288.5848
287.5989
289.2642
290.3138
287.5387
287.1289
287.9802
286.9078
287.6776
288.6435
287.0111
287.5748
287.9615
285.9975
287.5018
287.8609
286.4536
283.1545
281.0807
286.9845
286.0978
286.9402
288.5511
288.9814
290.8062
284.7319
286.4171
285.7833
288.3686
287.623
289.7964
288.2531
287.0785
288.8582
289.0349
285.565
287.9097
287.8711
286.5306
288.8283
287.1156
287.5941
289.8794
286.7174
285.151
287.5116
291.2829
288.6829
289.3009
287.967
288.776
285.7536
288.0901
288.5764
287.0672
288.8056
289.2945
289.0422
288.8443
289.8305
291.56
291.5717
289.0761
290.8115
288.4463
288.026
287.0469
290.3424
289.9119
288.9312
287.6863
287.3675
286.782
287.5781
287.0377
288.4043
287.8884
285.9565
289.826
287.7817
289.3226
288.7048
290.1696
289.4861
287.4565
289.0446
288.4883
287.3566
290.6558
288.3753
288.3242
289.3982
289.0447
289.4581
291.5059
287.3143
287.1
290.5795
290.01
289.4151
288.523
287.7215
290.9223
291.3482
288.916
288.7144
289.3539
289.1894
288.3714
290.1509
288.968
289.2047
288.3373
287.6009
288.3233
288.5492
287.6577
285.8818
287.9435
289.318
290.28
289.7306
288.9245
286.9277
287.9436
289.0869
289.234
290.9479
288.3792
289.7618
284.3867
287.2543
291.1133
292.3127
290.0108
291.3972
287.8381
288.3725
288.7368
288.9393
287.9316
289.5474
289.8668
290.5851
288.2734
291.6472
291.3128
289.7986
290.0704
284.8321
288.1179
286.4693
288.139
291.2548
286.3834
287.5636
286.0781
287.2142
286.9636
287.386
288.4122
287.5779
286.1187
286.0517
285.928
288.6367
289.566
287.6404
287.7107
289.0133
287.0072
287.7314
289.5057
289.6891
288.8611
286.0334
286.2667
286.2232
285.5188
286.9384
285.9111
285.2036
286.8524
287.4474
287.6126
286.933
289.4188
288.9108
288.1559
289.8229
287.5589
290.7504
289.8606
288.3245
287.2951
288.865
288.9436
291.3399
288.5757
288.4831
288.1823
288.9818
288.9036
288.1156
287.6794
286.8909
288.9422
288.526
289.0402
288.748
288.247
285.6248
287.0168
286.3725
288.6186
285.4726
288.0578
288.8925
287.7894
287.1279
289.7917
288.8958
288.4492
285.947
289.433
290.2426
292.1044
291.5851
288.5768
291.5907
291.371
288.1357
288.9933
290.8318
290.1887
289.6255
286.9811
286.8432
287.0222
286.7787
288.5953
290.221
288.4795
288.9382
288.2679
290.8094
288.2396
286.5086
286.116
285.9099
286.7528
286.3596
288.0016
287.5055
288.8866
287.2689
287.0892
288.0347
288.0387
287.0299
285.1448
286.633
288.2732
287.9819
288.9729
289.6556
291.8313
287.618
290.8058
287.1954
288.5426
286.8809
287.6763
287.3105
286.8069
287.6834
289.1783
289.4572
287.1119
286.5657
286.1921
288.3475
288.9289
288.1637
287.6519
288.212
289.2616
290.0603
288.2446
286.8788
289.4066
290.6635
288.6895
285.432
290.3459
288.4066
288.4531
289.1104
290.1992
287.6922
287.6587
288.2843
289.3344
287.021
287.6214
289.292
290.291
290.7841
290.4427
290.5598
291.2703
289.9182
290.0945
288.2576
290.4281
288.9292
287.9054
290.3461
289.4283
291.3698
289.7269
289.6006
288.2773
288.3745
288.3316
287.9888
287.1636
286.8449
286.9544
288.9499
288.0916
289.2565
291.8605
289.5617
288.902
288.5263
288.6847
289.5517
288.5031
290.3593
288.4005
291.935
286.8502
288.5749
290.893
290.6533
290.6405
290.1714
290.0015
290.2607
286.6234
285.1685
289.1182
284.2287
284.7643
289.0482
286.8012
287.4664
289.1051
288.929
289.7596
287.917
288.1791
290.3788
289.4593
289.7413
289.5153
288.5835
289.4221
290.5151
289.064
287.2669
285.409
286.8842
287.1578
287.1878
288.7523
286.957
289.7733
290.9234
291.3773
288.7986
291.2263
291.6077
289.8497
290.3585
291.335
287.889
288.2743
286.6625
287.1117
286.7155
287.7828
288.8866
289.3386
290.1489
288.6583
289.4297
289.2817
288.9066
291.1613
291.1803
290.9512
289.1717
290.0777
290.6824
289.4482
290.4492
291.355
289.9948
286.4254
290.335
288.1021
289.4254
291.1251
290.5908
291.7187
289.5736
288.5443
284.7642
286.0589
289.7803
290.556
290.185
292.6799
289.8655
288.184
285.3064
289.0095
284.4694
288.8644
288.5759
288.5401
289.0161
285.3881
288.8493
287.1456
288.0383
287.9981
288.8649
286.1257
288.8157
288.9544
289.0404
289.2366
287.9272
289.0823
287.87
287.1324
287.1628
288.7599
288.5915
289.2626
285.0162
284.1952
289.1267
287.2899
285.7597
286.7225
288.575
288.9095
288.1611
287.8414
286.4271
287.7036
287.619
287.3207
286.9001
287.975
289.3862
290.5269
288.7171
287.1691
284.8446
287.5439
290.9373
290.7039
290.5464
289.4864
290.0805
289.8644
287.7953
288.4999
286.5553
285.4745
285.1112
286.6048
288.5267
287.6815
286.5117
285.9933
286.3595
285.9679
285.7145
287.1183
286.9981
283.0848
285.8653
286.5446
287.7522
286.9011
285.9236
287.2274
286.2835
286.2585
286.9451
285.4001
287.7838
285.7377
288.4434
287.741
286.92
287.645
285.498
286.3994
286.3166
285.7728
285.0024
285.7757
286.6617
286.9962
285.4243
286.438
285.166
283.967
286.7433
287.1361
286.1859
286.2915
288.454
287.5045
287.9236
290.378
286.4704
284.8327
277.0833
284.7014
285.7871
285.7963
284.8062
286.1705
285.5545
285.6574
286.3911
288.0466
286.9352
288.2137
286.857
287.0146
285.1469
286.1169
287.0016
286.7741
284.2646
286.0175
286.2956
285.8559
284.5585
285.4587
285.7705
285.381
286.3894
286.6408
286.9153
285.9642
287.3163
286.797
287.5982
286.3409
286.3396
285.2893
286.3638
285.2861
287.4891
287.1452
286.5914
286.6221
287.988
286.8409
287.0129
284.4117
288.216
285.4366
286.1511
286.0364
287.3536
287.0515
286.6938
289.0081
285.1868
287.9142
287.4687
285.2646
285.6818
285.9111
285.5425
286.6525
287.4743
286.2535
285.0305
285.7789
287.4316
287.0774
287.1407
287.617
287.2684
281.9906
286.5742
285.0592
287.8337
286.7759
286.2522
286.4184
286.4144
287.3455
286.0991
285.8082
285.964
284.9468
286.2431
286.0117
287.0415
285.3035
286.8203
287.8795
287.0575
286.2746
286.217
286.9158
285.3189
286.0481
285.4244
287.3838
285.0757
287.4627
287.3259
286.6047
285.9817
285.7871
288.0493
287.8469
287.5674
288.3408
286.175
285.5538
286.9207
285.9803
287.5535
289.1478
288.796
288.3923
289.1329
291.1556
287.7516
288.6198
284.3433
288.2945
289.0644
287.7223
287.2461
285.6348
286.2424
287.4633
289.5557
286.9798
288.4392
289.0086
289.6722
290.6522
287.3804
285.8771
288.0001
288.864
288.7506
287.2491
285.856
289.0605
289.2814
289.5477
289.4742
289.3997
286.8311
287.9509
284.571
284.2352
286.5907
285.8236
286.0553
287.1425
288.0905
287.8874
285.0717
286.6315
288.2335
287.2143
287.8513
289.5688
285.9117
286.8498
284.7502
288.2963
287.6509
287.4879
287.1631
287.4732
286.6764
287.6573
289.3209
289.6302
287.7091
285.6919
289.2875
285.6044
288.4066
288.2203
291.0475
289.0911
290.0317
292.2346
289.9173
288.8087
289.4601
287.7802
288.2292
289.5136
287.4187
286.9575
285.4472
288.1958
289.1153
289.4316
290.2811
290.2318
293.2277
290.7292
289.792
287.9479
284.6031
287.7209
285.6352
285.1549
285.5404
286.8343
287.2968
286.7761
283.8542
282.6102
285.7457
288.0437
286.8376
286.7262
282.0772
288.0426
287.32
288.4628
286.0313
285.9079
287.16
286.6327
283.8591
289.2816
289.9527
290.7108
286.1813
286.635
287.4687
290.3167
288.0325
291.1319
286.3708
285.9487
288.7658
288.9534
287.3664
288.8647
289.4206
288.075
288.8716
286.8765
286.2235
287.8052
290.6713
289.3103
288.7952
286.5988
287.824
289.3578
286.4344
287.2307
288.1719
288.3549
286.796
289.6529
289.0555
289.6419
289.9574
285.0078
285.2797
287.2347
283.4549
284.8406
288.0827
287.1093
289.0036
290.9571
287.4621
284.7158
285.809
285.7738
286.8787
290.496
288.3573
285.0862
289.7075
288.1454
285.2129
290.1807
287.2895
290.3335
290.6764
291.7512
289.9539
288.7408
290.9253
289.7163
287.2464
286.0543
288.19
287.8474
286.9204
287.1378
286.8571
286.901
287.1964
287.1394
290.8096
288.8189
285.8134
287.3141
285.707
288.0986
289.1032
287.7254
287.4101
287.9691
286.6734
287.4037
284.9648
287.5747
287.2656
285.1996
285.7513
288.803
287.8955
287.7827
285.9664
284.7885
285.5728
286.0045
287.7964
284.3477
284.9547
284.472
285.4497
285.4892
287.3548
286.8928
286.3837
285.818
287.6585
286.7361
286.9462
288.0017
287.9836
289.3517
287.7573
285.8865
286.1909
286.6645
287.3839
287.9948
285.2104
286.2028
284.5186
285.8611
284.743
284.2911
285.2514
288.7497
287.6203
287.125
286.208
286.5645
287.6502
287.162
289.3701
288.3705
286.2914
288.2527
285.6256
285.7607
287.6418
286.7189
284.876
286.1099
283.2085
289.2841
287.436
286.5461
287.1185
286.6916
287.0466
285.6237
287.2709
285.9882
285.3457
286.1209
287.642
285.6477
285.8216
287.0729
288.9957
287.8941
287.5866
285.6938
286.9026
284.4339
287.2512
286.7332
287.088
286.9706
287.0435
288.3017
288.8647
288.0174
282.8161
286.1668
286.0554
287.5217
286.7996
287.3092
287.1043
286.8167
288.123
288.6737
286.808
287.1784
288.8046
285.7113
286.9612
289.733
288.6279
288.462
288.1454
287.7612
286.8043
287.5524
288.0772
287.9684
286.2377
288.7593
287.2354
284.102
285.0288
285.6911
284.5268
286.1758
286.3273
286.1429
285.4395
285.2112
285.9737
285.6798
285.868
288.3319
287.1716
284.6676
285.3369
285.0524
287.5011
286.8641
287.28
283.9649
286.6599
286.3213
286.0003
285.8449
286.9178
285.7368
286.799
284.5598
285.9501
288.2318
289.5114
289.3747
289.1103
287.6212
287.5039
288.1733
287.6453
287.7395
288.0908
286.9008
285.9877
284.3604
284.1172
284.0977
284.4993
286.7261
286.8634
284.0787
286.7979
285.358
287.7009
289.5558
287.5835
286.1153
285.6709
287.4767
289.478
289.4845
286.8622
290.8976
290.9783
284.5478
288.3865
285.4055
289.1679
289.7736
284.6333
288.893
288.6767
287.8033
286.8864
288.1468
286.5973
288.3417
286.7172
287.4817
287.335
284.8216
285.9078
285.8329
286.8789
286.7151
286.7757
288.1025
289.5272
291.8947
285.6881
287.7942
288.8582
286.7749
287.6363
286.7175
288.8592
288.2315
289.2545
291.0509
289.1301
289.9017
289.6362
288.1154
290.1448
288.4182
285.7195
290.0399
290.4558
289.2101
288.5327
285.0112
287.4147
286.376
288.8016
289.8667
291.2012
288.3369
290.2697
290.904
289.9691
289.9085
288.5041
288.4776
286.7472
287.8163
292.3666
289.8309
289.8474
284.7302
286.3862
287.3752
289.7843
286.7052
289.3974
288.1036
290.2181
289.4567
288.1752
287.5
289.1559
287.0479
288.9516
291.3923
286.92
290.3155
291.3941
290.3756
289.1989
287.904
290.0635
289.9572
287.2049
286.2333
288.789
287.251
287.477
285.4753
286.099
288.2225
286.8806
288.5535
290.0755
289.3821
287.6834
287.0882
285.6536
287.4982
288.2225
286.4553
287.4786
287.7068
289.1
287.3404
287.7762
287.3045
285.6771
286.3488
286.1833
284.4514
287.4864
286.24
287.364
287.0195
283.9879
286.0826
286.2788
286.5824
284.2601
285.4879
286.4201
286.1509
284.489
286.8786
286.9832
288.4545
286.9392
284.6134
284.2417
286.7515
287.2008
285.4566
286.8022
284.6385
286.6889
285.3323
287.5102
288.6427
289.1319
285.9498
286.3676
287.3665
288.9086
288.6632
288.0436
288.6149
288.1956
286.366
287.0616
282.9756
286.3889
282.4387
285.329
288.9061
285.9091
288.3354
286.3896
289.7926
287.677
289.5777
289.4093
289.4911
288.491
291.7558
288.0811
289.5023
290.7498
286.9498
285.1045
286.736
288.7928
287.9846
287.9709
288.8088
286.2657
286.8047
285.9842
286.044
285.2998
286.9099
285.4959
286.2874
284.2334
285.5514
285.9581
287.202
285.4801
288.723
288.5165
293.0977
289.3308
290.1056
289.132
290.1516
289.0186
288.4466
289.9859
286.5123
287.6458
288.0963
288.3466
288.2615
289.1832
288.3755
291.9485
290.8082
292.0852
289.8584
290.3415
291.5101
291.791
290.201
290.7027
291.4818
290.2058
290.715
289.5416
289.4893
289.3762
288.6691
289.008
291.4363
291.5784
289.8583
290.709
290.4143
290.898
290.6926
291.6796
291.9078
292.3975
291.6541
291.9991
290.2985
289.1253
292.8667
289.1499
291.9088
288.9194
288.8263
289.216
289.5176
288.4177
288.013
287.7831
288.1367
289.1918
289.1391
288.8574
287.5097
290.1957
289.9197
290.6414
292.1842
290.8542
287.6702
287.7878
286.096
287.9991
288.0491
289.3595
287.5677
291.3486
289.0853
288.5642
285.1044
287.9574
288.5536
286.8715
287.7451
287.6392
287.6573
288.1235
291.852
291.5709
288.2226
286.5847
288.6902
287.3314
286.0141
287.7299
286.0687
287.403
289.8795
292.4704
289.7686
287.1141
288.6934
286.9817
287.2828
286.7563
287.2751
286.3584
287.6862
287.1349
288.8899
288.1593
286.5728
287.642
286.5112
288.3445
287.9341
288.8542
289.8333
289.9778
287.2639
287.3903
287.8661
289.4141
287.5056
288.319
288.7194
289.7339
289.5979
288.5494
285.9516
290.2238
291.1388
289.3489
288.3886
287.6552
288.158
287.6408
288.3512
287.2407
287.129
286.3513
289.9444
288.4793
287.3375
288.9261
287.5157
288.4847
285.6461
286.5673
285.3675
288.0834
286.7776
288.2654
287.5344
290.6184
292.1653
292.7352
291.0592
289.8375
292.2628
289.7264
289.9658
291.3395
291.2614
289.0183
290.4116
292.7057
293.0702
293.3049
293.8542
293.4014
293.9168
293.8452
293.2502
292.8947
295.4654
291.6048
291.3968
290.0768
288.4555
290.852
292.1307
291.363
292.2966
291.9077
288.5857
289.8843
291.0001
293.4033
291.1605
291.7984
293.4485
292.7651
293.6756
294.1931
291.7676
290.2511
290.4338
290.3911
291.0459
292.7083
289.7908
289.7377
288.5898
287.8344
288.279
289.8816
292.913
290.8937
290.1838
288.8833
286.4056
285.7016
285.6764
285.2485
286.8759
284.8394
287.0919
287.0471
288.3707
289.0512
290.1075
289.0389
289.8592
288.1326
290.3539
287.5388
288.5181
288.3798
287.4807
285.3069
287.0115
286.4854
280.8453
283.9792
286.1295
286.0365
288.0351
286.4471
289.6251
289.271
285.0666
285.8729
288.3342
287.4989
288.541
287.1165
287.3427
287.3211
285.1452
287.0655
289.4944
288.9564
290.6451
287.637
292.5421
290.1932
287.6585
286.2535
291.5408
291.1568
291.2155
283.2426
288.94
287.7968
286.7733
287.6207
286.8568
289.8161
290.0292
291.8615
290.5719
290.347
283.1711
286.0027
281.2495
286.6505
282.9242
288.2045
284.021
285.8853
285.5377
285.1068
286.2176
286.1361
287.1065
289.0439
287.7169
290.8379
290.349
288.6714
289.1163
289.2134
289.044
288.1643
285.8356
285.4584
285.6386
286.8124
287.0349
289.7231
289.0667
290.88
285.1166
288.4671
287.8952
287.367
287.2321
287.726
284.3911
286.2605
284.102
286.7773
285.6042
287.1251
287.284
286.8849
288.161
289.8983
289.6087
289.8811
288.1791
285.2252
286.6028
285.3899
287.9412
287.4529
289.1018
286.6135
288.3503
288.9681
288.3075
289.4303
290.845
284.5312
287.411
287.136
288.1068
288.6949
287.231
287.3234
284.5172
285.7996
285.5308
285.5576
286.0872
285.8916
284.7664
284.4852
283.9918
284.8005
284.4048
285.0498
284.1396
285.5125
284.3478
284.6479
286.0479
285.4057
284.9566
286.1841
284.1134
285.7548
285.8509
285.1745
283.9254
284.8095
284.3643
285.0974
285.1781
286.4393
285.8221
286.9039
285.9619
286.8465
284.7475
286.7592
285.7453
285.0144
285.8995
284.686
284.3806
283.4945
285.634
288.3556
288.4417
284.2607
285.7056
286.3691
286.3427
286.7348
283.9298
284.319
284.8558
285.3479
286.1561
288.4076
285.6625
285.7628
282.5062
282.6091
285.4586
285.5903
286.3199
284.9448
285.2574
285.8064
284.1442
284.8266
283.0911
283.0373
284.9001
285.116
285.4536
286.7884
285.86
283.1226
285.0291
283.3565
284.6285
287.5753
286.893
286.6892
286.382
284.8585
284.8143
284.7356
286.4903
284.5908
284.3687
286.0635
285.9882
283.8048
284.0799
285.6895
285.252
284.4401
286.2353
285.6621
285.6084
283.3356
284.639
284.1065
284.3575
284.3188
284.8467
286.4059
284.2243
282.0808
284.3794
284.4124
283.9069
284.5307
286.9371
285.933
284.8349
284.6819
285.1926
285.6866
288.4587
285.6663
285.393
285.0062
286.2928
286.5401
283.3742
284.4205
283.9902
284.8272
285.5638
284.437
285.4374
287.1588
285.1129
284.0831
284.75
283.1614
284.4107
285.7963
285.1054
286.902
287.3441
285.8488
283.3342
283.8223
283.708
284.4528
285.7982
283.0255
284.6243
283.9244
284.7438
284.902
287.7755
285.256
286.7429
286.5029
284.8934
286.8247
287.81
288.195
285.6327
287.5955
287.1789
289.0027
283.4852
286.4865
286.9273
284.4331
287.9298
285.8766
284.4467
285.4161
286.0286
291.0602
290.5449
288.302
287.0046
286.302
285.5253
287.5433
284.1553
285.1603
286.4213
287.438
286.0576
288.613
287.1113
286.921
284.7579
286.6238
285.7127
288.5498
286.9828
285.8818
286.5904
286.2294
286.5138
285.801
285.6895
286.3499
282.6425
284.5534
284.9843
285.897
285.9578
287.803
286.5987
286.4406
284.5263
286.5827
287.1293
290.062
289.386
289.7349
285.5354
285.5979
287.0262
287.1437
286.0148
287.0891
286.8001
289.0786
288.6525
287.3461
288.8091
290.6435
288.4643
291.065
288.1471
289.2146
289.4629
289.9375
288.9063
289.3419
288.2831
286.3938
287.4354
290.0376
287.9125
287.1911
287.9377
286.9818
287.9229
284.8536
285.9544
286.2525
288.2258
286.9097
288.6579
288.8931
290.532
291.0121
289.6906
291.0313
286.8348
288.9193
288.5601
290.8849
289.8495
290.6618
289.5854
290.2502
290.7465
291.4989
289.9023
289.5969
285.6189
286.3485
286.062
289.0905
288.43
289.1212
287.7021
290.0242
288.1432
289.6312
284.7337
287.428
284.6962
286.2842
285.2035
286.6373
287.3706
288.7423
288.0358
283.7099
286.9838
287.584
286.0513
288.4336
285.0798
284.3905
286.4787
287.8024
288.9074
291.6085
289.635
287.6617
289.3834
289.638
289.7174
290.7698
290.9586
292.5473
289.877
291.2866
288.4605
290.9875
290.7874
290.6141
288.2935
286.4591
285.6097
288.7913
288.2188
288.2503
288.4223
290.4694
289.4246
290.7766
289.984
288.1718
289.5502
288.0109
289.1924
288.3025
290.9286
290.2958
290.4311
292.2375
289.9305
292.2296
290.886
290.5554
289.1388
288.9877
288.5889
286.5379
285.9981
286.9765
287.7431
285.4148
286.0071
286.3088
285.3443
285.078
285.3694
288.1933
288.9615
289.1283
284.9067
286.8793
287.0037
288.5329
286.7039
286.5197
287.5038
289.3926
289.0677
291.1523
289.4996
287.8057
287.0116
288.7394
287.9152
282.7798
283.464
283.8588
284.9489
287.3897
286.7792
286.7622
285.4703
288.4882
286.2112
288.9091
285.693
285.0984
285.23
285.9882
287.9194
290.7646
292.5274
289.8433
292.3821
286.8208
290.1055
288.893
287.4153
288.131
290.0469
289.357
289.1802
283.7212
285.0612
285.3496
287.5132
287.0955
286.5096
285.849
289.8427
289.5386
290.8661
290.0239
290.9823
289.7871
289.8583
286.2436
284.6721
281.253
284.7495
284.2218
286.9507
285.115
284.2575
284.5716
286.031
283.6028
284.43
284.6374
285.1197
284.5132
287.212
283.8925
286.5682
283.9866
285.4037
285.2643
288.0271
287.3436
287.6983
284.3472
286.9919
285.9239
288.292
287.6674
285.9384
285.3958
285.7225
285.9447
288.4832
285.13
286.0047
286.9085
286.5232
283.8263
283.6548
284.7545
285.4307
286.5478
286.7191
284.3961
284.26
285.9912
285.4724
286.2694
285.8399
285.3055
284.4009
284.657
283.8587
284.6899
286.4159
285.235
285.027
284.2502
284.8385
284.679
286.2259
286.0555
286.5851
285.8464
286.8903
287.0452
287.5677
286.8743
288.4257
286.2101
285.1577
285.1057
287.5097
286.6127
286.5727
285.5176
285.6265
287.8232
288.1347
288.7652
287.5772
286.1843
285.1711
285.1822
282.9632
284.426
285.6811
283.4188
284.6752
284.2728
284.0919
283.7971
282.1895
285.4688
284.6805
284.8927
285.5961
285.2953
285.3699
285.5472
285.6748
285.7862
284.6304
285.8616
283.4975
284.7344
284.0235
283.2231
282.4991
282.6733
284.367
284.8017
284.1382
285.7646
285.6681
283.7206
286.8234
286.6767
287.9082
287.3122
281.729
286.4928
284.8762
285.5456
283.2988
284.7962
281.7433
283.9745
284.3627
283.9407
282.9385
283.6017
284.7443
282.9659
285.2763
284.6268
285.0842
285.0502
283.8397
283.8682
285.2048
285.6331
283.6223
284.2749
284.2706
283.0706
284.4628
284.1346
285.0099
284.6526
286.0126
285.1715
282.7546
283.2325
283.6847
283.8427
285.085
284.799
284.5941
286.7997
285.0748
284.5067
285.7453
283.9238
284.3291
284.7169
283.8629
284.1331
284.8942
286.9393
286.8012
284.4884
283.7693
284.8014
284.1323
283.3768
283.9628
281.8201
283.1529
283.3556
283.1801
284.6557
283.5526
282.045
284.6123
285.8999
287.1
286.8043
285.5542
283.4949
285.2208
285.8438
284.776
284.028
283.2599
283.3233
284.773
283.7742
284.5471
285.1511
285.3474
285.1297
286.9472
283.1238
285.0112
283.0947
284.8695
285.806
283.03
285.0327
284.4259
284.7115
284.8242
285.339
286.8398
285.5059
285.2321
284.0954
284.4862
284.5693
281.5688
286.7372
285.0898
284.162
285.0487
285.7328
284.8406
285.9038
285.6449
286.6096
286.4879
287.1149
285.548
285.2762
282.9828
286.0699
286.2709
283.6652
283.9866
287.2881
285.4287
285.1753
285.4014
286.7426
285.91
285.6016
286.3148
287.5085
284.068
287.2422
287.6232
287.0657
285.8052
285.6917
285.6528
284.2519
284.3528
281.7306
281.3576
282.1177
282.808
283.4239
284.2526
285.6491
286.0311
286.0475
285.5619
284.0266
285.7376
287.3867
286.9551
285.6641
286.9009
286.6737
285.341
285.0592
286.9289
288.5119
289.2858
287.7534
288.5075
288.8556
290.2991
289.7263
291.008
289.0377
290.5522
289.0208
289.8968
288.8653
290.1787
288.4621
290.5446
287.981
288.7004
286.8649
285.2574
285.3728
283.0615
285.2496
287.9193
288.3781
289.1583
287.9324
288.0885
285.4022
286.3578
286.1191
285.924
286.2387
285.5063
284.9231
285.0983
286.6604
290.0772
287.4259
286.2805
286.6613
288.0179
286.5541
287.7103
288.1449
290.2227
290.3669
287.1221
290.1351
288.6582
290.2955
287.0658
289.2097
290.6893
287.9797
289.2719
289.4321
288.9129
288.6781
290.7029
288.9712
286.5179
287.4036
289.0764
288.8633
289.0489
290.0304
289.3341
290.6033
288.5688
288.1063
287.9646
287.1288
287.2633
286.7278
285.2806
289.2888
291.8712
291.1925
291.8241
289.3079
291.2508
286.3098
287.4773
288.5808
288.0165
289.2839
289.2125
290.6071
293.2842
292.1378
292.7762
291.341
289.1791
289.7324
291.2369
286.7852
286.0508
286.1226
287.7816
287.0804
285.7759
288.1503
287.2178
286.4347
287.7357
288.334
290.1724
290.3343
288.8206
288.5803
285.9245
287.1977
287.8152
287.8862
287.741
289.2433
290.2397
286.5367
284.4337
285.9225
287.7388
289.3288
289.1729
288.1824
286.74
282.6534
285.4918
285.8537
285.8716
285.9604
284.1605
285.0473
284.2025
286.3528
287.9189
288.1051
286.9742
283.1381
285.4433
285.8238
283.8105
284.6065
287.0394
286.1277
285.7312
288.3302
285.0753
286.4147
287.1301
286.9731
285.0276
284.7408
284.8474
285.3535
287.484
288.6612
290.1932
288.994
289.741
288.7016
287.2283
287.7896
285.8983
286.2002
285.6931
285.513
285.8193
285.2079
286.1218
286.3264
289.0637
287.6363
289.8775
288.2054
287.8313
286.7303
288.2664
287.6027
289.0968
288.6699
289.8607
284.389
285.6048
286.6877
284.4855
283.8512
284.7912
285.3442
284.0345
285.0356
286.2096
287.2238
285.7414
282.7977
284.7427
284.3555
285.978
282.7964
284.2718
286.7566
288.7747
287.1911
282.715
283.9292
288.2117
287.6371
289.4371
288.097
288.3724
284.0018
286.0608
285.7926
288.2422
287.4378
289.7794
283.7339
284.9575
285.8603
287.8497
286.9074
285.7349
285.8306
288.3157
287.4167
286.565
287.6683
290.3505
288.64
288.1988
288.6472
289.1457
287.9303
286.7281
287.5516
286.245
286.7922
286.2211
286.9584
287.9922
288.468
285.8501
285.2283
285.33
285.2075
286.7861
285.3754
285.6884
284.9764
285.643
283.8226
284.5464
285.9756
286.1482
285.9622
284.9845
288.1208
288.0504
286.2271
287.2706
288.3237
284.8579
286.2679
284.0055
285.8743
284.9831
284.8086
284.4575
284.1112
284.2837
284.9627
284.4931
283.9497
284.3226
284.4449
284.683
285.0794
285.3599
285.5602
286.0906
286.4429
283.8746
285.5834
285.1194
286.0738
285.713
285.9438
286.3547
286.1098
286.4366
285.9386
285.3681
286.2505
286.0574
286.3139
284.3496
283.7254
288.9723
284.0272
285.1116
284.5244
285.6094
285.6972
285.3478
286.6646
285.6534
286.5007
285.7527
286.26
284.7065
286.3998
282.5112
286.8942
284.8725
285.5468
284.5639
286.2693
284.2553
285.9248
284.1954
285.7913
285.5458
285.2057
283.3313
285.2709
283.3768
283.3574
285.0908
285.1278
284.8562
284.5496
284.9956
286.7778
285.3086
286.5086
283.45
285.2599
286.5461
285.8114
285.6044
287.6898
284.9959
284.5294
283.9871
285.0407
284.641
286.9471
284.0546
285.4634
285.2928
283.916
283.2494
284.8942
284.312
286.4374
285.6788
286.8742
287.3245
287.9566
286.9424
288.8141
286.8621
286.7384
287.0302
287.7906
286.2718
285.9698
286.4634
289.1017
288.9398
285.6487
285.6978
286.298
285.8582
285.585
282.964
285.9548
285.1725
285.6016
284.7702
285.5612
283.9487
284.7086
284.0922
284.855
285.4309
285.3295
283.3665
285.7883
284.8496
284.6042
283.4607
285.8109
285.4679
286.2866
284.0612
283.9971
286.7741
285.8325
285.8374
284.4667
283.938
285.5524
285.1662
285.628
286.9389
284.0894
284.5612
285.8617
285.3103
286.7855
285.7802
285.105
285.9167
283.8264
284.722
286.2095
285.9147
284.7563
285.9845
284.8875
288.0993
284.5062
287.5178
286.5191
284.8408
285.0687
285.2519
285.3672
285.8849
287.1661
283.4675
286.5167
286.6383
287.088
287.4574
285.9772
287.9092
285.9408
287.2968
289.8687
289.3898
287.2471
287.0285
287.2943
284.5555
285.2135
285.8985
285.6625
287.9044
286.5927
284.1331
283.9494
286.5615
285.2071
283.6012
285.6008
286.5747
284.7874
287.0257
287.8363
286.1713
286.7564
285.5474
286.129
287.5313
285.4233
287.9308
285.828
282.9316
285.1826
286.4229
284.0114
286.1619
289.2403
287.2691
287.1637
287.3755
288.0525
289.9496
286.1339
286.7242
286.1054
286.8069
288.3609
288.4382
286.2114
284.7742
285.5444
286.8142
285.2559
284.5099
285.4807
284.9118
286.4169
286.2572
287.7198
283.6676
285.7602
288.4507
288.9231
286.6972
285.8715
286.2453
287.1156
287.0075
287.8447
285.2587
285.6648
282.6442
284.5049
285.3663
286.2058
285.5474
282.5685
283.2082
284.3792
284.9235
286.5436
286.8599
285.632
284.4357
284.8934
286.6515
287.3756
286.982
288.4983
286.0037
286.3748
286.5449
286.9015
288.6178
288.7214
287.146
289.2905
290.7168
289.65
292.2912
291.1081
283.2699
284.9801
286.1517
287.0321
288.2686
289.1323
288.1458
288.1935
287.885
287.5168
287.9319
288.7897
287.8183
289.993
286.256
289.0079
288.4221
289.2493
290.1298
287.7996
288.5638
286.6929
285.1086
284.9547
285.0525
286.9371
284.3908
287.118
290.2404
289.8855
292.0804
291.2203
287.5909
285.586
286.4682
287.4423
287.3844
288.6438
288.9887
289.1363
287.9765
289.5676
288.8596
289.1894
289.8521
290.1399
288.7092
287.886
288.3088
290.4034
289.34
289.3723
288.2954
286.0912
285.6916
288.1772
288.1367
286.2269
288.9449
287.7709
286.4187
286.7722
287.0492
288.4223
289.1709
287.6946
288.7181
288.7334
287.5833
284.356
287.2225
289.6654
290.9765
288.316
289.9044
286.2657
284.1558
285.7237
287.1951
288.9152
286.7563
286.0724
287.1642
287.9109
289.8897
289.9865
287.2792
283.527
286.2581
283.9081
283.3396
284.9745
284.5737
282.4323
284.3282
285.4557
285.6384
286.2746
285.8697
285.1749
285.9651
284.6867
286.0257
285.5716
284.7568
283.6348
284.0432
285.7442
283.5164
285.0859
285.3005
287.1393
286.8726
283.462
286.0513
289.0873
286.2209
285.5673
285.0097
284.799
285.5543
285.6171
284.1437
282.8866
286.4896
285.6519
283.7679
283.3552
284.8727
284.5863
283.7889
284.3502
287.6415
287.6062
286.8721
287.8985
286.9237
284.464
285.8985
286.0806
286.1856
284.6373
286.3212
285.5296
285.5288
285.0932
285.8955
285.9957
283.5953
284.4248
284.5656
283.58
283.9089
285.5127
285.6433
282.7374
284.6499
284.6226
284.1672
283.707
283.9213
283.6534
283.593
284.9828
283.9881
285.7881
285.6253
287.111
285.5953
285.0569
286.6636
287.9149
284.8191
284.9333
286.5898
287.6
287.3113
284.0315
283.9151
286.6508
284.7682
284.8579
286.8684
288.6082
285.5417
283.6676
284.844
286.2614
284.7346
283.7969
285.7865
285.821
285.3537
284.0997
284.4219
284.04
285.9212
285.3737
286.8364
285.0231
285.9398
286.3402
284.9028
284.0565
286.2432
285.3148
284.5167
284.5417
285.8881
285.5116
287.0368
285.5834
285.7043
284.7818
285.3193
284.7668
285.4286
284.981
286.9921
285.2711
288.0534
287.8742
287.4392
282.589
284.787
285.3106
285.037
286.3471
284.9711
286.2164
286.2285
286.4695
282.8927
283.4166
283.8651
284.6195
285.0845
285.7139
284.8604
285.7281
283.4846
284.7684
283.4862
286.4924
285.7236
286.2069
284.9082
283.528
286.9689
285.4803
285.985
285.8004
285.5457
285.8777
286.417
286.1472
287.64
283.592
288.7287
286.8814
285.4733
286.1216
286.8459
285.3221
286.6774
285.3459
284.8932
285.0556
284.3208
284.5858
287.546
285.4334
286.3912
285.1803
285.396
285.5049
284.6487
285.5966
285.949
285.0924
285.7571
285.6305
284.6887
284.2707
286.3146
285.2841
285.8902
284.0146
284.1985
284.6431
285.3225
284.3864
284.6832
284.0102
286.1164
285.1962
287.7542
285.3877
286.7764
283.9999
285.8475
284.7323
285.2674
285.6362
287.1539
284.9144
285.7191
285.2213
284.3234
284.4658
284.4737
285.2924
286.0943
286.5874
285.9431
283.0022
285.1625
284.5405
288.3233
286.3888
287.3292
288.1608
289.2216
286.0639
284.7987
285.5108
286.7149
286.1284
287.0673
286.8567
286.2103
285.4947
285.4171
285.6775
284.9724
284.4604
285.2133
283.8152
284.8228
284.9799
287.6532
282.8373
285.6033
287.1545
286.8461
289.179
288.4823
288.7118
287.3802
289.2231
288.6928
288.2358
286.1547
285.9165
285.2066
288.666
287.5217
290.1664
288.4496
287.8535
287.2029
285.6273
287.1676
286.1848
284.7303
284.5736
284.422
285.2469
286.8855
286.8184
285.6592
285.2125
286.217
285.7183
286.1686
289.1369
286.6528
289.3427
289.2467
287.8089
286.7971
287.8578
286.7462
286.3666
286.5672
285.1515
285.9531
287.578
288.0594
286.96
288.9994
289.5648
288.0265
285.36
287.0332
288.9589
287.9099
287.4729
288.8304
287.9385
288.3716
289.8947
288.4598
286.849
286.5663
285.0084
285.1477
285.8306
287.993
288.8004
289.0694
291.478
290.6093
289.0007
288.2678
284.1985
286.0752
284.9107
286.705
286.543
287.5232
287.0393
287.2571
289.8678
289.068
283.8001
288.2756
289.6799
289.5074
287.8933
288.8875
289.2387
287.7671
285.8858
285.6445
287.4582
289.1233
287.9389
288.5312
290.5433
284.6891
285.8199
284.2925
284.9939
285.9369
284.5144
284.3623
284.2205
283.8553
285.843
285.7405
284.7344
285.2481
285.4005
284.2731
283.8364
285.4018
285.5481
285.5406
285.7606
285.8849
286.0618
284.5501
286.056
287.0362
286.8217
286.4214
286.966
286.4038
285.1294
285.2122
284.2123
284.654
285.2128
284.3905
285.7682
286.1638
283.7656
287.7479
283.4053
285.5674
286.0405
284.4611
283.8938
284.2184
285.9373
284.815
283.7585
283.5174
284.2082
284.2789
285.2484
282.1401
285.5959
284.8431
284.5911
285.6099
286.7589
282.8409
283.8187
283.6984
285.662
284.0706
284.4065
284.4516
285.187
285.8402
285.7827
286.221
284.7777
285.9301
286.2064
286.9412
285.3318
285.0886
285.1806
284.1039
284.4499
283.6424
286.4329
285.5153
286.2261
284.9033
284.5543
283.707
284.6565
283.561
283.2035
284.4835
284.6816
286.2731
285.1325
285.1025
284.5659
285.4478
285.9233
285.5576
283.8573
285.7366
283.9116
284.7217
285.5016
286.4828
285.7545
285.5202
285.8442
285.4166
284.2701
284.8716
284.2905
283.9264
284.545
285.2639
285.963
283.6469
285.1966
286.4826
284.6856
285.8981
288.5485
288.8035
288.8316
286.9491
286.5713
288.6158
286.3438
285.2754
285.0169
284.5826
285.3388
286.0058
286.4679
284.7715
285.6135
284.853
285.9558
