2.904378967285156250e+02
2.906775817871093750e+02
2.907640075683593750e+02
2.905122070312500000e+02
2.905122070312500000e+02
2.905282287597656250e+02
2.906662597656250000e+02
2.905989685058593750e+02
2.905498046875000000e+02
2.902747497558593750e+02
2.906172485351562500e+02
2.904812011718750000e+02
2.905669555664062500e+02
2.905304565429687500e+02
2.904790039062500000e+02
2.907208862304687500e+02
2.905155334472656250e+02
2.904457702636718750e+02
2.905326538085937500e+02
2.905155334472656250e+02
2.903952636718750000e+02
2.904124755859375000e+02
2.906867370605468750e+02
2.906354370117187500e+02
2.906707458496093750e+02
2.904296569824218750e+02
2.905658569335937500e+02
2.905144348144531250e+02
2.902542114257812500e+02
2.906514282226562500e+02
2.904124755859375000e+02
2.903597717285156250e+02
2.903769836425781250e+02
2.903769836425781250e+02
2.903091735839843750e+02
2.904983520507812500e+02
2.906524963378906250e+02
2.902736816406250000e+02
2.905498046875000000e+02
2.906331787109375000e+02
2.905475769042968750e+02
2.904092102050781250e+02
2.904241638183593750e+02
2.902714843750000000e+02
2.905840454101562500e+02
2.903780822753906250e+02
2.904640197753906250e+02
2.904812011718750000e+02
2.906011962890625000e+02
2.904812011718750000e+02
2.905166015625000000e+02
2.907049255371093750e+02
2.906524963378906250e+02
2.904812011718750000e+02
2.906695861816406250e+02
2.906524963378906250e+02
2.903942260742187500e+02
2.904285583496093750e+02
2.904629516601562500e+02
2.906331787109375000e+02
2.906685180664062500e+02
2.905818481445312500e+02
2.905795898437500000e+02
2.906651306152343750e+02
2.906320495605468750e+02
2.905122070312500000e+02
2.906149597167968750e+02
2.905099487304687500e+02
2.906651306152343750e+02
2.904961547851562500e+02
2.906856079101562500e+02
2.905475769042968750e+02
2.904779052734375000e+02
2.904584960937500000e+02
2.903414611816406250e+02
2.903758850097656250e+02
2.905133056640625000e+02
2.906673889160156250e+02
2.906992797851562500e+02
2.907516479492187500e+02
2.905487060546875000e+02
2.904629516601562500e+02
2.907174682617187500e+02
2.907357177734375000e+02
2.907868652343750000e+02
2.905144348144531250e+02
2.906662597656250000e+02
2.906309509277343750e+02
2.906115417480468750e+02
2.906639709472656250e+02
2.906821899414062500e+02
2.905613403320312500e+02
2.906127014160156250e+02
2.903048400878906250e+02
2.904779052734375000e+02
2.904252624511718750e+02
2.907810668945312500e+02
2.906787109375000000e+02
2.906091918945312500e+02
2.907627868652343750e+02
2.906958007812500000e+02
2.907140502929687500e+02
2.907151794433593750e+02
2.907663574218750000e+02
2.906639709472656250e+02
2.907834167480468750e+02
2.905282287597656250e+02
2.908356323242187500e+02
2.908356323242187500e+02
2.907481384277343750e+02
2.906262817382812500e+02
2.905897521972656250e+02
2.904858093261718750e+02
2.905555114746093750e+02
2.905224304199218750e+02
2.905555114746093750e+02
2.902647399902343750e+02
2.907640075683593750e+02
2.906445617675781250e+02
2.908162841796875000e+02
2.905967102050781250e+02
2.903736877441406250e+02
2.906799011230468750e+02
2.904046936035156250e+02
2.905419311523437500e+02
2.903875122070312500e+02
2.907287597656250000e+02
2.906433715820312500e+02
2.905236206054687500e+02
2.906103820800781250e+02
2.906981201171875000e+02
2.903209533691406250e+02
2.906445617675781250e+02
2.906286621093750000e+02
2.906127014160156250e+02
2.904252624511718750e+02
2.905337219238281250e+02
2.906502990722656250e+02
2.905304565429687500e+02
2.905475769042968750e+02
2.903758850097656250e+02
2.905967102050781250e+02
2.904779052734375000e+02
2.905807495117187500e+02
2.905293273925781250e+02
2.904790039062500000e+02
2.902369689941406250e+02
2.904457702636718750e+02
2.905487060546875000e+02
2.905647277832031250e+02
2.903973999023437500e+02
2.904457702636718750e+02
2.905475769042968750e+02
2.905647277832031250e+02
2.903553771972656250e+02
2.903769836425781250e+02
2.904790039062500000e+02
2.906172485351562500e+02
2.907368164062500000e+02
2.904790039062500000e+02
2.907026672363281250e+02
2.906480407714843750e+02
2.906628417968750000e+02
2.904206848144531250e+02
2.901946411132812500e+02
2.903496398925781250e+02
2.908004150390625000e+02
2.907163391113281250e+02
2.906651306152343750e+02
2.908015747070312500e+02
2.909388427734375000e+02
2.908345031738281250e+02
2.906799011230468750e+02
2.907311096191406250e+02
2.906651306152343750e+02
2.905110473632812500e+02
2.907675170898437500e+02
2.908514709472656250e+02
2.907492980957031250e+02
2.906799011230468750e+02
2.906810302734375000e+02
2.904241638183593750e+02
2.906833496093750000e+02
2.906992797851562500e+02
2.904939270019531250e+02
2.908356323242187500e+02
2.907322998046875000e+02
2.908514709472656250e+02
2.907151794433593750e+02
2.907140502929687500e+02
2.906103820800781250e+02
2.908661499023437500e+02
2.907311096191406250e+02
2.906969604492187500e+02
2.907469482421875000e+02
2.906115417480468750e+02
2.908503112792968750e+02
2.908345031738281250e+02
2.906799011230468750e+02
2.908162841796875000e+02
2.909353027343750000e+02
2.908333129882812500e+02
2.909376831054687500e+02
2.907663574218750000e+02
2.909194641113281250e+02
2.909183349609375000e+02
2.907845764160156250e+02
2.907834167480468750e+02
2.907798461914062500e+02
2.907481384277343750e+02
2.903714294433593750e+02
2.904218750000000000e+02
2.906639709472656250e+02
2.908345031738281250e+02
2.906639709472656250e+02
2.907652282714843750e+02
2.908151245117187500e+02
2.908004150390625000e+02
2.907652282714843750e+02
2.908345031738281250e+02
2.907822570800781250e+02
2.907311096191406250e+02
2.906810302734375000e+02
2.907652282714843750e+02
2.906115417480468750e+02
2.907504577636718750e+02
2.907504577636718750e+02
2.905807495117187500e+02
2.907980957031250000e+02
2.905099487304687500e+02
2.908015747070312500e+02
2.907845764160156250e+02
2.907675170898437500e+02
2.908197937011718750e+02
2.907322998046875000e+02
2.906457214355468750e+02
2.906958007812500000e+02
2.906787109375000000e+02
2.907333984375000000e+02
2.907322998046875000e+02
2.906138000488281250e+02
2.906981201171875000e+02
2.905122070312500000e+02
2.906309509277343750e+02
2.905613403320312500e+02
2.907163391113281250e+02
2.907163391113281250e+02
2.906821899414062500e+02
2.907857055664062500e+02
2.905282287597656250e+02
2.905807495117187500e+02
2.905818481445312500e+02
2.906685180664062500e+02
2.906343078613281250e+02
2.904983520507812500e+02
2.903930664062500000e+02
2.905989685058593750e+02
2.906354370117187500e+02
2.906183166503906250e+02
2.904103088378906250e+02
2.906000976562500000e+02
2.904618530273437500e+02
2.903930664062500000e+02
2.903414611816406250e+02
2.905818481445312500e+02
2.904274902343750000e+02
2.906000976562500000e+02
2.904424438476562500e+02
2.902886962890625000e+02
2.905122070312500000e+02
2.904435424804687500e+02
2.905304565429687500e+02
2.905122070312500000e+02
2.906160888671875000e+02
2.904124755859375000e+02
2.903436279296875000e+02
2.905509033203125000e+02
2.904994506835937500e+02
2.906033630371093750e+02
2.904661865234375000e+02
2.906033630371093750e+02
2.905337219238281250e+02
2.905348510742187500e+02
2.905509033203125000e+02
2.904812011718750000e+02
2.906000976562500000e+02
2.906695861816406250e+02
2.904961547851562500e+02
2.905818481445312500e+02
2.904606933593750000e+02
2.905099487304687500e+02
2.906856079101562500e+02
2.906160888671875000e+02
2.905967102050781250e+02
2.902736816406250000e+02
2.905487060546875000e+02
2.906502990722656250e+02
2.907015686035156250e+02
2.906673889160156250e+02
2.906138000488281250e+02
2.907345275878906250e+02
2.907357177734375000e+02
2.906695861816406250e+02
2.906685180664062500e+02
2.906673889160156250e+02
2.906160888671875000e+02
2.903392944335937500e+02
2.903220520019531250e+02
2.902864685058593750e+02
2.906787109375000000e+02
2.906445617675781250e+02
2.906274414062500000e+02
2.907857055664062500e+02
2.907368164062500000e+02
2.905122070312500000e+02
2.906662597656250000e+02
2.906662597656250000e+02
2.906480407714843750e+02
2.907492980957031250e+02
2.906969604492187500e+02
2.907140502929687500e+02
2.907151794433593750e+02
2.908197937011718750e+02
2.907492980957031250e+02
2.908538513183593750e+02
2.908197937011718750e+02
2.906127014160156250e+02
2.907640075683593750e+02
2.907652282714843750e+02
2.907151794433593750e+02
2.907504577636718750e+02
2.907640075683593750e+02
2.904916381835937500e+02
2.908333129882812500e+02
2.908673400878906250e+02
2.906103820800781250e+02
2.907457580566406250e+02
2.907128601074218750e+02
2.905407409667968750e+02
2.907481384277343750e+02
2.906457214355468750e+02
2.907822570800781250e+02
2.907481384277343750e+02
2.907311096191406250e+02
2.907299194335937500e+02
2.907481384277343750e+02
2.906274414062500000e+02
2.903703002929687500e+02
2.905567016601562500e+02
2.905224304199218750e+02
2.904710388183593750e+02
2.903875122070312500e+02
2.907834167480468750e+02
2.904606933593750000e+02
2.908027343750000000e+02
2.906981201171875000e+02
2.905259399414062500e+02
2.904779052734375000e+02
2.907357177734375000e+02
2.907163391113281250e+02
2.906297912597656250e+02
2.907333984375000000e+02
2.907322998046875000e+02
2.906810302734375000e+02
2.903586730957031250e+02
2.905967102050781250e+02
2.905304565429687500e+02
2.905818481445312500e+02
2.904949951171875000e+02
2.904468688964843750e+02
2.903930664062500000e+02
2.904092102050781250e+02
2.904103088378906250e+02
2.906343078613281250e+02
2.906011962890625000e+02
2.903942260742187500e+02
2.905669555664062500e+02
2.906536560058593750e+02
2.905155334472656250e+02
2.905807495117187500e+02
2.904972534179687500e+02
2.903609008789062500e+02
2.905326538085937500e+02
2.905840454101562500e+02
2.905155334472656250e+02
2.906172485351562500e+02
2.903952636718750000e+02
2.906536560058593750e+02
2.906878356933593750e+02
2.906343078613281250e+02
2.903748168945312500e+02
