2.871390686035156250e+02
2.878895874023437500e+02
2.881012573242187500e+02
2.870822143554687500e+02
2.870822143554687500e+02
2.871908569335937500e+02
2.875664367675781250e+02
2.872974548339843750e+02
2.870263061523437500e+02
2.861524963378906250e+02
2.872967834472656250e+02
2.868093566894531250e+02
2.870804138183593750e+02
2.870816040039062500e+02
2.869191589355468750e+02
2.875645141601562500e+02
2.869179077148437500e+02
2.867555236816406250e+02
2.869721374511718750e+02
2.869179077148437500e+02
2.865367431640625000e+02
2.865914001464843750e+02
2.874573974609375000e+02
2.872961730957031250e+02
2.873493041992187500e+02
2.866459350585937500e+02
2.871351013183593750e+02
2.869727783203125000e+02
2.862642822265625000e+02
2.874043579101562500e+02
2.865914001464843750e+02
2.864826354980468750e+02
2.865373229980468750e+02
2.865373229980468750e+02
2.862626342773437500e+02
2.868636779785156250e+02
2.873499755859375000e+02
2.862081604003906250e+02
2.870263061523437500e+02
2.874049377441406250e+02
2.871356506347656250e+02
2.867566833496093750e+02
2.869208679199218750e+02
2.863192443847656250e+02
2.871344299316406250e+02
2.864819946289062500e+02
2.867549438476562500e+02
2.868093566894531250e+02
2.871884155273437500e+02
2.868093566894531250e+02
2.868630371093750000e+02
2.874567260742187500e+02
2.873499755859375000e+02
2.868093566894531250e+02
2.874036865234375000e+02
2.873499755859375000e+02
2.865919799804687500e+02
2.867010498046875000e+02
2.868099365234375000e+02
2.874049377441406250e+02
2.874579772949218750e+02
2.872435302734375000e+02
2.873524475097656250e+02
2.876205444335937500e+02
2.874592590332031250e+02
2.870822143554687500e+02
2.874055480957031250e+02
2.871914062500000000e+02
2.876205444335937500e+02
2.869733886718750000e+02
2.875116271972656250e+02
2.871356506347656250e+02
2.869739990234375000e+02
2.870292663574218750e+02
2.864831542968750000e+02
2.865924987792968750e+02
2.870275573730468750e+02
2.875122680664062500e+02
2.877273559570312500e+02
2.878333435058593750e+02
2.870810546875000000e+02
2.868099365234375000e+02
2.877267761230468750e+02
2.877261657714843750e+02
2.878858947753906250e+02
2.869727783203125000e+02
2.875664367675781250e+02
2.875134277343750000e+02
2.875682373046875000e+02
2.876746520996093750e+02
2.876739807128906250e+02
2.873529968261718750e+02
2.875140991210937500e+02
2.864843139648437500e+02
2.869739685058593750e+02
2.868660278320312500e+02
2.881541748046875000e+02
2.878357849121093750e+02
2.876763305664062500e+02
2.881547546386718750e+02
2.878890380859375000e+02
2.878883666992187500e+02
2.878345947265625000e+02
2.879940185546875000e+02
2.876746520996093750e+02
2.880470581054687500e+02
2.871908569335937500e+02
2.881522827148437500e+02
2.881522827148437500e+02
2.879946899414062500e+02
2.877297668457031250e+02
2.877308654785156250e+02
2.874637145996093750e+02
2.876239624023437500e+02
2.874627075195312500e+02
2.876239624023437500e+02
2.866507873535156250e+02
2.881012573242187500e+02
2.877291564941406250e+02
2.882064208984375000e+02
2.874061889648437500e+02
2.867027587890625000e+02
2.877819213867187500e+02
2.869761657714843750e+02
2.874078979492187500e+02
2.869219665527343750e+02
2.880488586425781250e+02
2.877830810546875000e+02
2.874084472656250000e+02
2.876223144531250000e+02
2.877813720703125000e+02
2.865942077636718750e+02
2.877291564941406250e+02
2.876217651367187500e+02
2.875140991210937500e+02
2.868660278320312500e+02
2.869173583984375000e+02
2.874586486816406250e+02
2.870816040039062500e+02
2.871356506347656250e+02
2.865924987792968750e+02
2.874061889648437500e+02
2.869739990234375000e+02
2.872980346679687500e+02
2.871362609863281250e+02
2.869191589355468750e+02
2.862092285156250000e+02
2.867555236816406250e+02
2.870810546875000000e+02
2.871896362304687500e+02
2.864260253906250000e+02
2.867555236816406250e+02
2.871356506347656250e+02
2.871896362304687500e+02
2.867033081054687500e+02
2.865373229980468750e+02
2.869191589355468750e+02
2.872967834472656250e+02
2.876720886230468750e+02
2.869191589355468750e+02
2.875651855468750000e+02
2.875670776367187500e+02
2.877285766601562500e+02
2.870849914550781250e+02
2.864872741699218750e+02
2.869776916503906250e+02
2.881000366210937500e+02
2.877807006835937500e+02
2.876205444335937500e+02
2.880464172363281250e+02
2.884152221679687500e+02
2.882057800292968750e+02
2.877819213867187500e+02
2.879415283203125000e+02
2.876205444335937500e+02
2.871368408203125000e+02
2.879403076171875000e+02
2.882586059570312500e+02
2.879409484863281250e+02
2.877819213867187500e+02
2.877280273437500000e+02
2.869208679199218750e+02
2.876199340820312500e+02
2.877273559570312500e+02
2.870828247070312500e+02
2.881522827148437500e+02
2.878878173828125000e+02
2.882586059570312500e+02
2.878345947265625000e+02
2.878883666992187500e+02
2.876223144531250000e+02
2.884178466796875000e+02
2.879415283203125000e+02
2.878351745605468750e+02
2.880482788085937500e+02
2.875682373046875000e+02
2.883119506835937500e+02
2.882057800292968750e+02
2.877819213867187500e+02
2.882064208984375000e+02
2.885747070312500000e+02
2.882592163085937500e+02
2.884684753417968750e+02
2.879940185546875000e+02
2.884691162109375000e+02
2.885222778320312500e+02
2.879934082031250000e+02
2.880470581054687500e+02
2.882076416015625000e+02
2.879946899414062500e+02
2.868127441406250000e+02
2.870303649902343750e+02
2.876746520996093750e+02
2.882057800292968750e+02
2.876746520996093750e+02
2.880476684570312500e+02
2.882598266601562500e+02
2.881000366210937500e+02
2.880476684570312500e+02
2.882057800292968750e+02
2.881006774902343750e+02
2.879415283203125000e+02
2.877280273437500000e+02
2.880476684570312500e+02
2.875682373046875000e+02
2.878872070312500000e+02
2.878872070312500000e+02
2.872980346679687500e+02
2.882070312500000000e+02
2.871914062500000000e+02
2.880464172363281250e+02
2.879934082031250000e+02
2.879403076171875000e+02
2.880457458496093750e+02
2.878878173828125000e+02
2.876752014160156250e+02
2.878890380859375000e+02
2.878357849121093750e+02
2.878339843750000000e+02
2.878878173828125000e+02
2.874598388671875000e+02
2.877813720703125000e+02
2.870822143554687500e+02
2.875134277343750000e+02
2.873529968261718750e+02
2.877807006835937500e+02
2.877807006835937500e+02
2.876739807128906250e+02
2.879396667480468750e+02
2.871908569335937500e+02
2.872980346679687500e+02
2.872435302734375000e+02
2.874579772949218750e+02
2.873506164550781250e+02
2.868636474609375000e+02
2.866471557617187500e+02
2.872974548339843750e+02
2.872961730957031250e+02
2.872423095703125000e+02
2.867016296386718750e+02
2.872429809570312500e+02
2.868648681640625000e+02
2.866471557617187500e+02
2.864831542968750000e+02
2.872435302734375000e+02
2.867561035156250000e+02
2.872429809570312500e+02
2.869203186035156250e+02
2.863741149902343750e+02
2.870822143554687500e+02
2.868654479980468750e+02
2.870816040039062500e+02
2.870822143554687500e+02
2.873512268066406250e+02
2.865914001464843750e+02
2.863724365234375000e+02
2.869715270996093750e+02
2.868086853027343750e+02
2.870791320800781250e+02
2.866447143554687500e+02
2.870791320800781250e+02
2.869173583984375000e+02
2.868624267578125000e+02
2.869715270996093750e+02
2.868093566894531250e+02
2.872429809570312500e+02
2.874036560058593750e+02
2.869733581542968750e+02
2.872435302734375000e+02
2.869197692871093750e+02
2.871914062500000000e+02
2.875116271972656250e+02
2.873512268066406250e+02
2.874061889648437500e+02
2.862081604003906250e+02
2.870810546875000000e+02
2.874586486816406250e+02
2.876193237304687500e+02
2.875122680664062500e+02
2.874598388671875000e+02
2.877800903320312500e+02
2.877261657714843750e+02
2.874036865234375000e+02
2.874579772949218750e+02
2.875122680664062500e+02
2.873512268066406250e+02
2.865936889648437500e+02
2.865389709472656250e+02
2.864848022460937500e+02
2.878357849121093750e+02
2.877291564941406250e+02
2.876758117675781250e+02
2.879396667480468750e+02
2.876720886230468750e+02
2.870822143554687500e+02
2.875664367675781250e+02
2.875664367675781250e+02
2.875670776367187500e+02
2.879409484863281250e+02
2.878352050781250000e+02
2.878883666992187500e+02
2.878345947265625000e+02
2.880457458496093750e+02
2.879409484863281250e+02
2.881516113281250000e+02
2.880457458496093750e+02
2.875140991210937500e+02
2.881012573242187500e+02
2.880476684570312500e+02
2.878345947265625000e+02
2.878872070312500000e+02
2.881012573242187500e+02
2.871919555664062500e+02
2.882592163085937500e+02
2.883645935058593750e+02
2.876223144531250000e+02
2.881018371582031250e+02
2.879421691894531250e+02
2.874621887207031250e+02
2.879946899414062500e+02
2.876752014160156250e+02
2.881006774902343750e+02
2.879946899414062500e+02
2.879415283203125000e+02
2.879952697753906250e+02
2.879946899414062500e+02
2.876758117675781250e+02
2.868676452636718750e+02
2.875699462890625000e+02
2.874627075195312500e+02
2.873013916015625000e+02
2.869219360351562500e+02
2.880470581054687500e+02
2.869197692871093750e+02
2.879927673339843750e+02
2.877813720703125000e+02
2.872997741699218750e+02
2.869739990234375000e+02
2.877261657714843750e+02
2.877807006835937500e+02
2.875676269531250000e+02
2.878339843750000000e+02
2.878878173828125000e+02
2.877280273437500000e+02
2.865378723144531250e+02
2.874061889648437500e+02
2.870816040039062500e+02
2.872435302734375000e+02
2.870281372070312500e+02
2.867004394531250000e+02
2.866471557617187500e+02
2.867566833496093750e+02
2.867016296386718750e+02
2.873506164550781250e+02
2.871884155273437500e+02
2.865919799804687500e+02
2.870804138183593750e+02
2.872955322265625000e+02
2.869179077148437500e+02
2.872980346679687500e+02
2.869185791015625000e+02
2.864272460937500000e+02
2.869721374511718750e+02
2.871343994140625000e+02
2.869179077148437500e+02
2.872967834472656250e+02
2.865367431640625000e+02
2.872955322265625000e+02
2.874030151367187500e+02
2.873506164550781250e+02
2.866476745605468750e+02
