2.868814948514619232e+02
2.892227354819468133e+02
2.898342324177114051e+02
2.880494207578203714e+02
2.880494207578203714e+02
2.880893689601125516e+02
2.890618712622355133e+02
2.886919808042976570e+02
2.872165699638961200e+02
2.844755988765877532e+02
2.881497250465068305e+02
2.871897687830579002e+02
2.873245431075903866e+02
2.877904552699957321e+02
2.873133567941502520e+02
2.882317606323042014e+02
2.871266568757815207e+02
2.866541543655472424e+02
2.872206867628279952e+02
2.871266568757815207e+02
2.851874211896641782e+02
2.852833091461615709e+02
2.882028668792171402e+02
2.881533423194812826e+02
2.881598694867218455e+02
2.856488568703661599e+02
2.875777237399042292e+02
2.873616004147816625e+02
2.860893516482431664e+02
2.881741241349502616e+02
2.852833091461615709e+02
2.855077108163728781e+02
2.858076364527452142e+02
2.858076364527452142e+02
2.845689239009392963e+02
2.870434669366374010e+02
2.881598694867218455e+02
2.851253425095613352e+02
2.872165699638961200e+02
2.887403649241242078e+02
2.877973970634051284e+02
2.870078110073953326e+02
2.871582007839361381e+02
2.859740801991523540e+02
2.872952838740624202e+02
2.848944491470512048e+02
2.863236120551407566e+02
2.871897687830579002e+02
2.873281668146693733e+02
2.871897687830579002e+02
2.870434669366374010e+02
2.882028668792171402e+02
2.881598694867218455e+02
2.871897687830579002e+02
2.882019961475995160e+02
2.881598694867218455e+02
2.859004200642884825e+02
2.866463282165257169e+02
2.873479961695791189e+02
2.887403649241242078e+02
2.881749948665678858e+02
2.883498071643795697e+02
2.888244265248226839e+02
2.891233141726507370e+02
2.889648203754574638e+02
2.880494207578203714e+02
2.889557029528251633e+02
2.881055931778406602e+02
2.891233141726507370e+02
2.874504589033778643e+02
2.881188759744313188e+02
2.877973970634051284e+02
2.877811715651300233e+02
2.877697422418654583e+02
2.860323756224602221e+02
2.863213520322647128e+02
2.874520104897177362e+02
2.886697312525365646e+02
2.893261520533943667e+02
2.896680162821447198e+02
2.875971384273613012e+02
2.873479961695791189e+02
2.893095152281524634e+02
2.886293373976682801e+02
2.896632307445166816e+02
2.873616004147816625e+02
2.890618712622355133e+02
2.890063042838954743e+02
2.890038761751868606e+02
2.892894239100664322e+02
2.893050754461515339e+02
2.888110164718410147e+02
2.889843341047948684e+02
2.862988818436877523e+02
2.877811715651300233e+02
2.873220280490032792e+02
2.898416258213019887e+02
2.893305118706249459e+02
2.884918784454175693e+02
2.897835421234269120e+02
2.894693224693598381e+02
2.896660104601278931e+02
2.896003076149177673e+02
2.899123990039498153e+02
2.892894239100664322e+02
2.900365585625258973e+02
2.880893689601125516e+02
2.901290850021914594e+02
2.901290850021914594e+02
2.898918528137947419e+02
2.884969246691829881e+02
2.884641770469353332e+02
2.879958755360707414e+02
2.885433389076540038e+02
2.880728201414259502e+02
2.885433389076540038e+02
2.856475800088834376e+02
2.898342324177114051e+02
2.887679905644478708e+02
2.901251604120312777e+02
2.889520386742234450e+02
2.869668721255351898e+02
2.894644726934577648e+02
2.871770768888745238e+02
2.884063732450469502e+02
2.864277716934032583e+02
2.897693433688720575e+02
2.888008438166430096e+02
2.881521291828480003e+02
2.887425699868010724e+02
2.895140827683151770e+02
2.863318569453286955e+02
2.887679905644478708e+02
2.890765590179341871e+02
2.889843341047948684e+02
2.873220280490032792e+02
2.871266568757815207e+02
2.887424175229975845e+02
2.877904552699957321e+02
2.877973970634051284e+02
2.863213520322647128e+02
2.889520386742234450e+02
2.877811715651300233e+02
2.888180766170796119e+02
2.880837452238391165e+02
2.873133567941502520e+02
2.860231132966212613e+02
2.866541543655472424e+02
2.875971384273613012e+02
2.878360977851264124e+02
2.848959409214454013e+02
2.866541543655472424e+02
2.877973970634051284e+02
2.878360977851264124e+02
2.866478742550884817e+02
2.858076364527452142e+02
2.873133567941502520e+02
2.881497250465068305e+02
2.884658883233918232e+02
2.873133567941502520e+02
2.881870547192834806e+02
2.890605507797111500e+02
2.892773130875031029e+02
2.868014218600738445e+02
2.870437106696322758e+02
2.868019611287074326e+02
2.900362689123074347e+02
2.895804499965871059e+02
2.891233141726507370e+02
2.900964911270814355e+02
2.904341039365633037e+02
2.902130051093379848e+02
2.894644726934577648e+02
2.898498888582676614e+02
2.891233141726507370e+02
2.880614874729071744e+02
2.898995008884479603e+02
2.903015012896070743e+02
2.898680132454840077e+02
2.894644726934577648e+02
2.893068968359550581e+02
2.871582007839361381e+02
2.891220049445419136e+02
2.893261520533943667e+02
2.880222569846853844e+02
2.901290850021914594e+02
2.897039466413435207e+02
2.903015012896070743e+02
2.896003076149177673e+02
2.896660104601278931e+02
2.887425699868010724e+02
2.901795881508106731e+02
2.898498888582676614e+02
2.895499181395974233e+02
2.898327616585467581e+02
2.890038761751868606e+02
2.902745862208666949e+02
2.902130051093379848e+02
2.894644726934577648e+02
2.901251604120312777e+02
2.902181881267517269e+02
2.902080121221866307e+02
2.906286817314899622e+02
2.899123990039498153e+02
2.904351383125360826e+02
2.902911709437848344e+02
2.899328779834943930e+02
2.900365585625258973e+02
2.899606309864070113e+02
2.898918528137947419e+02
2.870173081632219692e+02
2.871939535505268850e+02
2.892894239100664322e+02
2.902130051093379848e+02
2.892894239100664322e+02
2.899915280333992769e+02
2.900858478559893001e+02
2.900362689123074347e+02
2.899915280333992769e+02
2.902130051093379848e+02
2.899912383831809279e+02
2.898498888582676614e+02
2.893068968359550581e+02
2.899915280333992769e+02
2.890038761751868606e+02
2.897676496362279295e+02
2.897676496362279295e+02
2.888180766170796119e+02
2.899825231304928366e+02
2.881055931778406602e+02
2.900964911270814355e+02
2.899328779834943930e+02
2.898995008884479603e+02
2.899934114395314850e+02
2.897039466413435207e+02
2.892605979860118737e+02
2.894693224693598381e+02
2.893305118706249459e+02
2.896728348875733445e+02
2.897039466413435207e+02
2.889600466049235479e+02
2.895140827683151770e+02
2.880494207578203714e+02
2.890063042838954743e+02
2.888110164718410147e+02
2.895804499965871059e+02
2.895804499965871059e+02
2.893050754461515339e+02
2.898726407831808842e+02
2.880893689601125516e+02
2.888180766170796119e+02
2.883498071643795697e+02
2.881749948665678858e+02
2.881503972645580234e+02
2.870434669366374010e+02
2.865607331315088686e+02
2.886919808042976570e+02
2.881533423194812826e+02
2.878489391673938371e+02
2.868790751611581413e+02
2.879624015997682136e+02
2.872657471343010798e+02
2.865607331315088686e+02
2.860323756224602221e+02
2.883498071643795697e+02
2.868830098327206315e+02
2.879624015997682136e+02
2.874085029366778485e+02
2.860391775753070647e+02
2.880494207578203714e+02
2.873709478541703106e+02
2.877904552699957321e+02
2.880494207578203714e+02
2.887053037079995761e+02
2.852833091461615709e+02
2.845297817576893067e+02
2.872206867628279952e+02
2.871897687830579002e+02
2.873245431075903866e+02
2.856488568703661599e+02
2.873245431075903866e+02
2.871266568757815207e+02
2.870434669366374010e+02
2.872206867628279952e+02
2.871897687830579002e+02
2.879624015997682136e+02
2.882019961475995160e+02
2.874504589033778643e+02
2.883498071643795697e+02
2.874522755158619134e+02
2.881055931778406602e+02
2.881188759744313188e+02
2.887053037079995761e+02
2.889520386742234450e+02
2.851253425095613352e+02
2.875971384273613012e+02
2.887424175229975845e+02
2.886727539761330377e+02
2.886697312525365646e+02
2.889600466049235479e+02
2.895685759979201634e+02
2.886293373976682801e+02
2.882019961475995160e+02
2.881749948665678858e+02
2.886697312525365646e+02
2.887053037079995761e+02
2.865022003296503499e+02
2.864562858407765020e+02
2.862817824070432380e+02
2.893305118706249459e+02
2.887679905644478708e+02
2.887527113387071154e+02
2.898726407831808842e+02
2.884658883233918232e+02
2.880494207578203714e+02
2.890618712622355133e+02
2.890618712622355133e+02
2.890605507797111500e+02
2.898680132454840077e+02
2.895499181395974233e+02
2.896660104601278931e+02
2.896003076149177673e+02
2.899934114395314850e+02
2.898680132454840077e+02
2.899961611491236226e+02
2.899934114395314850e+02
2.889843341047948684e+02
2.898342324177114051e+02
2.899915280333992769e+02
2.896003076149177673e+02
2.897676496362279295e+02
2.898342324177114051e+02
2.875032111363212266e+02
2.902080121221866307e+02
2.902938532127166127e+02
2.887425699868010724e+02
2.897716165988557577e+02
2.896572553968778152e+02
2.881646837311645868e+02
2.898918528137947419e+02
2.892605979860118737e+02
2.899912383831809279e+02
2.898918528137947419e+02
2.898498888582676614e+02
2.896840882372104033e+02
2.898918528137947419e+02
2.887527113387071154e+02
2.863940510038182765e+02
2.884624204532491945e+02
2.880728201414259502e+02
2.875266912187090043e+02
2.864277716934032583e+02
2.900365585625258973e+02
2.874522755158619134e+02
2.898918637129398235e+02
2.895140827683151770e+02
2.878812690568386188e+02
2.877811715651300233e+02
2.886293373976682801e+02
2.895804499965871059e+02
2.890429080968543190e+02
2.896728348875733445e+02
2.897039466413435207e+02
2.893068968359550581e+02
2.862445617329230458e+02
2.889520386742234450e+02
2.877904552699957321e+02
2.883498071643795697e+02
2.877823296082967772e+02
2.863049242766186353e+02
2.865607331315088686e+02
2.870078110073953326e+02
2.868790751611581413e+02
2.881503972645580234e+02
2.873281668146693733e+02
2.859004200642884825e+02
2.873245431075903866e+02
2.881533423194812826e+02
2.871266568757815207e+02
2.888180766170796119e+02
2.872523853663736872e+02
2.848959409214454013e+02
2.872206867628279952e+02
2.872952838740624202e+02
2.871266568757815207e+02
2.881497250465068305e+02
2.851874211896641782e+02
2.881533423194812826e+02
2.882019961475995160e+02
2.881503972645580234e+02
2.867344495922637861e+02
