2.887746887207031250e+02
2.887746887207031250e+02
2.888081970214843750e+02
2.889418945312500000e+02
2.889418945312500000e+02
2.889085083007812500e+02
2.889418945312500000e+02
2.889753112792968750e+02
2.890419921875000000e+02
2.890419921875000000e+02
2.890086669921875000e+02
2.890419921875000000e+02
2.890419921875000000e+02
2.889753112792968750e+02
2.889753112792968750e+02
2.890419921875000000e+02
2.890419921875000000e+02
2.890086669921875000e+02
2.890419921875000000e+02
2.890419921875000000e+02
2.890419921875000000e+02
2.890419921875000000e+02
2.890419921875000000e+02
2.890419921875000000e+02
2.890753173828125000e+02
2.890419921875000000e+02
2.890086669921875000e+02
2.890086669921875000e+02
2.889418945312500000e+02
2.890086669921875000e+02
2.890419921875000000e+02
2.890086669921875000e+02
2.890086669921875000e+02
2.890086669921875000e+02
2.890419921875000000e+02
2.890419921875000000e+02
2.890419921875000000e+02
2.890086669921875000e+02
2.890419921875000000e+02
2.889753112792968750e+02
2.889753112792968750e+02
2.889418945312500000e+02
2.888750610351562500e+02
2.889418945312500000e+02
2.890419921875000000e+02
2.890419921875000000e+02
2.890419921875000000e+02
2.890419921875000000e+02
2.890419921875000000e+02
2.890419921875000000e+02
2.890753173828125000e+02
2.890753173828125000e+02
2.890419921875000000e+02
2.890419921875000000e+02
2.890419921875000000e+02
2.890419921875000000e+02
2.890086669921875000e+02
2.890086669921875000e+02
2.890086669921875000e+02
2.889753112792968750e+02
2.890086669921875000e+02
2.889753112792968750e+02
2.889085083007812500e+02
2.889085083007812500e+02
2.889418945312500000e+02
2.889418945312500000e+02
2.889418945312500000e+02
2.888750610351562500e+02
2.889085083007812500e+02
2.889753112792968750e+02
2.890086669921875000e+02
2.889753112792968750e+02
2.889418945312500000e+02
2.888750610351562500e+02
2.889753112792968750e+02
2.889753112792968750e+02
2.889753112792968750e+02
2.889753112792968750e+02
2.889085083007812500e+02
2.889418945312500000e+02
2.890086669921875000e+02
2.890086669921875000e+02
2.889418945312500000e+02
2.889753112792968750e+02
2.889753112792968750e+02
2.890086669921875000e+02
2.889418945312500000e+02
2.889085083007812500e+02
2.888416748046875000e+02
2.888750610351562500e+02
2.889085083007812500e+02
2.888750610351562500e+02
2.888750610351562500e+02
2.889085083007812500e+02
2.889418945312500000e+02
2.889085083007812500e+02
2.888081970214843750e+02
2.888081970214843750e+02
2.887746887207031250e+02
2.887746887207031250e+02
2.888081970214843750e+02
2.888416748046875000e+02
2.888750610351562500e+02
2.888750610351562500e+02
2.888750610351562500e+02
2.888750610351562500e+02
2.889085083007812500e+02
2.889085083007812500e+02
2.889085083007812500e+02
2.888416748046875000e+02
2.887746887207031250e+02
2.887076721191406250e+02
2.886741333007812500e+02
2.887076721191406250e+02
2.887411804199218750e+02
2.887076721191406250e+02
2.887411804199218750e+02
2.888081970214843750e+02
2.888081970214843750e+02
2.888416748046875000e+02
2.889085083007812500e+02
2.889085083007812500e+02
2.888416748046875000e+02
2.888081970214843750e+02
2.888081970214843750e+02
2.888081970214843750e+02
2.887746887207031250e+02
2.887746887207031250e+02
2.887746887207031250e+02
2.888081970214843750e+02
2.888750610351562500e+02
2.888750610351562500e+02
2.888081970214843750e+02
2.888416748046875000e+02
2.888750610351562500e+02
2.889085083007812500e+02
2.890753173828125000e+02
2.889753112792968750e+02
2.889753112792968750e+02
2.889753112792968750e+02
2.889753112792968750e+02
2.889085083007812500e+02
2.889418945312500000e+02
2.889418945312500000e+02
2.889418945312500000e+02
2.889753112792968750e+02
2.889418945312500000e+02
2.890086669921875000e+02
2.890086669921875000e+02
2.889753112792968750e+02
2.891086425781250000e+02
2.890086669921875000e+02
2.889753112792968750e+02
2.889753112792968750e+02
2.888750610351562500e+02
2.890086669921875000e+02
2.889753112792968750e+02
2.890086669921875000e+02
2.890086669921875000e+02
2.889753112792968750e+02
2.890086669921875000e+02
2.889085083007812500e+02
2.888416748046875000e+02
2.887746887207031250e+02
2.887076721191406250e+02
2.887076721191406250e+02
2.888750610351562500e+02
2.889085083007812500e+02
2.889085083007812500e+02
2.889085083007812500e+02
2.889418945312500000e+02
2.888750610351562500e+02
2.888416748046875000e+02
2.888416748046875000e+02
2.889085083007812500e+02
2.889085083007812500e+02
2.889085083007812500e+02
2.888750610351562500e+02
2.888750610351562500e+02
2.888416748046875000e+02
2.888750610351562500e+02
2.888750610351562500e+02
2.889418945312500000e+02
2.889085083007812500e+02
2.889085083007812500e+02
2.889085083007812500e+02
2.888750610351562500e+02
2.888750610351562500e+02
2.888750610351562500e+02
2.888416748046875000e+02
2.888081970214843750e+02
2.888081970214843750e+02
2.888416748046875000e+02
2.888416748046875000e+02
2.888081970214843750e+02
2.888416748046875000e+02
2.888416748046875000e+02
2.888750610351562500e+02
2.888416748046875000e+02
2.888416748046875000e+02
2.888416748046875000e+02
2.888416748046875000e+02
2.889085083007812500e+02
2.888750610351562500e+02
2.888750610351562500e+02
2.888416748046875000e+02
2.889085083007812500e+02
2.888750610351562500e+02
2.887746887207031250e+02
2.888416748046875000e+02
2.888416748046875000e+02
2.888081970214843750e+02
2.888750610351562500e+02
2.888750610351562500e+02
2.888750610351562500e+02
2.888416748046875000e+02
2.888081970214843750e+02
2.888750610351562500e+02
2.888416748046875000e+02
2.888750610351562500e+02
2.888416748046875000e+02
2.888416748046875000e+02
2.888750610351562500e+02
2.888416748046875000e+02
2.888416748046875000e+02
2.889085083007812500e+02
2.889085083007812500e+02
2.889418945312500000e+02
2.888081970214843750e+02
2.888750610351562500e+02
2.889085083007812500e+02
2.889085083007812500e+02
2.889085083007812500e+02
2.889418945312500000e+02
2.888750610351562500e+02
2.888416748046875000e+02
2.888081970214843750e+02
2.888081970214843750e+02
2.889085083007812500e+02
2.888750610351562500e+02
2.889085083007812500e+02
2.888750610351562500e+02
2.889418945312500000e+02
2.889085083007812500e+02
2.888750610351562500e+02
2.889085083007812500e+02
2.889085083007812500e+02
2.889085083007812500e+02
2.889418945312500000e+02
2.889085083007812500e+02
2.889418945312500000e+02
2.889753112792968750e+02
2.890086669921875000e+02
2.890086669921875000e+02
2.890419921875000000e+02
2.889753112792968750e+02
2.889753112792968750e+02
2.890419921875000000e+02
2.890419921875000000e+02
2.889753112792968750e+02
2.890086669921875000e+02
2.889753112792968750e+02
2.889753112792968750e+02
2.889753112792968750e+02
2.889753112792968750e+02
2.889753112792968750e+02
2.890086669921875000e+02
2.889085083007812500e+02
2.889418945312500000e+02
2.889418945312500000e+02
2.889418945312500000e+02
2.889753112792968750e+02
2.889418945312500000e+02
2.889753112792968750e+02
2.890419921875000000e+02
2.890419921875000000e+02
2.890753173828125000e+02
2.890753173828125000e+02
2.891086425781250000e+02
2.891086425781250000e+02
2.891086425781250000e+02
2.890753173828125000e+02
2.891086425781250000e+02
2.890753173828125000e+02
2.890419921875000000e+02
2.890086669921875000e+02
2.890419921875000000e+02
2.889753112792968750e+02
2.889753112792968750e+02
2.889418945312500000e+02
2.888750610351562500e+02
2.890086669921875000e+02
2.889753112792968750e+02
2.889085083007812500e+02
2.890086669921875000e+02
2.890086669921875000e+02
2.889753112792968750e+02
2.889753112792968750e+02
2.889753112792968750e+02
2.889085083007812500e+02
2.889418945312500000e+02
2.889753112792968750e+02
2.890419921875000000e+02
2.890086669921875000e+02
2.889753112792968750e+02
2.889753112792968750e+02
2.889085083007812500e+02
2.889085083007812500e+02
2.888750610351562500e+02
2.888081970214843750e+02
2.888081970214843750e+02
2.888081970214843750e+02
2.889418945312500000e+02
2.890086669921875000e+02
2.889418945312500000e+02
2.889418945312500000e+02
2.889418945312500000e+02
2.889085083007812500e+02
2.888750610351562500e+02
2.888416748046875000e+02
2.888416748046875000e+02
2.888750610351562500e+02
2.889418945312500000e+02
2.888750610351562500e+02
2.889418945312500000e+02
2.889418945312500000e+02
2.888750610351562500e+02
2.888081970214843750e+02
2.888416748046875000e+02
2.888750610351562500e+02
2.889085083007812500e+02
2.888081970214843750e+02
2.888416748046875000e+02
2.888416748046875000e+02
2.888416748046875000e+02
2.888081970214843750e+02
2.887746887207031250e+02
2.888081970214843750e+02
2.887746887207031250e+02
2.888416748046875000e+02
2.888416748046875000e+02
2.888416748046875000e+02
2.888416748046875000e+02
2.888416748046875000e+02
2.888081970214843750e+02
2.888416748046875000e+02
2.888081970214843750e+02
2.888081970214843750e+02
2.887411804199218750e+02
2.887411804199218750e+02
2.887411804199218750e+02
2.888081970214843750e+02
2.888750610351562500e+02
2.889418945312500000e+02
2.889418945312500000e+02
2.888750610351562500e+02
2.888416748046875000e+02
2.889418945312500000e+02
2.889753112792968750e+02
2.889085083007812500e+02
2.888750610351562500e+02
2.889085083007812500e+02
2.888750610351562500e+02
2.888750610351562500e+02
2.889753112792968750e+02
2.889085083007812500e+02
2.889753112792968750e+02
2.889753112792968750e+02
2.889418945312500000e+02
2.890419921875000000e+02
2.889753112792968750e+02
2.889418945312500000e+02
2.889753112792968750e+02
2.890086669921875000e+02
2.890419921875000000e+02
2.890086669921875000e+02
2.890419921875000000e+02
2.890753173828125000e+02
2.890419921875000000e+02
2.889418945312500000e+02
2.890086669921875000e+02
2.890419921875000000e+02
2.890419921875000000e+02
2.890419921875000000e+02
2.890419921875000000e+02
2.890086669921875000e+02
2.890419921875000000e+02
2.890753173828125000e+02
2.890753173828125000e+02
2.890086669921875000e+02
2.889419250488281250e+02
