2.870238105096198638e+02
2.893242305038785958e+02
2.900291911972191770e+02
2.883137561755243610e+02
2.883137561755243610e+02
2.885759164734120645e+02
2.892512180514790430e+02
2.885714616754247572e+02
2.872083686183883060e+02
2.861217608060805446e+02
2.881552009461992157e+02
2.866633166809299382e+02
2.873483959497897331e+02
2.880610462842250854e+02
2.875590550658436655e+02
2.884230598727391452e+02
2.869292561515784996e+02
2.866584740771135671e+02
2.870680974001746222e+02
2.869292561515784996e+02
2.861591355032907700e+02
2.862340376124186037e+02
2.882244470288071057e+02
2.878796830922414642e+02
2.880065577344311691e+02
2.863236449505761811e+02
2.877693189789337680e+02
2.873100407013881750e+02
2.861725439449714372e+02
2.883657702680622492e+02
2.862340376124186037e+02
2.860098770859613637e+02
2.861107466353782343e+02
2.861107466353782343e+02
2.860428333921981334e+02
2.867936788725935457e+02
2.880006075618127284e+02
2.858098908264362308e+02
2.872083686183883060e+02
2.887546821670048871e+02
2.882075362773978782e+02
2.872304810577687135e+02
2.874089630324444897e+02
2.862066881331397212e+02
2.874866980494658719e+02
2.861003396776480372e+02
2.865401856139695269e+02
2.866633166809299382e+02
2.876220069257227010e+02
2.866633166809299382e+02
2.869994382486882500e+02
2.882238407715593667e+02
2.880006075618127284e+02
2.866633166809299382e+02
2.881156195565400253e+02
2.880006075618127284e+02
2.862284359112311449e+02
2.865049283245397760e+02
2.868185039124370519e+02
2.887546821670048871e+02
2.884581211532789666e+02
2.884627905539153971e+02
2.889585038235468915e+02
2.894282864465253624e+02
2.891050503283372564e+02
2.883137561755243610e+02
2.890245624883682467e+02
2.883772829642857687e+02
2.894282864465253624e+02
2.877350095070446514e+02
2.885429116110415180e+02
2.882075362773978782e+02
2.879765002990112635e+02
2.878166247217797036e+02
2.862232281815255988e+02
2.864998691460339160e+02
2.879030295088822982e+02
2.889022044969306648e+02
2.896111307062068931e+02
2.896266918762080991e+02
2.876229913325730649e+02
2.868185039124370519e+02
2.894671643970006016e+02
2.891479771365839611e+02
2.893339611871792840e+02
2.873100407013881750e+02
2.892512180514790430e+02
2.892516312383865511e+02
2.890699394624722913e+02
2.894614514453256788e+02
2.895180967232773810e+02
2.888218851962484450e+02
2.891627583039501133e+02
2.864836052925375611e+02
2.879765002990112635e+02
2.875116038515610057e+02
2.901287339387228599e+02
2.894120682167552445e+02
2.887188503658664445e+02
2.900544142717038767e+02
2.895425508812532485e+02
2.897206483472006653e+02
2.897713416241305140e+02
2.900952961804013057e+02
2.894614514453256788e+02
2.901989427102873265e+02
2.885759164734120645e+02
2.904317274065954280e+02
2.904317274065954280e+02
2.899361221976478760e+02
2.888659127733251353e+02
2.884809949037344268e+02
2.882371484097873235e+02
2.882776743859244561e+02
2.879181158979910720e+02
2.882776743859244561e+02
2.854105813247355172e+02
2.900291911972191770e+02
2.891531683006145954e+02
2.902851329815865711e+02
2.890633885786601240e+02
2.869716075149818835e+02
2.895012368681020689e+02
2.867501733750010544e+02
2.883512823033955215e+02
2.865253217042889560e+02
2.897834962584792606e+02
2.890159103732177073e+02
2.879727977207644471e+02
2.888980580347724754e+02
2.896653803254746435e+02
2.864404641573429444e+02
2.891531683006145954e+02
2.891786386638118529e+02
2.891627583039501133e+02
2.875116038515610057e+02
2.870992516800579324e+02
2.888320320246015740e+02
2.880610462842250854e+02
2.882075362773978782e+02
2.864998691460339160e+02
2.890633885786601240e+02
2.879765002990112635e+02
2.888370897975270282e+02
2.884647108206575012e+02
2.875590550658436655e+02
2.861617146203541324e+02
2.866584740771135671e+02
2.876229913325730649e+02
2.883415632734261180e+02
2.871994039199167901e+02
2.866584740771135671e+02
2.882075362773978782e+02
2.883415632734261180e+02
2.866805986651251033e+02
2.861107466353782343e+02
2.875590550658436655e+02
2.881552009461992157e+02
2.887616672844420691e+02
2.875590550658436655e+02
2.886211050991220191e+02
2.893401592580691499e+02
2.893929808400833963e+02
2.868044131861554433e+02
2.858754738035465834e+02
2.866677576606052185e+02
2.902963196007329998e+02
2.897082626257356424e+02
2.894282864465253624e+02
2.902358415426682541e+02
2.904230600914937668e+02
2.904620160571085421e+02
2.895012368681020689e+02
2.898297810547558697e+02
2.894282864465253624e+02
2.884224133241470440e+02
2.900220111008811728e+02
2.905258086121981478e+02
2.899879685289043323e+02
2.895012368681020689e+02
2.895621185170840590e+02
2.874089630324444897e+02
2.893216467508263463e+02
2.896111307062068931e+02
2.882563547838316822e+02
2.904317274065954280e+02
2.898793306048590921e+02
2.905258086121981478e+02
2.897713416241305140e+02
2.897206483472006653e+02
2.888980580347724754e+02
2.903781903362996673e+02
2.898297810547558697e+02
2.896106764788062264e+02
2.899179712238907314e+02
2.890699394624722913e+02
2.903827830616171468e+02
2.904620160571085421e+02
2.895012368681020689e+02
2.902851329815865711e+02
2.903499402428456051e+02
2.903417643452759762e+02
2.907218766723228214e+02
2.900952961804013057e+02
2.906227067474297314e+02
2.903857414457293658e+02
2.901298517283891556e+02
2.901989427102873265e+02
2.901693026188576141e+02
2.899361221976478760e+02
2.865989208607181240e+02
2.869790613851070589e+02
2.894614514453256788e+02
2.904620160571085421e+02
2.894614514453256788e+02
2.900373235747256899e+02
2.902828009563278329e+02
2.902963196007329998e+02
2.900373235747256899e+02
2.904620160571085421e+02
2.901308527861027642e+02
2.898297810547558697e+02
2.895621185170840590e+02
2.900373235747256899e+02
2.890699394624722913e+02
2.899146460660189746e+02
2.899146460660189746e+02
2.888370897975270282e+02
2.902139934930008280e+02
2.883772829642857687e+02
2.902358415426682541e+02
2.901298517283891556e+02
2.900220111008811728e+02
2.899818824581535637e+02
2.898793306048590921e+02
2.892857630334915484e+02
2.895425508812532485e+02
2.894120682167552445e+02
2.898096338855612544e+02
2.898793306048590921e+02
2.891602470853160867e+02
2.896653803254746435e+02
2.883137561755243610e+02
2.892516312383865511e+02
2.888218851962484450e+02
2.897082626257356424e+02
2.897082626257356424e+02
2.895180967232773810e+02
2.898011309229361814e+02
2.885759164734120645e+02
2.888370897975270282e+02
2.884627905539153971e+02
2.884581211532789666e+02
2.882650133078691965e+02
2.867936788725935457e+02
2.866604787667038181e+02
2.885714616754247572e+02
2.878796830922414642e+02
2.877532770389632333e+02
2.868319101192873859e+02
2.880359523387737113e+02
2.873777112675296053e+02
2.866604787667038181e+02
2.862232281815255988e+02
2.884627905539153971e+02
2.870108528954056055e+02
2.880359523387737113e+02
2.877034322633746228e+02
2.862644784058848018e+02
2.883137561755243610e+02
2.876069906917796288e+02
2.880610462842250854e+02
2.883137561755243610e+02
2.886683503794047851e+02
2.862340376124186037e+02
2.860351159774035636e+02
2.872049304916821484e+02
2.869067846577556224e+02
2.877364611394722260e+02
2.872556643907354328e+02
2.877364611394722260e+02
2.870992516800579324e+02
2.874460248905393769e+02
2.872049304916821484e+02
2.866633166809299382e+02
2.880359523387737113e+02
2.881156195565400253e+02
2.877350095070446514e+02
2.884627905539153971e+02
2.877943584417479883e+02
2.883772829642857687e+02
2.885429116110415180e+02
2.886683503794047851e+02
2.890633885786601240e+02
2.858098908264362308e+02
2.876229913325730649e+02
2.888320320246015740e+02
2.890286009707909329e+02
2.889022044969306648e+02
2.891602470853160867e+02
2.895448848959713928e+02
2.891479771365839611e+02
2.881156195565400253e+02
2.884581211532789666e+02
2.889022044969306648e+02
2.886683503794047851e+02
2.866833078353551514e+02
2.865712082801845213e+02
2.863211328142244838e+02
2.894120682167552445e+02
2.891531683006145954e+02
2.890254802784384083e+02
2.898011309229361814e+02
2.887616672844420691e+02
2.883137561755243610e+02
2.892512180514790430e+02
2.892512180514790430e+02
2.893401592580691499e+02
2.899879685289043323e+02
2.896106764788062264e+02
2.897206483472006653e+02
2.897713416241305140e+02
2.899818824581535637e+02
2.899879685289043323e+02
2.901532978997134933e+02
2.899818824581535637e+02
2.891627583039501133e+02
2.900291911972191770e+02
2.900373235747256899e+02
2.897713416241305140e+02
2.899146460660189746e+02
2.900291911972191770e+02
2.880674848010846176e+02
2.903417643452759762e+02
2.904074776077790148e+02
2.888980580347724754e+02
2.899247149727210058e+02
2.896719001739768373e+02
2.881310052829503547e+02
2.899361221976478760e+02
2.892857630334915484e+02
2.901308527861027642e+02
2.899361221976478760e+02
2.898297810547558697e+02
2.897979204586093829e+02
2.899361221976478760e+02
2.890254802784384083e+02
2.863106257758462903e+02
2.881908178273067165e+02
2.879181158979910720e+02
2.874584795924599803e+02
2.865253217042889560e+02
2.901989427102873265e+02
2.877943584417479883e+02
2.898915730417942882e+02
2.896653803254746435e+02
2.884178706508682808e+02
2.879765002990112635e+02
2.891479771365839611e+02
2.897082626257356424e+02
2.892636537135221033e+02
2.898096338855612544e+02
2.898793306048590921e+02
2.895621185170840590e+02
2.863531869126713332e+02
2.890633885786601240e+02
2.880610462842250854e+02
2.884627905539153971e+02
2.881504376829326475e+02
2.864263072945254294e+02
2.866604787667038181e+02
2.872304810577687135e+02
2.868319101192873859e+02
2.882650133078691965e+02
2.876220069257227010e+02
2.862284359112311449e+02
2.873483959497897331e+02
2.878931447139095781e+02
2.869292561515784996e+02
2.888370897975270282e+02
2.871468996507812221e+02
2.860587488379854335e+02
2.870680974001746222e+02
2.874866980494658719e+02
2.869292561515784996e+02
2.881552009461992157e+02
2.861591355032907700e+02
2.878931447139095781e+02
2.881170594224487900e+02
2.882650133078691965e+02
2.868765198833305021e+02
